# variable: Momentary Wind Speed at 10m
# units: km/h
# 
| fcst_hour |     1 |     2 |     3 |     4 |     5 |     6 |     7 |     8 |     9 |    10 |    11 |    12 |    13 |    14 |    15 |    16 |    17 |    18 |    19 |    20 |    21 |    22 |    23 |    24 |    25 |    26 |    27 |    28 |    29 |    30 |    31 |    32 |    33 |    34 |    35 |    36 |    37 |    38 |    39 |    40 |
|         0 |  2.95 |  3.01 |  3.14 |  4.70 |  4.47 |  3.79 |  1.47 |  3.17 |  1.68 |  3.09 |  2.52 |  3.31 |  2.18 |  3.04 |  2.38 |  3.27 |  4.22 |  4.46 |  4.37 |  3.60 |  2.27 |  3.20 |  4.31 |  4.35 |  3.59 |  3.70 |  3.92 |  3.34 |  3.67 |  3.81 |  4.15 |  3.05 |  3.35 |  3.83 |  2.98 |  3.94 |  3.49 |  3.98 |  3.98 |  3.22 |
|         1 |  3.29 |  2.89 |  4.00 |  4.53 |  4.62 |  4.28 |  2.08 |  3.70 |  2.23 |  3.48 |  2.61 |  3.17 |  2.42 |  3.15 |  2.43 |  3.51 |  4.34 |  4.46 |  4.55 |  3.82 |  2.76 |  3.56 |  4.47 |  4.53 |  3.85 |  3.94 |  3.83 |  3.94 |  4.16 |  3.77 |  3.91 |  3.91 |  3.68 |  3.76 |  3.49 |  3.88 |  3.83 |  3.82 |  4.17 |  4.04 |
|         2 |  3.43 |  2.33 |  3.69 |  4.05 |  4.82 |  4.35 |  1.90 |  3.24 |  2.43 |  3.77 |  2.36 |  3.16 |  2.75 |  2.70 |  2.68 |  3.42 |  3.58 |  3.95 |  4.27 |  3.24 |  3.02 |  3.26 |  4.32 |  4.12 |  3.63 |  3.80 |  3.42 |  3.62 |  4.22 |  3.22 |  3.60 |  4.08 |  3.30 |  3.60 |  3.25 |  3.44 |  3.87 |  3.42 |  4.20 |  3.55 |
|         3 |  3.21 |  1.64 |  3.76 |  4.57 |  4.67 |  3.86 |  0.52 |  3.48 |  2.52 |  3.57 |  2.62 |  3.23 |  3.52 |  3.08 |  2.32 |  3.45 |  3.80 |  3.54 |  4.58 |  3.11 |  3.19 |  3.34 |  4.33 |  4.13 |  3.57 |  4.16 |  3.70 |  3.32 |  4.33 |  2.70 |  3.61 |  4.05 |  3.09 |  3.68 |  3.17 |  3.56 |  4.17 |  3.58 |  4.63 |  3.60 |
|         4 |  3.90 |  2.83 |  3.79 |  4.86 |  5.07 |  3.70 |  2.31 |  3.68 |  3.24 |  3.31 |  3.74 |  3.86 |  3.80 |  3.56 |  2.93 |  4.08 |  3.98 |  4.24 |  5.11 |  4.19 |  4.04 |  3.96 |  5.45 |  5.06 |  4.92 |  4.42 |  3.97 |  4.11 |  4.68 |  3.43 |  4.24 |  4.02 |  3.33 |  4.52 |  3.79 |  4.26 |  4.72 |  3.42 |  5.75 |  4.10 |
|         5 |  3.79 |  2.83 |  3.08 |  5.00 |  5.34 |  3.46 |  2.16 |  3.84 |  3.18 |  3.54 |  4.02 |  3.23 |  3.84 |  2.98 |  3.64 |  4.39 |  3.92 |  4.02 |  5.02 |  3.40 |  2.74 |  3.44 |  5.24 |  4.65 |  4.47 |  4.28 |  3.84 |  3.76 |  5.03 |  3.24 |  4.07 |  3.70 |  3.30 |  5.05 |  3.49 |  4.39 |  4.91 |  2.83 |  5.46 |  3.97 |
|         6 |  4.03 |  3.16 |  2.72 |  5.29 |  5.67 |  3.84 |  2.96 |  3.32 |  3.48 |  3.37 |  3.88 |  3.72 |  3.61 |  3.29 |  3.13 |  4.44 |  3.95 |  4.20 |  5.20 |  3.82 |  2.98 |  3.19 |  5.67 |  4.33 |  4.34 |  4.52 |  4.00 |  3.94 |  4.94 |  3.01 |  4.21 |  3.64 |  3.38 |  5.10 |  3.15 |  4.04 |  4.70 |  3.56 |  4.82 |  3.83 |
|         7 |  5.02 |  2.77 |  3.02 |  5.63 |  6.11 |  4.20 |  2.44 |  3.33 |  2.81 |  2.82 |  3.83 |  3.44 |  3.59 |  3.40 |  3.59 |  4.77 |  4.07 |  5.36 |  6.59 |  3.62 |  4.02 |  3.54 |  6.17 |  4.87 |  4.70 |  4.78 |  4.14 |  4.97 |  5.84 |  3.54 |  4.16 |  4.12 |  3.44 |  5.48 |  3.17 |  5.18 |  5.84 |  3.74 |  5.59 |  3.45 |
|         8 |  8.36 |  5.86 |  6.91 |  8.26 |  8.99 |  8.80 |  6.12 |  7.46 |  6.23 |  6.38 |  7.02 |  7.37 |  7.64 |  8.03 |  6.16 |  7.81 |  8.13 |  7.32 |  8.66 |  6.80 |  7.11 |  8.28 |  7.91 |  7.27 |  8.24 |  7.96 |  7.60 |  8.05 |  8.00 |  6.45 |  7.07 |  6.46 |  7.23 |  7.51 |  7.31 |  7.82 |  8.53 |  6.89 |  8.04 |  7.03 |
|         9 |  9.07 |  7.87 |  8.56 | 10.22 |  9.49 | 10.59 |  8.02 |  8.74 |  7.94 |  9.23 |  8.67 |  9.72 |  9.92 |  9.00 |  7.94 |  9.32 |  9.74 | 10.11 | 10.83 |  7.96 |  7.96 |  8.49 |  9.41 |  9.11 |  9.51 | 10.74 | 10.21 |  8.97 |  9.25 |  7.94 |  8.54 |  8.62 |  9.26 |  9.24 |  8.67 |  9.22 | 10.62 |  8.10 |  9.44 |  7.99 |
|        10 | 10.56 |  8.81 |  9.15 | 11.11 | 11.09 | 11.95 |  9.35 |  9.71 |  9.14 | 10.56 |  9.71 | 11.24 | 10.78 | 10.42 |  9.07 | 10.74 | 10.16 | 11.69 | 11.43 |  9.31 |  8.53 | 11.12 | 10.31 | 10.19 | 10.44 | 12.13 | 10.59 | 10.09 | 10.07 | 10.10 |  9.18 | 10.21 | 10.56 | 10.24 |  9.60 |  9.94 | 11.41 |  9.37 | 10.25 |  9.33 |
|        11 | 10.98 | 10.18 | 10.26 | 12.33 | 11.90 | 12.44 | 10.46 | 10.18 | 10.00 | 11.63 |  9.73 | 11.48 | 11.14 | 10.76 | 10.43 | 11.64 | 10.16 | 11.80 | 11.65 |  9.94 | 10.32 | 11.66 | 11.35 | 10.45 | 11.33 | 13.46 | 10.77 | 11.05 | 10.76 | 10.61 |  9.75 | 10.37 | 11.08 | 10.86 | 11.10 | 10.43 | 11.79 | 10.43 | 10.95 | 10.47 |
|        12 | 11.48 | 10.28 | 10.52 | 12.80 | 12.35 | 12.38 | 11.25 |  9.90 |  9.82 | 11.78 |  9.72 | 11.48 | 11.08 | 10.68 |  9.89 | 11.94 |  9.79 | 10.72 | 12.49 | 10.48 | 10.87 | 10.91 | 11.97 | 10.29 | 11.27 | 12.98 | 10.59 | 11.15 | 11.03 | 10.00 |  9.33 | 10.22 | 11.66 | 11.38 | 11.04 | 11.05 | 11.60 | 10.92 | 11.17 | 10.25 |
|        13 | 11.70 |  9.75 | 10.26 | 12.54 | 12.89 | 12.43 | 11.48 | 10.18 |  9.98 | 11.69 | 10.85 | 11.65 | 10.86 | 10.63 |  9.98 | 12.41 | 10.30 | 10.70 | 12.81 | 11.10 | 12.01 | 10.85 | 12.19 | 10.90 | 11.09 | 12.96 | 11.31 | 11.06 | 11.22 |  9.65 |  9.43 | 10.58 | 11.73 | 12.98 | 11.49 | 11.34 | 11.55 | 11.68 | 11.17 | 10.21 |
|        14 | 12.40 |  9.84 | 10.14 | 11.72 | 13.16 | 12.10 | 10.85 | 10.71 | 10.58 | 11.49 | 11.98 | 11.59 | 10.41 | 11.08 | 10.51 | 12.36 | 10.49 | 10.49 | 12.97 | 11.18 | 11.41 | 11.04 | 12.00 | 11.79 | 11.35 | 12.98 | 12.05 | 11.25 | 11.58 |  9.96 | 10.07 | 11.42 | 12.14 | 14.10 | 12.13 | 11.79 | 11.60 | 11.37 | 10.64 | 10.99 |
|        15 | 12.06 | 10.04 |  9.76 | 11.46 | 12.18 | 11.35 |  9.84 | 10.40 | 10.20 | 11.49 | 11.67 | 11.05 |  9.73 | 11.16 |  9.85 | 11.91 | 10.11 | 10.00 | 11.92 | 10.20 | 10.70 | 10.46 | 11.63 | 11.46 | 11.46 | 12.71 | 11.69 | 11.13 | 11.36 |  9.99 | 10.11 | 11.11 | 11.72 | 13.01 | 11.52 | 10.94 | 10.80 | 10.45 |  9.40 | 11.59 |
|        16 | 10.04 |  8.28 |  8.42 |  9.80 |  9.91 |  8.63 |  8.14 |  9.57 |  8.14 | 10.10 |  9.70 |  9.41 |  7.89 | 10.16 |  8.46 | 10.43 |  8.82 |  9.21 |  9.74 |  8.64 |  8.71 |  8.89 | 10.48 | 10.19 |  9.47 | 11.29 | 10.24 |  9.55 |  9.52 |  8.49 |  8.78 |  9.34 | 10.36 | 10.44 |  9.49 |  8.38 |  8.40 |  8.67 |  7.16 |  9.84 |
|        17 |  6.85 |  5.63 |  5.88 |  8.76 |  7.34 |  6.01 |  5.85 |  6.83 |  5.60 |  7.46 |  7.07 |  6.75 |  6.02 |  7.07 |  6.85 |  7.48 |  6.80 |  7.50 |  7.19 |  5.86 |  6.66 |  6.10 |  9.28 |  7.94 |  6.59 |  8.60 |  7.18 |  7.01 |  7.75 |  5.50 |  7.72 |  6.70 |  6.88 |  7.87 |  6.57 |  6.17 |  6.62 |  6.82 |  6.11 |  6.60 |
|        18 |  6.03 |  5.20 |  5.63 |  8.45 |  6.62 |  5.59 |  5.23 |  5.94 |  4.75 |  5.96 |  6.23 |  5.73 |  5.40 |  5.81 |  6.07 |  6.02 |  5.99 |  6.16 |  6.30 |  5.30 |  6.57 |  5.68 |  7.87 |  6.95 |  5.95 |  7.35 |  5.95 |  6.12 |  6.28 |  4.99 |  7.09 |  6.48 |  5.51 |  6.30 |  5.83 |  5.39 |  6.25 |  6.06 |  6.20 |  5.50 |
|        19 |  5.42 |  4.40 |  5.03 |  7.95 |  5.75 |  4.95 |  4.21 |  5.56 |  4.09 |  5.10 |  5.34 |  4.95 |  4.44 |  5.08 |  5.32 |  5.19 |  5.03 |  5.37 |  5.97 |  4.77 |  6.00 |  4.95 |  6.69 |  6.26 |  5.11 |  6.55 |  5.21 |  5.49 |  4.93 |  4.68 |  6.43 |  5.73 |  4.50 |  5.06 |  5.29 |  4.51 |  5.24 |  5.45 |  5.29 |  4.96 |
|        20 |  5.15 |  3.92 |  4.53 |  7.77 |  5.67 |  4.80 |  3.56 |  4.92 |  3.61 |  4.52 |  4.82 |  4.42 |  4.05 |  4.91 |  4.50 |  4.35 |  4.58 |  4.73 |  5.92 |  4.49 |  5.87 |  4.96 |  5.61 |  6.23 |  4.63 |  6.07 |  5.22 |  4.97 |  5.11 |  4.57 |  5.83 |  4.93 |  4.29 |  4.70 |  4.75 |  4.12 |  4.71 |  5.17 |  4.67 |  4.67 |
|        21 |  4.94 |  2.85 |  4.37 |  7.62 |  5.44 |  4.57 |  2.37 |  4.19 |  3.55 |  4.01 |  4.11 |  3.74 |  3.89 |  4.65 |  4.04 |  4.50 |  4.12 |  4.15 |  5.33 |  4.38 |  5.34 |  4.72 |  5.44 |  6.04 |  4.52 |  5.73 |  5.01 |  4.63 |  5.38 |  4.53 |  5.13 |  4.40 |  4.28 |  4.45 |  4.43 |  3.95 |  4.80 |  4.93 |  4.02 |  4.33 |
|        22 |  4.92 |  2.42 |  4.67 |  7.56 |  4.44 |  4.54 |  1.75 |  4.40 |  3.83 |  4.26 |  3.74 |  3.20 |  3.57 |  4.04 |  3.29 |  4.19 |  3.86 |  3.62 |  5.23 |  4.48 |  5.04 |  4.50 |  5.57 |  5.32 |  4.56 |  5.93 |  4.82 |  4.38 |  5.31 |  3.89 |  4.60 |  3.96 |  4.24 |  4.62 |  4.39 |  4.14 |  4.74 |  4.11 |  3.51 |  3.74 |
|        23 |  4.43 |  2.53 |  4.67 |  7.23 |  4.83 |  4.55 |  1.82 |  3.87 |  3.59 |  3.92 |  2.90 |  3.16 |  3.17 |  3.56 |  2.35 |  3.71 |  3.84 |  2.60 |  5.25 |  4.34 |  4.48 |  4.30 |  5.23 |  4.60 |  4.83 |  5.72 |  4.08 |  4.62 |  5.02 |  3.54 |  4.40 |  3.40 |  3.68 |  4.51 |  4.26 |  4.72 |  4.64 |  4.01 |  3.44 |  3.85 |
|        24 |  4.09 |  2.92 |  3.93 |  6.64 |  4.97 |  3.92 |  2.51 |  3.17 |  2.87 |  3.89 |  2.66 |  2.29 |  2.20 |  3.11 |  1.81 |  4.10 |  2.92 |  1.83 |  5.01 |  3.98 |  4.72 |  4.47 |  4.72 |  4.02 |  4.42 |  5.57 |  3.47 |  4.28 |  4.76 |  3.39 |  3.69 |  3.39 |  3.72 |  4.21 |  3.87 |  4.05 |  3.84 |  4.50 |  2.76 |  2.92 |
|        25 |  3.60 |  2.37 |  3.95 |  5.89 |  4.52 |  2.92 |  1.45 |  2.70 |  2.62 |  3.98 |  2.70 |  2.23 |  1.62 |  3.00 |  2.22 |  3.94 |  3.03 |  2.17 |  4.84 |  3.45 |  4.73 |  4.13 |  4.36 |  3.94 |  4.45 |  5.15 |  2.93 |  3.45 |  4.71 |  2.40 |  2.58 |  2.58 |  3.98 |  4.49 |  3.20 |  3.72 |  2.50 |  4.08 |  2.32 |  3.35 |
|        26 |  3.88 |  2.69 |  3.70 |  5.39 |  4.27 |  2.85 |  1.89 |  2.95 |  1.70 |  3.67 |  1.62 |  1.46 |  3.21 |  2.39 |  0.66 |  3.61 |  1.93 |  1.48 |  4.90 |  2.72 |  4.43 |  3.23 |  4.37 |  4.11 |  4.29 |  3.92 |  2.54 |  3.97 |  4.68 |  2.53 |  3.23 |  2.20 |  3.77 |  4.72 |  3.04 |  4.18 |  2.27 |  3.65 |  2.40 |  3.28 |
|        27 |  3.21 |  2.12 |  3.41 |  3.73 |  3.45 |  3.44 |  2.03 |  3.26 |  1.34 |  3.17 |  1.26 |  1.71 |  1.19 |  0.66 |  1.66 |  3.96 |  1.84 |  1.04 |  4.10 |  3.32 |  3.91 |  2.59 |  3.92 |  3.45 |  4.03 |  3.01 |  2.27 |  4.42 |  4.02 |  3.45 |  2.07 |  1.20 |  3.99 |  4.34 |  2.84 |  2.70 |  2.57 |  3.65 |  1.64 |  2.03 |
|        28 |  2.91 |  1.87 |  2.61 |  2.78 |  0.88 |  2.18 |  2.76 |  1.82 |  2.04 |  2.85 |  1.88 |  1.96 |  3.19 |  2.25 |  2.48 |  3.13 |  1.98 |  3.71 |  3.30 |  2.03 |  4.10 |  3.11 |  2.16 |  2.01 |  2.94 |  2.28 |  1.12 |  2.64 |  2.75 |  2.75 |  1.28 |  3.53 |  3.55 |  3.70 |  1.63 |  2.87 |  1.94 |  2.73 |  0.87 |  0.69 |
|        29 |  2.23 |  4.92 |  1.80 |  2.16 |  1.50 |  2.41 |  4.04 |  2.22 |  2.03 |  2.60 |  3.83 |  4.35 |  5.72 |  2.67 |  2.72 |  1.82 |  1.91 |  3.23 |  3.32 |  2.77 |  2.66 |  1.78 |  3.76 |  1.45 |  1.49 |  0.99 |  2.94 |  1.01 |  0.31 |  2.16 |  4.07 |  3.90 |  2.91 |  3.36 |  2.03 |  0.51 |  1.50 |  1.81 |  1.61 |  2.60 |
|        30 |  2.83 |  4.47 |  3.03 |  2.38 |  2.16 |  3.10 |  3.52 |  3.86 |  1.52 |  1.34 |  4.50 |  3.73 |  3.38 |  4.04 |  4.00 |  2.64 |  3.48 |  4.91 |  2.09 |  3.29 |  2.48 |  3.30 |  4.28 |  2.30 |  1.89 |  2.30 |  3.89 |  2.52 |  2.79 |  1.87 |  5.11 |  2.63 |  2.47 |  2.52 |  3.49 |  1.60 |  3.26 |  2.71 |  4.36 |  1.74 |
|        31 |  2.49 |  0.35 |  2.26 |  3.12 |  2.68 |  2.18 |  1.90 |  1.83 |  1.88 |  1.77 |  3.52 |  1.48 |  3.11 |  2.88 |  3.19 |  4.08 |  3.90 |  3.96 |  1.44 |  0.85 |  1.47 |  2.06 |  2.47 |  1.77 |  1.99 |  2.14 |  2.51 |  3.50 |  1.72 |  2.31 |  2.83 |  1.82 |  2.02 |  1.80 |  2.67 |  2.03 |  1.65 |  2.29 |  4.63 |  3.43 |
|        32 |  2.33 |  6.01 |  2.45 |  2.07 |  2.84 |  2.50 |  6.72 |  1.89 |  3.20 |  2.40 |  6.51 |  5.00 |  7.88 |  7.05 |  3.18 |  4.13 |  3.95 |  3.03 |  3.58 |  2.21 |  2.96 |  3.93 |  2.91 |  3.23 |  4.11 |  2.14 |  1.44 |  4.96 |  1.72 |  3.16 |  2.38 |  4.19 |  2.62 |  2.25 |  4.29 |  4.78 |  3.34 |  4.37 |  4.34 |  2.26 |
|        33 |  1.57 |  8.80 |  2.46 |  2.46 |  5.73 |  1.85 |  7.98 |  8.52 |  5.43 |  1.05 | 10.70 |  9.65 | 11.41 |  9.87 |  6.91 |  4.68 |  6.53 |  5.52 |  3.91 |  5.33 |  3.85 |  5.66 |  1.69 |  3.72 |  0.60 |  2.38 |  6.19 |  8.91 |  3.88 |  3.35 |  5.32 |  8.39 |  2.62 |  2.80 |  5.53 |  9.95 |  4.59 |  4.20 |  7.79 |  6.94 |
|        34 |  6.59 | 11.63 |  9.67 |  5.21 | 10.58 |  7.33 | 10.55 |  9.86 |  8.32 |  4.21 | 12.10 | 12.51 | 11.90 | 10.62 | 10.38 |  9.17 |  9.14 | 11.34 |  6.89 |  7.50 |  3.86 | 10.61 |  8.16 |  5.84 |  5.90 |  9.67 | 10.53 | 10.56 |  9.18 |  6.65 |  8.19 |  9.98 |  3.38 |  4.76 |  8.65 |  9.70 |  9.73 |  4.76 | 12.63 |  8.00 |
|        35 |  9.08 | 14.45 | 11.85 |  9.71 | 13.55 | 10.35 | 12.97 | 11.67 | 10.35 |  4.25 | 13.47 | 15.82 | 14.58 | 12.00 | 10.75 | 11.27 | 10.59 | 14.85 |  7.78 |  9.54 |  6.55 | 11.16 | 10.12 |  9.13 |  7.71 | 10.28 | 13.13 | 10.92 |  8.29 |  8.50 | 10.57 | 13.77 |  3.21 |  6.75 | 12.51 |  9.18 | 13.75 |  7.92 | 14.87 |  7.71 |
|        36 | 10.23 | 15.33 | 13.23 | 10.97 | 14.81 | 11.51 | 14.91 | 12.99 | 12.26 |  5.36 | 14.85 | 16.12 | 16.53 | 15.38 | 14.85 | 14.59 | 12.03 | 16.85 |  8.30 | 12.02 | 10.51 | 13.57 | 12.89 |  8.98 |  8.45 | 11.77 | 14.19 | 12.66 | 10.90 |  9.10 | 12.63 | 15.44 |  7.58 | 10.16 | 13.86 | 10.74 | 15.71 | 10.83 | 16.53 |  8.62 |
|        37 | 11.24 | 15.66 | 15.77 | 11.13 | 16.08 | 13.59 | 17.32 | 14.29 | 13.07 |  7.42 | 17.68 | 16.80 | 18.27 | 17.42 | 14.86 | 16.05 | 13.94 | 17.82 |  9.06 | 13.35 | 10.99 | 15.44 | 15.50 | 11.51 |  8.80 | 14.85 | 15.20 | 15.35 | 14.01 |  9.49 | 13.92 | 16.29 | 10.63 | 12.19 | 14.98 | 12.98 | 16.61 | 12.47 | 17.35 | 11.33 |
|        38 | 13.49 | 15.77 | 16.89 | 12.01 | 17.10 | 14.34 | 18.37 | 15.65 | 13.51 |  8.70 | 18.55 | 17.14 | 18.73 | 18.42 | 15.41 | 16.96 | 15.44 | 17.29 | 12.03 | 14.21 | 12.19 | 16.41 | 16.10 | 13.77 | 10.16 | 15.08 | 15.72 | 16.06 | 14.92 | 10.47 | 14.73 | 17.76 | 12.03 | 12.87 | 16.26 | 14.69 | 16.50 | 12.97 | 17.18 | 12.81 |
|        39 | 13.35 | 16.65 | 17.73 | 13.06 | 17.50 | 13.88 | 17.04 | 15.61 | 13.96 |  8.92 | 18.08 | 17.58 | 18.26 | 18.37 | 15.54 | 16.20 | 15.58 | 17.36 | 13.18 | 14.55 | 13.43 | 17.41 | 15.24 | 14.32 | 11.28 | 14.92 | 16.52 | 15.72 | 14.66 | 11.57 | 14.73 | 17.73 | 12.76 | 12.83 | 16.78 | 15.35 | 15.69 | 12.57 | 16.36 | 13.21 |
|        40 | 11.84 | 15.45 | 15.52 | 12.75 | 15.73 | 11.97 | 13.92 | 14.20 | 12.50 |  7.33 | 15.31 | 14.66 | 15.08 | 16.18 | 12.72 | 14.01 | 12.86 | 14.50 | 11.39 | 14.00 | 12.02 | 16.08 | 12.73 | 12.31 |  9.72 | 13.73 | 14.38 | 14.90 | 12.82 | 10.80 | 12.25 | 15.04 | 11.05 | 11.07 | 14.07 | 13.19 | 13.09 | 11.73 | 14.29 | 10.92 |
|        41 |  8.85 |  9.34 | 10.98 | 10.55 | 12.74 |  8.94 | 10.18 | 10.19 | 11.07 |  6.84 | 12.14 | 10.64 | 10.22 | 11.56 | 11.30 | 11.93 | 10.32 | 10.69 |  9.64 | 10.63 | 10.11 | 12.61 | 10.37 |  9.64 |  8.62 | 10.99 | 11.28 | 11.92 | 10.36 |  8.13 | 10.22 | 10.77 |  8.09 |  9.95 | 10.98 | 11.36 |  9.65 |  9.49 | 10.74 |  9.00 |
|        42 |  8.58 |  6.93 |  9.69 |  8.65 | 10.63 |  6.97 |  8.48 |  7.23 | 10.45 |  6.69 | 10.47 |  6.91 |  8.82 |  8.08 | 11.15 |  9.23 |  8.09 |  9.05 |  9.11 |  6.73 |  9.44 |  9.79 |  9.27 |  9.35 |  8.86 |  9.34 |  7.89 |  9.36 |  8.82 |  7.30 |  9.87 |  7.91 |  6.80 |  8.44 |  9.63 |  9.29 |  9.01 |  8.28 |  9.73 |  8.83 |
|        43 |  7.49 |  7.62 |  9.82 |  7.20 | 10.63 |  5.56 |  7.69 |  7.31 |  8.19 |  6.85 | 10.23 |  6.53 |  9.36 |  7.55 |  9.68 |  8.32 |  7.02 |  8.62 |  8.23 |  6.95 |  9.51 |  9.11 |  7.37 |  8.47 |  8.28 |  8.43 |  7.42 |  8.03 |  7.07 |  6.69 |  8.30 |  7.26 |  6.44 |  7.04 |  7.63 |  8.69 |  8.50 |  9.08 |  9.73 |  7.82 |
|        44 |  6.63 |  7.68 |  9.64 |  6.92 | 10.27 |  5.36 |  7.58 |  7.68 |  7.08 |  5.87 |  8.95 |  7.25 | 10.15 |  7.65 |  7.99 |  9.34 |  6.31 |  8.23 |  6.83 |  6.48 |  9.83 |  8.87 |  8.01 |  7.67 |  7.54 |  8.15 |  7.39 |  8.15 |  7.37 |  6.00 |  7.00 |  8.28 |  6.47 |  6.37 |  7.57 |  7.92 |  7.65 |  8.39 |  9.72 |  7.20 |
|        45 |  6.75 |  8.05 |  9.04 |  7.18 |  9.47 |  5.91 |  8.14 |  8.24 |  8.01 |  5.18 |  8.70 |  6.92 |  9.86 |  7.76 |  7.82 |  9.88 |  6.84 |  8.69 |  6.83 |  6.56 |  9.07 |  8.39 |  8.04 |  6.50 |  7.01 |  7.92 |  6.83 |  8.37 |  7.64 |  5.71 |  6.68 |  9.05 |  6.14 |  6.95 |  7.95 |  7.94 |  8.10 |  9.18 |  9.67 |  6.27 |
|        46 |  7.56 |  7.95 |  9.56 |  6.92 |  9.12 |  6.27 |  8.05 |  6.83 |  7.78 |  5.32 |  8.68 |  6.91 |  8.61 |  7.60 |  8.25 |  9.43 |  7.36 |  7.73 |  7.31 |  6.63 |  8.45 |  8.12 |  7.72 |  6.55 |  6.16 |  8.66 |  7.15 |  8.35 |  7.13 |  5.31 |  6.81 |  8.32 |  5.95 |  7.08 |  8.10 |  7.72 |  8.73 |  9.16 | 11.15 |  6.02 |
|        47 |  7.71 |  7.40 |  9.85 |  6.72 |  9.15 |  6.03 |  7.77 |  7.06 |  7.45 |  5.35 |  8.65 |  7.00 |  8.30 |  7.48 |  8.29 |  8.92 |  6.80 |  7.47 |  7.37 |  6.63 |  9.33 |  8.07 |  8.24 |  7.40 |  5.99 |  9.03 |  7.21 |  7.36 |  6.83 |  5.37 |  7.38 |  7.45 |  5.63 |  7.15 |  8.62 |  9.04 |  8.67 |  8.00 | 11.77 |  6.38 |
|        48 |  7.39 |  7.45 |  8.71 |  6.29 |  8.68 |  5.99 |  7.65 |  7.43 |  8.39 |  5.58 |  8.83 |  7.09 |  8.73 |  7.42 |  8.09 |  8.68 |  6.12 |  7.64 |  7.12 |  6.61 | 10.45 |  7.83 |  8.59 |  7.35 |  6.28 |  9.05 |  7.00 |  6.77 |  6.40 |  5.75 |  7.31 |  7.91 |  5.77 |  7.39 |  8.74 |  9.54 |  8.84 |  8.87 | 10.64 |  6.82 |
|        51 |  6.80 |  7.01 |  8.23 |  6.01 |  8.68 |  5.38 |  7.77 |  5.60 |  6.65 |  5.56 |  8.18 |  5.60 |  9.67 |  7.47 |  8.40 |  7.81 |  5.54 |  8.52 |  6.53 |  6.23 |  8.62 |  7.79 |  9.04 |  5.24 |  7.53 |  8.08 |  6.46 |  7.97 |  6.60 |  5.85 |  6.82 |  8.08 |  5.75 |  7.00 |  7.79 |  8.96 |  7.70 |  9.99 | 10.34 |  7.28 |
|        54 |  7.80 |  7.18 |  6.58 |  5.40 |  7.46 |  5.46 |  7.19 |  5.31 |  7.12 |  4.66 |  7.64 |  7.21 |  7.15 |  7.57 |  7.96 |  7.93 |  6.43 |  7.23 |  5.69 |  5.59 | 11.69 |  7.34 |  8.12 |  4.84 |  6.44 |  7.44 |  6.09 |  6.49 |  6.45 |  4.25 |  7.08 |  7.12 |  4.78 |  7.42 |  8.54 |  7.84 |  8.72 |  9.59 | 10.39 |  7.08 |
|        57 | 11.68 |  7.46 |  7.45 |  7.16 | 11.13 | 10.42 | 12.87 | 10.69 | 10.38 |  6.14 | 10.79 | 12.47 | 10.66 | 12.02 | 11.20 |  8.81 |  3.07 | 13.73 |  7.14 | 12.27 | 15.82 | 11.28 | 12.63 |  4.51 | 10.01 | 10.36 |  7.21 |  9.52 |  7.64 |  7.33 |  8.49 | 12.51 |  8.78 | 12.38 |  8.80 |  9.98 | 10.27 | 13.96 | 13.55 |  9.28 |
|        60 | 12.77 |  7.34 | 10.87 |  6.84 | 12.01 | 13.91 | 15.21 | 10.06 | 10.75 |  5.95 |  8.60 | 14.15 | 13.22 | 10.95 | 10.64 |  8.72 |  4.30 | 13.04 |  9.26 | 12.44 | 14.44 | 10.86 | 16.05 |  3.60 | 12.84 |  8.28 | 10.69 | 10.22 |  5.56 |  7.76 | 10.96 |  8.23 | 13.72 | 11.06 | 10.43 | 10.41 | 13.58 | 13.28 | 15.23 | 10.47 |
|        63 | 11.04 |  5.30 | 10.82 |  5.15 |  9.88 | 12.66 | 12.68 |  6.76 |  8.66 |  3.25 |  4.74 | 10.95 |  9.87 |  8.92 |  8.31 |  6.33 |  0.88 | 11.20 |  8.64 | 10.36 | 10.28 |  6.89 | 12.07 |  0.48 | 11.32 |  5.08 |  9.13 |  8.63 |  1.25 |  5.95 |  8.70 |  4.75 | 12.70 |  7.89 |  7.51 |  8.05 | 10.81 |  8.82 | 10.27 |  6.61 |
|        66 |  5.00 |  4.08 |  5.92 |  4.28 |  5.13 |  5.65 |  5.99 |  4.52 |  4.48 |  2.48 |  2.97 |  4.63 |  5.34 |  5.18 |  4.38 |  3.74 |  3.58 |  5.69 |  4.93 |  4.51 |  5.29 |  4.07 |  3.84 |  3.10 |  3.94 |  2.86 |  4.87 |  4.03 |  3.85 |  4.24 |  3.17 |  3.50 |  5.06 |  3.24 |  4.73 |  4.07 |  5.12 |  4.64 |  5.80 |  4.54 |
|        69 |  3.63 |  1.10 |  3.79 |  2.52 |  2.98 |  4.30 |  4.77 |  1.87 |  2.17 |  1.82 |  3.64 |  3.51 |  3.44 |  3.28 |  1.72 |  2.25 |  2.59 |  4.60 |  2.67 |  3.50 |  4.96 |  1.32 |  3.61 |  1.61 |  2.28 |  1.55 |  2.94 |  3.01 |  3.63 |  1.34 |  0.58 |  1.73 |  3.77 |  2.36 |  2.11 |  2.43 |  3.36 |  3.68 |  4.67 |  2.35 |
|        72 |  2.50 |  3.24 |  0.79 |  1.11 |  1.75 |  3.18 |  3.58 |  1.24 |  0.47 |  1.91 |  4.74 |  3.02 |  1.72 |  2.77 |  0.68 |  1.09 |  2.62 |  3.32 |  1.52 |  2.71 |  2.55 |  1.11 |  3.94 |  2.06 |  0.62 |  1.90 |  1.92 |  0.96 |  3.93 |  0.90 |  1.49 |  1.10 |  4.23 |  2.26 |  1.74 |  0.93 |  1.53 |  1.48 |  3.93 |  0.15 |
|        78 |  1.84 |  5.00 |  3.84 |  1.28 |  1.03 |  2.61 |  1.00 |  2.23 |  1.12 |  3.15 |  3.51 |  1.98 |  1.36 |  1.36 |  0.52 |  2.24 |  3.46 |  2.88 |  2.91 |  1.22 |  1.06 |  2.76 |  3.48 |  2.83 |  3.40 |  2.18 |  0.76 |  3.94 |  4.76 |  1.70 |  3.88 |  4.60 |  4.30 |  1.09 |  5.18 |  2.64 |  1.02 |  1.42 |  1.14 |  2.06 |
|        84 |  6.09 |  7.41 |  8.19 |  4.77 |  6.76 |  4.48 |  8.27 |  7.44 |  3.94 |  3.98 |  2.75 |  3.17 |  4.70 |  2.30 |  2.84 |  5.74 |  0.13 |  1.18 |  1.71 |  5.49 |  5.49 |  4.48 |  1.65 |  7.18 |  9.50 |  2.61 |  5.35 | 13.15 |  6.53 |  4.22 |  3.85 | 12.72 |  9.78 |  1.47 | 12.17 |  6.50 |  2.62 |  4.06 |  3.63 |  0.26 |
|        90 |  4.88 |  3.88 |  5.48 |  3.84 |  3.09 |  3.65 |  4.95 |  4.63 |  2.23 |  1.21 |  2.64 |  3.14 |  4.65 |  5.74 |  4.13 |  6.17 |  2.97 |  5.60 |  4.81 |  4.29 |  5.39 |  3.90 |  3.40 |  4.27 |  4.97 |  3.04 |  4.67 |  7.66 |  1.43 |  2.37 |  3.46 |  6.83 |  4.62 |  2.56 |  8.32 |  4.69 |  1.01 |  4.11 |  5.50 |  2.64 |
|        96 |  1.91 |  1.66 |  3.77 |  1.93 |  1.59 |  0.76 |  1.16 |  2.83 |  1.89 |  5.35 |  1.03 |  0.70 |  2.03 |  2.36 |  1.92 |  2.70 |  2.61 |  3.07 |  3.98 |  3.87 |  1.31 |  1.53 |  5.03 |  1.79 |  3.67 |  2.93 |  1.00 |  5.67 |  2.00 |  1.25 |  4.88 |  3.23 |  1.98 |  3.29 |  4.54 |  2.76 |  2.34 |  1.48 |  1.84 |  3.28 |
|       102 |  0.35 |  1.30 |  2.06 |  0.98 |  1.74 |  0.96 |  3.48 |  1.75 |  3.63 |  5.54 |  4.07 |  1.13 |  2.86 |  2.95 |  0.91 |  3.08 |  4.54 |  5.08 |  3.30 |  2.96 |  3.07 |  3.08 |  4.22 |  3.24 |  3.28 |  1.44 |  2.27 |  3.94 |  1.35 |  6.36 |  7.39 |  5.23 |  2.74 |  3.14 |  2.55 |  2.28 |  4.62 |  2.89 |  2.41 |  1.01 |
|       108 |  3.46 |  4.90 |  3.02 |  9.89 |  1.67 |  1.95 |  5.35 |  2.70 | 10.38 | 14.39 |  7.90 |  3.28 |  4.96 | 10.24 |  1.17 |  5.19 | 11.50 | 10.87 |  1.10 |  4.40 |  9.58 |  1.32 |  5.78 |  2.94 |  4.88 |  2.14 |  9.14 |  7.20 |  1.58 | 13.48 | 18.94 |  3.64 |  7.86 | 12.99 |  6.06 |  5.16 | 13.66 |  9.45 |  2.76 |  1.17 |
|       114 |  5.82 |  4.33 |  2.79 |  5.09 |  1.33 |  2.14 |  1.45 |  2.01 |  8.48 |  5.15 |  4.40 |  4.61 |  2.17 |  6.35 |  5.11 |  2.16 |  7.76 |  5.42 |  2.55 |  3.00 |  5.40 |  3.50 |  2.67 |  6.40 |  3.80 |  0.67 |  7.07 |  4.48 |  6.14 |  7.37 |  8.96 |  5.45 |  3.88 |  6.26 |  2.70 |  6.03 |  8.17 |  5.45 |  7.23 |  2.51 |
|       120 |  4.15 |  2.57 |  6.86 |  4.55 |  4.83 |  1.57 |  5.44 |  2.15 |  9.07 |  4.19 |  1.33 |  3.17 |  2.24 |  4.57 |  7.72 |  2.19 |  8.47 |  4.44 |  3.01 |  3.12 |  4.52 |  4.14 |  3.16 |  6.80 |  2.40 |  2.80 |  4.98 |  5.45 |  5.54 |  7.34 |  5.71 |  5.28 |  1.62 |  4.44 |  1.64 |  6.22 |  7.21 |  3.16 |  4.83 |  0.35 |
