# variable: Momentary Wind Speed at 10m
# units: km/h
# 
| fcst_hour |     1 |     2 |     3 |     4 |     5 |     6 |     7 |     8 |     9 |    10 |    11 |    12 |    13 |    14 |    15 |    16 |    17 |    18 |    19 |    20 |    21 |    22 |    23 |    24 |    25 |    26 |    27 |    28 |    29 |    30 |    31 |   32 |    33 |    34 |    35 |    36 |    37 |    38 |    39 |    40 |
|         0 |  4.50 |  4.08 |  4.14 |  4.77 |  4.69 |  4.26 |  4.92 |  4.10 |  5.47 |  5.79 |  5.63 |  2.48 |  4.56 |  4.50 |  4.99 |  4.53 |  4.21 |  5.68 |  4.75 |  4.24 |  4.84 |  4.42 |  4.98 |  5.65 |  5.59 |  5.00 |  4.43 |  3.81 |  4.61 |  2.66 |  3.68 | 6.75 |  5.95 |  5.50 |  4.32 |  5.71 |  3.62 |  4.89 |  5.18 |  5.04 |
|         1 |  5.18 |  3.66 |  3.99 |  4.28 |  4.76 |  4.48 |  6.01 |  3.28 |  4.56 |  5.65 |  5.69 |  2.62 |  4.34 |  4.26 |  4.26 |  4.78 |  3.52 |  6.05 |  4.34 |  4.89 |  4.23 |  4.25 |  4.68 |  4.96 |  5.45 |  5.38 |  4.69 |  4.98 |  4.45 |  2.52 |  4.45 | 5.74 |  4.41 |  5.18 |  4.50 |  5.41 |  3.68 |  4.14 |  5.61 |  5.24 |
|         2 |  5.88 |  3.61 |  4.39 |  3.89 |  4.62 |  4.12 |  6.22 |  3.08 |  4.17 |  5.07 |  5.58 |  2.62 |  4.64 |  3.83 |  3.69 |  4.53 |  3.55 |  5.84 |  5.00 |  4.88 |  3.67 |  4.40 |  4.08 |  4.17 |  5.46 |  5.33 |  4.90 |  5.71 |  3.91 |  2.68 |  5.25 | 4.73 |  3.92 |  5.26 |  5.13 |  5.04 |  4.04 |  3.26 |  5.75 |  5.48 |
|         3 |  5.93 |  3.17 |  3.85 |  3.37 |  4.49 |  3.16 |  5.06 |  3.84 |  3.77 |  4.63 |  4.68 |  2.50 |  4.47 |  3.48 |  3.58 |  4.23 |  3.72 |  4.77 |  4.63 |  5.09 |  3.29 |  4.12 |  3.70 |  3.37 |  4.86 |  4.64 |  4.58 |  5.09 |  3.25 |  3.52 |  4.61 | 3.67 |  3.42 |  4.27 |  5.00 |  4.03 |  3.57 |  3.15 |  5.06 |  4.91 |
|         4 |  4.86 |  2.93 |  3.60 |  2.53 |  4.54 |  2.66 |  4.05 |  3.44 |  3.41 |  4.15 |  3.95 |  3.04 |  3.92 |  2.94 |  3.44 |  3.70 |  3.60 |  3.78 |  3.89 |  4.25 |  3.52 |  3.80 |  3.65 |  3.42 |  3.78 |  4.08 |  3.82 |  4.17 |  3.59 |  3.47 |  3.05 | 3.27 |  3.19 |  3.14 |  3.66 |  3.19 |  2.97 |  3.16 |  4.28 |  4.48 |
|         5 |  3.93 |  3.11 |  3.99 |  2.29 |  4.21 |  2.64 |  3.73 |  2.44 |  2.68 |  4.49 |  4.09 |  4.00 |  2.93 |  2.68 |  3.53 |  3.26 |  3.38 |  3.56 |  3.29 |  3.45 |  3.29 |  3.11 |  3.89 |  3.85 |  3.18 |  3.77 |  3.75 |  3.82 |  3.71 |  3.38 |  3.34 | 3.45 |  3.20 |  2.42 |  2.66 |  3.31 |  3.57 |  3.13 |  3.49 |  3.62 |
|         6 |  2.55 |  4.42 |  4.47 |  2.20 |  3.25 |  3.06 |  3.51 |  2.22 |  2.78 |  3.73 |  4.21 |  3.68 |  3.14 |  2.54 |  3.37 |  2.73 |  2.89 |  3.47 |  3.67 |  2.49 |  2.99 |  2.31 |  3.42 |  3.51 |  2.41 |  3.53 |  2.59 |  3.53 |  3.00 |  2.69 |  4.21 | 3.61 |  3.89 |  2.26 |  2.63 |  3.50 |  3.64 |  3.17 |  2.25 |  2.47 |
|         7 |  1.92 |  4.42 |  4.10 |  2.42 |  3.09 |  2.75 |  3.66 |  2.82 |  2.69 |  3.41 |  3.98 |  3.20 |  3.50 |  3.09 |  3.81 |  3.68 |  2.41 |  3.00 |  3.96 |  1.24 |  3.09 |  2.04 |  4.49 |  2.34 |  2.98 |  4.58 |  2.30 |  3.22 |  2.66 |  1.83 |  3.60 | 3.88 |  4.24 |  2.66 |  3.31 |  4.04 |  2.99 |  3.92 |  2.02 |  3.11 |
|         8 |  2.67 |  5.19 |  4.91 |  1.90 |  4.18 |  3.81 |  4.10 |  3.64 |  2.76 |  4.30 |  4.43 |  4.65 |  4.16 |  4.64 |  4.58 |  4.44 |  3.36 |  3.45 |  4.23 |  2.57 |  3.36 |  2.86 |  5.95 |  3.52 |  2.99 |  6.52 |  3.54 |  3.75 |  2.79 |  2.44 |  3.58 | 4.50 |  6.75 |  3.87 |  3.74 |  3.89 |  2.73 |  2.79 |  2.59 |  3.84 |
|         9 |  3.48 |  5.20 |  5.25 |  2.23 |  3.66 |  7.14 |  5.25 |  5.43 |  4.69 |  4.44 |  4.57 |  3.85 |  4.36 |  6.04 |  6.65 |  5.56 |  6.90 |  3.85 |  6.56 |  5.34 |  4.62 |  5.19 |  7.58 |  5.87 |  3.83 |  5.38 |  4.76 |  6.20 |  4.59 |  6.12 |  6.82 | 3.77 |  6.47 |  5.08 |  3.65 |  5.50 |  2.66 |  2.97 |  2.78 |  4.11 |
|        10 |  2.88 |  5.72 |  4.13 |  3.15 |  3.52 |  6.78 |  4.82 |  5.93 |  5.58 |  4.86 |  4.67 |  3.76 |  5.22 |  5.65 |  6.73 |  5.72 |  6.92 |  4.37 |  6.26 |  6.28 |  4.73 |  5.01 |  6.05 |  6.23 |  4.65 |  3.76 |  4.99 |  6.47 |  3.40 |  6.34 |  6.85 | 3.25 |  7.13 |  4.58 |  5.42 |  4.83 |  4.14 |  2.98 |  3.22 |  3.44 |
|        11 |  4.51 |  5.42 |  4.35 |  3.43 |  5.26 |  4.77 |  5.86 |  4.93 |  6.52 |  5.74 |  3.67 |  4.27 |  5.62 |  5.62 |  5.39 |  5.96 |  7.43 |  5.21 |  5.68 |  6.90 |  4.10 |  5.67 |  5.61 |  5.75 |  5.39 |  4.54 |  4.53 |  5.57 |  4.37 |  6.27 |  6.94 | 4.20 |  7.09 |  5.55 |  6.56 |  4.77 |  4.06 |  1.98 |  5.18 |  5.34 |
|        12 |  5.11 |  6.25 |  4.11 |  4.77 |  6.04 |  6.59 |  5.78 |  5.20 |  5.71 |  6.70 |  3.25 |  4.57 |  5.77 |  4.53 |  6.51 |  5.46 |  7.62 |  5.73 |  6.88 |  8.21 |  4.47 |  5.30 |  6.58 |  6.43 |  6.55 |  3.36 |  5.57 |  4.28 |  5.65 |  5.22 |  7.73 | 6.74 |  5.38 |  7.09 |  8.17 |  3.65 |  4.59 |  3.22 |  5.72 |  6.84 |
|        13 |  6.46 |  6.80 |  2.53 |  3.28 |  7.14 |  6.79 |  6.67 |  6.40 |  5.91 |  6.77 |  3.12 |  6.29 |  6.28 |  4.23 |  6.24 |  4.72 |  4.88 |  6.33 |  6.26 |  8.26 |  4.61 |  4.64 |  6.04 |  7.40 |  7.09 |  4.83 |  6.05 |  2.60 |  4.42 |  5.81 |  8.02 | 6.47 |  3.15 |  7.34 |  7.96 |  2.83 |  6.05 |  4.92 |  5.60 |  7.05 |
|        14 |  6.63 |  6.65 |  4.16 |  2.50 |  7.45 |  6.06 |  6.62 |  5.25 |  5.61 |  6.48 |  4.09 |  6.42 |  6.21 |  4.88 |  6.55 |  3.72 |  5.86 |  7.11 |  5.81 |  6.69 |  4.26 |  5.32 |  2.93 |  7.84 |  6.94 |  5.44 |  6.47 |  3.13 |  3.15 |  6.33 |  8.26 | 4.92 |  4.26 |  6.62 |  7.61 |  3.69 |  6.16 |  5.66 |  4.57 |  5.52 |
|        15 |  5.70 |  2.98 |  4.88 |  2.87 |  5.85 |  4.77 |  5.19 |  4.28 |  4.17 |  4.97 |  3.55 |  4.96 |  5.32 |  4.84 |  6.58 |  4.24 |  5.74 |  5.76 |  6.26 |  5.27 |  4.93 |  4.54 |  4.79 |  6.84 |  4.84 |  5.10 |  5.77 |  4.05 |  3.86 |  4.70 |  7.48 | 3.17 |  5.07 |  5.40 |  5.78 |  3.52 |  3.56 |  4.93 |  3.62 |  3.80 |
|        16 |  0.67 |  4.89 |  1.96 |  1.94 |  2.52 |  3.32 |  1.56 |  2.77 |  0.76 |  1.22 |  1.14 |  1.16 |  1.65 |  3.53 |  5.71 |  4.31 |  3.69 |  2.61 |  3.84 |  2.25 |  3.46 |  1.42 |  3.85 |  4.48 |  3.80 |  4.89 |  2.70 |  4.54 |  2.40 |  2.26 |  4.32 | 4.70 |  0.79 |  3.77 |  1.68 |  4.47 |  2.69 |  3.02 |  1.87 |  0.95 |
|        17 |  5.80 |  5.26 |  1.48 |  4.93 |  4.03 |  5.27 |  2.97 |  4.86 |  4.03 |  6.35 |  5.15 |  3.32 |  4.97 |  4.90 |  6.08 |  5.26 |  4.65 |  3.41 |  3.75 |  4.62 |  5.34 |  5.70 |  5.05 |  5.71 |  5.94 |  6.10 |  4.53 |  5.44 |  3.78 |  5.26 |  2.64 | 5.99 |  6.20 |  5.07 |  3.15 |  5.17 |  5.12 |  5.01 |  5.53 |  4.48 |
|        18 |  5.03 |  4.77 |  6.17 |  4.49 |  3.98 |  4.55 |  4.88 |  5.01 |  5.77 |  5.02 |  5.85 |  5.94 |  4.42 |  4.65 |  6.90 |  5.97 |  4.49 |  4.91 |  5.68 |  4.32 |  5.54 |  5.09 |  4.95 |  5.82 |  5.14 |  5.96 |  4.57 |  6.14 |  4.46 |  4.97 |  3.45 | 4.96 |  3.36 |  4.22 |  5.10 |  6.39 |  5.11 |  5.19 |  5.78 |  4.81 |
|        19 |  4.03 |  5.15 |  4.48 |  4.64 |  4.91 |  4.38 |  4.52 |  4.51 |  4.96 |  4.55 |  5.11 |  2.72 |  3.74 |  4.17 |  7.38 |  6.12 |  4.39 |  4.48 |  5.27 |  4.40 |  5.24 |  3.42 |  5.03 |  5.17 |  5.22 |  5.96 |  3.95 |  6.54 |  3.61 |  4.43 |  4.73 | 4.83 |  5.10 |  4.77 |  4.57 |  6.14 |  4.84 |  5.75 |  5.07 |  4.95 |
|        20 |  3.62 |  5.02 |  4.43 |  4.24 |  5.13 |  4.36 |  2.76 |  3.99 |  3.72 |  4.58 |  4.43 |  2.86 |  3.66 |  4.46 |  6.53 |  6.28 |  4.08 |  2.66 |  4.97 |  3.33 |  4.93 |  3.34 |  4.89 |  5.08 |  5.25 |  5.74 |  4.04 |  5.99 |  4.28 |  4.72 |  2.87 | 4.37 |  4.11 |  4.73 |  3.68 |  4.21 |  4.78 |  5.49 |  4.81 |  3.32 |
|        21 |  3.45 |  5.12 |  4.64 |  3.76 |  4.48 |  4.24 |  2.67 |  3.82 |  3.79 |  4.64 |  4.78 |  3.32 |  3.64 |  4.88 |  6.41 |  6.88 |  3.84 |  3.10 |  5.25 |  2.93 |  4.81 |  3.84 |  4.63 |  4.90 |  5.28 |  5.71 |  3.96 |  6.31 |  4.63 |  4.93 |  2.88 | 4.32 |  3.63 |  4.97 |  4.25 |  4.39 |  4.61 |  5.31 |  5.41 |  2.32 |
|        22 |  3.25 |  5.13 |  4.40 |  3.84 |  4.58 |  4.62 |  3.13 |  4.04 |  3.53 |  4.48 |  5.00 |  3.71 |  3.54 |  4.74 |  6.52 |  7.10 |  3.37 |  4.08 |  5.46 |  2.44 |  4.37 |  3.95 |  4.17 |  4.39 |  5.36 |  5.88 |  3.71 |  6.00 |  4.27 |  5.06 |  3.34 | 4.61 |  3.17 |  5.07 |  4.04 |  4.82 |  4.61 |  5.02 |  5.62 |  2.92 |
|        23 |  3.69 |  5.23 |  4.71 |  3.85 |  4.64 |  4.76 |  3.79 |  4.22 |  3.54 |  4.66 |  5.07 |  3.41 |  3.43 |  4.98 |  6.84 |  7.96 |  3.63 |  4.13 |  5.84 |  2.59 |  4.16 |  4.45 |  4.11 |  4.40 |  5.30 |  5.91 |  3.81 |  5.86 |  4.30 |  5.06 |  3.48 | 4.56 |  3.67 |  5.34 |  4.85 |  5.70 |  4.75 |  5.06 |  5.57 |  3.82 |
|        24 |  3.69 |  5.51 |  4.98 |  3.95 |  4.60 |  4.86 |  2.83 |  4.30 |  3.26 |  4.79 |  5.15 |  3.05 |  3.44 |  5.24 |  7.76 |  8.54 |  3.90 |  4.49 |  6.64 |  3.11 |  4.15 |  4.18 |  4.40 |  4.61 |  6.19 |  6.03 |  4.01 |  6.37 |  5.52 |  5.82 |  3.63 | 4.33 |  3.95 |  5.75 |  4.56 |  5.29 |  4.76 |  5.48 |  5.77 |  3.67 |
|        25 |  3.91 |  5.77 |  5.82 |  4.15 |  4.84 |  5.04 |  3.16 |  4.37 |  3.27 |  5.23 |  5.52 |  3.52 |  3.70 |  5.19 |  8.12 |  9.82 |  4.39 |  5.17 |  7.10 |  3.29 |  4.42 |  4.76 |  5.01 |  4.58 |  6.61 |  6.82 |  4.41 |  6.74 |  5.67 |  5.98 |  3.81 | 4.22 |  3.64 |  6.62 |  5.28 |  5.87 |  5.31 |  5.65 |  6.67 |  3.23 |
|        26 |  4.41 |  5.99 |  6.47 |  3.99 |  5.65 |  5.28 |  3.53 |  4.95 |  4.02 |  5.98 |  5.92 |  4.04 |  3.60 |  5.38 |  7.96 |  9.73 |  3.77 |  6.10 |  7.58 |  2.98 |  4.61 |  4.46 |  5.25 |  5.13 |  7.12 |  7.59 |  5.07 |  7.11 |  5.87 |  5.86 |  3.96 | 4.16 |  4.02 |  6.93 |  5.81 |  5.90 |  5.39 |  5.98 |  7.69 |  2.93 |
|        27 |  4.56 |  5.88 |  6.54 |  4.30 |  6.63 |  5.52 |  4.25 |  5.44 |  4.77 |  6.06 |  6.17 |  4.25 |  3.78 |  5.90 |  8.77 | 11.20 |  3.92 |  6.91 |  8.56 |  3.48 |  4.90 |  5.38 |  4.84 |  5.13 |  7.71 |  7.88 |  6.00 |  7.68 |  6.52 |  6.70 |  4.16 | 4.47 |  4.14 |  7.64 |  5.92 |  6.11 |  6.27 |  6.33 |  7.61 |  3.72 |
|        28 |  4.72 |  6.26 |  7.09 |  4.61 |  7.37 |  6.07 |  4.77 |  6.45 |  4.89 |  6.83 |  7.07 |  4.49 |  3.98 |  6.59 |  9.53 | 12.71 |  4.82 |  7.56 |  9.89 |  3.75 |  4.91 |  5.61 |  5.69 |  5.74 |  7.65 |  8.13 |  7.32 |  8.33 |  7.23 |  7.44 |  5.35 | 4.44 |  4.73 |  8.49 |  5.93 |  7.05 |  6.42 |  7.02 |  7.55 |  4.44 |
|        29 |  4.91 |  7.22 |  7.37 |  5.07 |  7.85 |  6.50 |  5.29 |  7.83 |  5.11 |  6.92 |  7.81 |  4.97 |  4.59 |  7.06 | 10.63 | 12.18 |  5.20 |  8.52 | 11.16 |  4.17 |  5.26 |  5.51 |  5.69 |  6.88 |  7.25 | 10.14 |  7.57 |  8.81 |  7.90 |  7.91 |  5.74 | 4.50 |  5.11 |  8.80 |  7.45 |  7.43 |  6.51 |  8.00 |  8.49 |  5.09 |
|        30 |  5.11 |  6.91 |  8.55 |  5.16 |  7.93 |  7.45 |  4.80 |  8.20 |  5.26 |  7.86 |  8.15 |  5.22 |  4.88 |  7.64 | 12.18 | 11.62 |  5.44 |  9.23 | 11.83 |  3.32 |  5.35 |  5.97 |  5.66 |  6.39 |  7.81 | 10.51 |  7.67 |  9.18 |  8.40 |  7.89 |  5.38 | 5.08 |  4.95 |  9.70 |  8.19 |  7.66 |  7.61 |  9.25 |  9.39 |  4.94 |
|        31 |  5.50 |  6.23 |  9.47 |  5.46 |  8.25 |  8.44 |  6.04 |  9.08 |  6.00 |  8.58 |  8.56 |  4.91 |  5.71 |  8.64 | 11.92 | 11.38 |  5.75 | 10.51 | 11.25 |  3.28 |  5.62 |  6.58 |  6.33 |  7.04 |  8.55 | 11.92 |  7.69 |  9.72 |  8.95 |  8.80 |  6.94 | 5.58 |  4.49 | 11.53 |  9.30 |  8.37 |  7.74 | 10.03 | 10.46 |  5.66 |
|        32 |  7.49 |  9.22 |  9.97 |  6.13 |  9.31 |  9.33 |  4.92 |  9.96 |  6.77 |  9.17 |  9.86 |  6.13 |  6.07 | 10.81 | 12.62 | 11.48 |  5.56 | 11.86 | 11.65 |  4.67 |  6.44 |  8.33 |  8.40 |  7.02 | 10.07 | 12.55 |  9.44 | 11.24 |  9.55 | 10.70 |  5.38 | 6.04 |  8.28 | 12.00 |  9.88 |  9.68 |  9.60 | 10.80 | 11.06 |  6.05 |
|        33 |  8.17 | 11.56 | 11.23 |  7.57 | 10.82 |  9.90 |  6.06 | 11.14 |  8.68 | 10.79 | 12.09 |  8.08 |  6.53 | 13.99 | 12.63 | 12.60 |  6.05 | 11.73 | 12.65 |  7.84 |  8.52 | 10.44 | 10.02 |  9.16 | 13.53 | 13.57 | 11.01 | 13.56 | 11.21 | 12.16 |  6.67 | 7.61 |  9.73 | 14.17 | 11.92 |  9.91 | 10.20 | 12.75 | 12.35 |  6.47 |
|        34 |  9.13 | 12.98 | 13.12 |  8.19 | 10.78 | 11.57 |  7.99 | 13.07 |  9.90 | 10.69 | 12.43 |  9.96 |  8.54 | 15.64 | 12.80 | 13.89 |  7.16 | 11.99 | 13.09 |  9.61 |  9.43 | 11.58 | 10.49 | 11.24 | 14.55 | 15.12 | 12.01 | 13.69 | 11.38 | 11.70 |  7.85 | 7.57 |  9.20 | 14.66 | 13.80 | 11.14 |  9.45 | 14.22 | 13.12 |  7.55 |
|        35 |  9.33 | 13.35 | 13.69 |  9.39 | 11.04 | 13.36 |  8.53 | 14.18 | 10.94 | 11.55 | 14.05 | 10.71 |  9.94 | 17.09 | 13.25 | 14.14 |  7.65 | 11.54 | 14.16 | 10.54 |  9.68 | 12.51 | 11.07 | 12.42 | 13.93 | 16.28 | 12.61 | 13.05 | 11.63 | 10.12 |  7.70 | 7.69 |  9.02 | 15.69 | 15.15 | 12.63 | 10.52 | 14.31 | 13.69 |  8.55 |
|        36 |  9.34 | 12.49 | 13.39 |  8.63 | 12.52 | 14.08 |  8.12 | 13.96 | 10.15 | 11.16 | 13.40 | 10.76 | 10.01 | 17.72 | 13.69 | 14.72 |  7.33 | 10.90 | 14.12 | 10.84 | 10.13 | 12.91 | 12.67 | 12.81 | 14.08 | 16.48 | 14.12 | 12.87 | 11.37 |  8.75 |  7.59 | 8.11 | 10.10 | 15.68 | 13.85 | 13.17 | 11.37 | 14.12 | 14.45 |  8.73 |
|        37 |  8.47 | 11.77 | 13.85 |  8.05 | 10.48 | 13.99 |  7.91 | 13.41 | 10.72 |  9.95 | 12.41 | 11.17 |  8.41 | 17.71 | 13.47 | 14.05 |  6.41 | 11.20 | 14.22 | 10.14 |  9.89 | 12.90 | 13.03 | 12.24 | 13.57 | 16.47 | 14.53 | 13.03 | 11.59 |  8.15 |  6.62 | 8.10 |  9.62 | 15.86 | 12.36 | 12.50 | 10.82 | 12.64 | 13.92 |  8.59 |
|        38 |  7.27 |  9.88 | 12.63 |  7.96 |  9.02 | 12.15 |  7.56 | 12.84 | 10.95 |  9.69 | 11.85 | 11.08 |  7.06 | 16.69 | 12.40 | 13.43 |  6.25 | 10.79 | 12.20 |  8.83 |  9.00 | 12.06 | 11.79 | 11.28 | 12.65 | 17.03 | 14.29 | 12.42 | 11.15 |  7.70 |  5.82 | 7.49 |  9.28 | 12.63 |  9.93 | 11.16 |  8.86 | 11.75 | 12.14 |  8.06 |
|        39 |  5.87 |  8.69 | 10.60 |  6.83 |  8.25 | 10.34 |  6.53 | 10.89 |  8.81 |  9.13 | 11.17 |  9.08 |  5.41 | 14.44 | 10.91 | 12.38 |  5.11 |  9.81 | 10.77 |  7.19 |  7.05 |  9.89 |  9.13 |  9.80 | 11.19 | 15.28 | 12.75 | 10.52 |  8.89 |  6.34 |  4.85 | 7.05 |  8.29 | 11.88 |  9.31 |  9.42 |  7.40 |  8.51 | 11.44 |  6.77 |
|        40 |  4.43 |  8.20 |  8.15 |  5.23 |  7.28 |  8.06 |  5.34 |  9.10 |  5.57 |  7.42 |  9.82 |  5.47 |  4.19 | 11.69 | 10.36 | 10.16 |  4.05 |  9.80 | 11.61 |  4.56 |  5.24 |  6.08 |  5.82 |  7.24 |  8.97 | 12.07 |  9.22 |  6.92 |  7.70 |  4.42 |  3.79 | 4.47 |  5.72 | 10.72 |  9.95 |  8.03 |  5.64 |  8.28 | 11.96 |  4.80 |
|        41 |  4.80 |  7.41 |  7.21 |  5.48 |  6.37 |  7.28 |  5.81 |  8.16 |  4.70 |  6.35 |  9.01 |  5.62 |  4.55 | 10.36 |  9.64 |  8.56 |  4.41 |  9.62 | 11.34 |  5.03 |  5.20 |  5.46 |  5.96 |  6.60 |  7.98 | 10.90 |  8.56 |  6.39 |  7.82 |  4.32 |  4.36 | 4.16 |  5.34 |  8.68 |  8.75 |  7.36 |  4.91 |  7.74 | 10.93 |  4.55 |
|        42 |  3.87 |  6.46 |  6.71 |  4.65 |  6.82 |  6.76 |  5.62 |  7.63 |  4.74 |  6.29 |  8.29 |  5.92 |  3.81 | 10.15 |  8.27 |  7.39 |  4.26 |  8.12 |  9.08 |  4.32 |  4.65 |  5.64 |  5.39 |  6.68 |  7.13 | 10.56 |  8.42 |  6.08 |  7.29 |  3.52 |  4.29 | 4.40 |  4.56 |  7.10 |  8.52 |  7.05 |  4.91 |  7.58 |  9.13 |  4.55 |
|        43 |  2.95 |  5.44 |  5.91 |  3.93 |  6.68 |  6.52 |  5.16 |  6.93 |  4.70 |  6.64 |  8.08 |  5.53 |  3.53 |  9.64 |  7.25 |  6.53 |  3.67 |  6.49 |  6.84 |  3.75 |  4.40 |  5.08 |  4.98 |  6.15 |  6.11 | 10.06 |  8.39 |  5.55 |  6.74 |  2.07 |  4.02 | 3.56 |  4.15 |  5.68 |  8.16 |  6.49 |  4.26 |  7.23 |  7.67 |  3.56 |
|        44 |  2.20 |  4.58 |  5.57 |  3.82 |  6.23 |  5.74 |  5.02 |  6.43 |  4.10 |  6.31 |  7.45 |  4.84 |  2.23 | 10.12 |  6.70 |  5.89 |  2.87 |  5.47 |  6.19 |  3.46 |  4.00 |  4.56 |  4.58 |  5.56 |  5.84 |  9.74 |  8.29 |  5.06 |  6.15 |  2.42 |  3.68 | 2.12 |  3.69 |  4.99 |  7.06 |  5.96 |  3.65 |  6.44 |  7.23 |  2.83 |
|        45 |  2.09 |  3.95 |  5.29 |  3.47 |  6.10 |  4.77 |  4.85 |  5.98 |  3.86 |  5.67 |  7.18 |  4.28 |  1.87 | 10.43 |  6.53 |  5.28 |  2.37 |  4.42 |  6.28 |  3.68 |  4.20 |  4.05 |  4.26 |  5.26 |  5.94 |  9.53 |  8.27 |  5.24 |  5.77 |  3.00 |  3.29 | 0.88 |  3.40 |  5.11 |  5.99 |  5.86 |  2.84 |  6.06 |  6.94 |  2.85 |
|        46 |  1.91 |  3.92 |  5.36 |  3.49 |  6.00 |  4.70 |  4.92 |  6.00 |  3.70 |  5.54 |  7.13 |  4.02 |  2.72 | 10.22 |  6.34 |  4.92 |  1.62 |  3.97 |  6.23 |  3.82 |  4.44 |  3.69 |  4.25 |  5.26 |  5.57 |  8.82 |  7.83 |  5.58 |  5.53 |  2.62 |  3.73 | 0.64 |  3.39 |  4.75 |  5.12 |  5.63 |  2.36 |  6.03 |  6.99 |  3.34 |
|        47 |  1.72 |  3.99 |  5.39 |  3.29 |  5.72 |  4.42 |  4.98 |  6.06 |  2.81 |  6.33 |  6.86 |  4.01 |  2.71 | 10.70 |  5.95 |  4.90 |  1.22 |  3.97 |  5.78 |  3.75 |  4.47 |  4.25 |  4.44 |  5.22 |  5.02 |  7.80 |  7.41 |  5.41 |  5.26 |  1.46 |  3.59 | 1.48 |  3.56 |  4.07 |  4.66 |  5.18 |  2.30 |  5.69 |  6.75 |  3.31 |
|        48 |  2.18 |  3.81 |  5.59 |  2.87 |  5.34 |  4.27 |  5.34 |  5.98 |  2.10 |  6.73 |  6.62 |  3.82 |  3.14 | 11.12 |  5.47 |  4.80 |  1.85 |  3.46 |  4.92 |  3.96 |  4.05 |  4.41 |  4.72 |  5.08 |  4.65 |  6.37 |  7.52 |  5.81 |  5.44 |  1.16 |  3.24 | 2.43 |  3.45 |  3.57 |  4.86 |  4.96 |  1.91 |  5.02 |  6.94 |  3.86 |
|        51 |  2.90 |  4.73 |  5.27 |  4.31 |  5.78 |  4.38 |  5.97 |  6.21 |  1.93 |  7.16 |  6.32 |  3.94 |  4.26 | 11.58 |  5.23 |  4.42 |  2.20 |  2.51 |  3.23 |  4.32 |  4.74 |  3.99 |  5.02 |  5.19 |  4.48 |  5.57 |  7.45 |  6.68 |  6.16 |  2.31 |  4.92 | 3.16 |  4.09 |  3.01 |  4.28 |  5.50 |  3.22 |  5.79 |  6.70 |  4.31 |
|        54 |  3.46 |  5.09 |  6.41 |  5.96 |  6.77 |  4.74 |  7.30 |  7.58 |  1.90 |  7.86 |  6.98 |  4.70 |  5.72 | 12.70 |  5.95 |  6.02 |  4.61 |  1.50 |  2.29 |  4.72 |  5.04 |  4.46 |  5.19 |  6.28 |  4.69 |  5.85 |  9.19 |  7.61 |  6.27 |  2.52 |  6.00 | 4.08 |  5.53 |  3.24 |  4.20 |  6.94 |  3.07 |  5.98 |  7.31 |  5.48 |
|        57 |  2.84 |  7.60 | 11.60 |  9.01 | 10.32 |  8.85 | 10.20 | 13.57 |  3.52 | 11.63 | 11.49 |  9.71 |  6.12 | 12.56 |  8.74 |  9.86 |  4.54 |  2.48 |  2.88 |  8.78 |  7.68 |  6.08 |  9.97 | 10.37 |  4.03 |  8.88 | 16.35 | 12.40 |  9.30 |  2.58 |  6.58 | 4.41 |  8.25 |  5.57 |  4.88 | 11.14 |  3.80 |  9.58 | 10.96 |  6.61 |
|        60 |  6.66 |  9.66 | 12.08 | 13.17 | 13.69 | 15.28 | 14.22 | 14.15 |  7.23 | 11.99 | 16.99 | 16.38 | 11.04 |  5.76 | 11.49 | 13.11 |  5.87 |  3.80 |  3.25 | 11.56 | 10.23 | 10.70 | 14.73 | 13.76 |  3.32 | 12.65 | 15.40 | 14.74 | 14.84 |  4.36 |  9.79 | 6.98 |  9.39 |  8.91 |  5.41 | 15.42 |  6.59 | 14.38 | 15.52 |  7.49 |
|        63 |  5.91 | 10.16 | 10.08 | 10.76 | 11.64 | 10.99 |  8.55 | 11.76 |  7.34 |  5.40 | 12.89 | 13.46 |  8.30 |  5.83 |  8.06 |  9.09 |  4.70 |  4.32 |  0.80 |  5.56 |  9.02 |  7.33 |  8.81 | 11.66 |  3.68 |  8.47 |  7.81 | 10.18 | 10.13 |  3.76 |  6.30 | 4.31 |  4.55 |  9.83 |  4.18 | 11.34 |  4.79 |  6.90 | 12.60 |  3.68 |
|        66 |  4.56 |  5.89 |  6.65 |  6.03 |  6.49 |  6.49 |  4.60 |  4.17 |  4.79 |  2.62 |  7.34 |  6.99 |  5.27 |  3.83 |  5.96 |  6.60 |  4.44 |  4.28 |  3.48 |  3.10 |  6.44 |  5.63 |  4.88 |  7.15 |  4.25 |  5.60 |  4.51 |  4.06 |  5.49 |  2.98 |  4.13 | 3.23 |  4.22 |  6.85 |  3.04 |  3.83 |  3.69 |  6.38 |  4.76 |  3.92 |
|        69 |  7.00 |  3.54 |  3.00 |  2.25 |  6.23 |  4.17 |  5.36 |  3.65 |  4.36 |  5.73 |  5.94 |  3.54 |  3.76 |  1.08 |  4.47 |  6.23 |  2.98 |  3.80 |  1.70 |  3.47 |  4.58 |  5.65 |  2.99 |  3.46 |  4.51 |  3.70 |  6.46 |  2.00 |  3.66 |  2.02 |  2.18 | 1.13 |  1.36 |  8.94 |  4.46 |  4.24 |  2.86 |  4.60 |  4.00 |  1.12 |
|        72 |  9.27 |  6.52 |  3.36 |  5.13 |  5.11 |  0.68 |  6.16 |  2.06 |  3.85 |  6.06 |  6.17 |  4.30 |  1.49 |  2.08 |  0.55 |  6.99 |  3.02 |  5.26 |  0.62 |  4.28 |  1.25 |  5.21 |  2.37 |  5.69 |  6.02 |  1.68 |  5.33 |  5.39 |  2.11 |  0.84 |  0.70 | 1.30 |  4.78 |  5.45 |  4.79 |  3.76 |  0.36 |  5.34 |  1.87 |  4.56 |
|        78 | 13.27 |  5.51 |  5.68 |  5.16 |  3.58 |  5.08 |  5.79 |  4.31 |  2.99 |  5.99 |  5.50 |  4.05 |  4.88 |  4.23 |  5.96 |  6.19 |  6.44 |  7.89 |  3.35 |  4.58 |  6.25 |  3.66 |  4.96 |  5.07 |  8.91 |  6.80 |  4.44 |  4.58 |  3.90 |  2.96 |  4.45 | 3.85 |  6.79 |  4.96 |  2.72 |  4.87 |  4.16 |  5.89 |  2.68 |  6.83 |
|        84 | 10.54 | 12.52 | 10.79 | 12.22 |  3.25 |  7.98 | 10.86 |  8.22 |  1.02 |  7.70 | 12.18 |  6.83 | 11.03 | 10.00 |  5.28 | 13.72 | 12.14 |  8.51 |  9.46 |  7.18 | 11.92 |  1.13 |  8.49 |  6.67 | 16.38 | 10.00 |  8.76 |  8.10 |  3.32 |  7.52 | 11.18 | 7.78 | 10.47 |  8.60 |  3.58 | 11.81 | 10.73 | 12.01 | 10.79 | 12.03 |
|        90 |  3.74 |  5.15 |  4.69 |  4.42 |  4.05 |  3.58 |  3.66 |  4.61 |  3.65 |  3.50 |  6.00 |  3.90 |  6.40 |  3.46 |  1.57 |  6.00 |  8.59 |  4.92 |  4.89 |  2.74 |  6.34 |  1.86 |  3.59 |  2.62 |  7.29 |  4.54 |  2.84 |  3.05 |  3.19 |  4.01 |  5.95 | 2.16 |  4.88 |  4.39 |  2.93 |  4.98 |  5.68 |  3.48 |  4.82 |  5.12 |
|        96 |  0.73 |  1.93 |  0.55 |  0.79 |  2.43 |  0.84 |  1.79 |  0.86 |  1.78 |  1.64 |  1.47 |  0.93 |  2.08 |  0.94 |  1.10 |  2.96 |  7.11 |  3.76 |  3.87 |  1.63 |  3.89 |  3.06 |  2.78 |  3.53 |  5.47 |  0.95 |  1.88 |  3.12 |  1.59 |  2.03 |  3.37 | 3.85 |  2.98 |  0.03 |  1.56 |  2.19 |  3.18 |  0.70 |  3.46 |  1.95 |
|       102 |  5.69 |  3.43 |  1.41 |  2.47 |  1.52 |  1.11 |  2.88 |  2.56 |  2.69 |  2.80 |  1.92 |  0.26 |  0.81 |  1.31 |  1.59 |  2.62 |  6.67 |  5.00 |  4.09 |  1.53 |  3.31 |  4.87 |  0.55 |  4.89 |  2.40 |  2.27 |  1.57 |  4.60 |  2.02 |  4.27 |  2.27 | 4.23 |  3.78 |  1.65 |  1.61 |  0.77 |  2.48 |  1.81 |  2.94 |  1.62 |
|       108 | 11.49 |  8.63 |  5.97 |  7.34 |  7.20 |  1.58 |  2.81 |  0.15 |  5.82 |  2.94 |  1.33 |  1.24 |  2.04 |  3.45 |  4.41 |  2.22 | 12.39 |  9.66 | 10.87 |  9.78 |  8.17 | 10.06 |  1.80 | 12.35 |  2.49 |  4.57 |  4.01 |  9.83 |  1.59 |  5.56 |  5.37 | 7.87 |  6.98 |  1.31 |  2.00 |  1.67 |  8.87 |  2.13 |  3.62 |  3.00 |
|       114 |  4.82 |  5.28 |  3.77 |  4.88 |  3.62 |  3.60 |  2.48 |  2.72 |  4.12 |  1.88 |  2.07 |  4.47 |  3.26 |  4.01 |  4.43 |  2.98 |  5.31 |  6.54 |  5.05 |  5.71 |  4.96 |  4.71 |  0.38 |  4.19 |  4.71 |  3.69 |  2.32 |  4.28 |  2.30 |  4.37 |  3.88 | 4.54 |  3.31 |  3.15 |  1.78 |  4.81 |  7.07 |  3.51 |  2.49 |  1.84 |
|       120 |  2.26 |  4.05 |  6.20 |  4.60 |  3.13 |  2.00 |  1.04 |  1.12 |  0.55 |  1.17 |  1.48 |  4.97 |  5.06 |  2.31 |  2.35 |  2.95 |  3.61 |  4.91 |  3.08 |  5.16 |  4.38 |  3.52 |  0.32 |  3.72 |  1.71 |  3.61 |  2.38 |  6.32 |  3.64 |  1.52 |  0.83 | 5.01 |  1.63 |  0.99 |  2.93 |  1.50 |  6.35 |  3.26 |  1.25 |  0.43 |
