# variable: Total Cloud Cover
# units: percent
# 
| fcst_hour |      1 |      2 |      3 |      4 |      5 |      6 |      7 |      8 |      9 |     10 |     11 |     12 |     13 |     14 |     15 |     16 |     17 |     18 |     19 |     20 |     21 |     22 |     23 |     24 |     25 |     26 |     27 |     28 |     29 |     30 |     31 |     32 |     33 |     34 |     35 |     36 |     37 |     38 |     39 |     40 |
|         0 |  59.31 |  92.78 |  96.71 |  95.39 |  93.45 | 100.00 | 100.00 | 100.00 |  95.69 | 100.00 |  95.06 |  85.90 |  86.21 | 100.00 | 100.00 | 100.00 |  96.37 |  84.74 |  85.26 | 100.00 |  95.53 |  87.36 | 100.00 |  99.89 | 100.00 |  94.37 | 100.00 |  98.04 |  80.63 | 100.00 |  99.87 |  89.41 | 100.00 |  90.46 |  85.92 |  89.15 |  94.72 | 100.00 |  89.81 | 100.00 |
|         1 |  72.56 |  86.22 |  98.47 | 100.00 | 100.00 |  81.27 | 100.00 | 100.00 |  93.75 | 100.00 |  95.26 |  87.23 |  90.55 | 100.00 | 100.00 | 100.00 |  90.33 |  99.00 | 100.00 |  98.90 |  99.99 | 100.00 |  99.92 |  89.66 | 100.00 | 100.00 |  88.55 | 100.00 | 100.00 | 100.00 |  90.83 | 100.00 | 100.00 | 100.00 | 100.00 |  97.58 |  84.33 | 100.00 | 100.00 | 100.00 |
|         2 | 100.00 |  71.51 |  94.51 |  86.97 | 100.00 | 100.00 | 100.00 | 100.00 | 100.00 | 100.00 |  76.28 | 100.00 |  97.08 | 100.00 | 100.00 | 100.00 | 100.00 | 100.00 | 100.00 |  88.84 | 100.00 | 100.00 | 100.00 | 100.00 | 100.00 | 100.00 |  93.56 |  97.96 |  87.14 | 100.00 |  97.55 | 100.00 | 100.00 | 100.00 | 100.00 | 100.00 | 100.00 | 100.00 | 100.00 |  99.67 |
|         3 | 100.00 |  96.50 | 100.00 | 100.00 | 100.00 | 100.00 | 100.00 |  87.73 | 100.00 | 100.00 |  99.86 | 100.00 |  86.70 | 100.00 | 100.00 | 100.00 | 100.00 | 100.00 | 100.00 | 100.00 | 100.00 | 100.00 | 100.00 | 100.00 | 100.00 | 100.00 | 100.00 | 100.00 |  88.35 | 100.00 |  89.94 | 100.00 | 100.00 | 100.00 | 100.00 | 100.00 | 100.00 | 100.00 | 100.00 |  99.24 |
|         4 |  97.96 | 100.00 | 100.00 |  95.21 | 100.00 | 100.00 |  68.04 |  79.53 | 100.00 |  81.72 |  96.72 | 100.00 | 100.00 |  99.71 | 100.00 | 100.00 | 100.00 | 100.00 | 100.00 | 100.00 |  95.46 | 100.00 |  78.01 |  63.88 | 100.00 | 100.00 |  69.15 | 100.00 | 100.00 |  65.43 |  89.22 |  60.25 | 100.00 |  93.12 |  56.72 | 100.00 | 100.00 | 100.00 |  90.36 | 100.00 |
|         5 |  74.63 |  53.72 | 100.00 |  84.11 |  77.02 |  51.33 |  91.00 |  69.04 |  69.96 | 100.00 |  91.73 |  66.24 |  39.32 |  98.81 |  84.39 |  87.91 |  74.50 |  96.35 |  45.37 |  79.95 |  77.35 |  70.56 |  91.98 |  80.88 |  76.95 |  55.71 | 100.00 |  89.61 | 100.00 |  59.88 |  98.47 |  78.76 |  47.46 |  78.48 | 100.00 |  70.76 |  77.57 |  98.94 | 100.00 |  71.30 |
|         6 | 100.00 | 100.00 | 100.00 | 100.00 | 100.00 | 100.00 | 100.00 | 100.00 | 100.00 | 100.00 | 100.00 |  41.74 | 100.00 | 100.00 | 100.00 |  79.29 | 100.00 | 100.00 | 100.00 |  95.60 | 100.00 | 100.00 | 100.00 | 100.00 | 100.00 | 100.00 | 100.00 | 100.00 |  77.20 | 100.00 | 100.00 | 100.00 | 100.00 | 100.00 | 100.00 |  96.96 | 100.00 |  84.49 | 100.00 | 100.00 |
|         7 | 100.00 | 100.00 | 100.00 |  64.93 |  99.57 |  90.14 |  73.25 | 100.00 |  97.43 | 100.00 | 100.00 |  92.12 |  98.12 |  99.32 | 100.00 | 100.00 | 100.00 | 100.00 | 100.00 | 100.00 |  86.98 |  86.49 | 100.00 |  94.54 | 100.00 | 100.00 | 100.00 |  96.63 | 100.00 | 100.00 | 100.00 |  93.75 | 100.00 | 100.00 |  55.17 | 100.00 | 100.00 |  99.83 |  50.04 | 100.00 |
|         8 |  70.65 | 100.00 |  78.30 |  69.52 |  77.12 |  62.32 |  65.01 |  69.73 |  46.83 |  97.23 | 100.00 |  29.10 |  44.29 |  92.45 |  61.38 |  80.51 |  60.30 |  72.37 |  79.66 |  38.10 |  77.80 |  66.87 | 100.00 |  79.35 |  86.88 |  45.54 |  31.10 |  60.98 |  82.38 | 100.00 |  42.18 |  73.94 |  87.26 |  90.63 |  61.17 |  94.12 |  58.39 |  77.46 |  56.98 |  93.09 |
|         9 |  39.19 |  97.39 |  85.42 |  59.20 |  90.57 | 100.00 |  47.83 |  98.44 |  47.92 |  94.75 |  61.29 |  10.98 |  51.63 |  98.72 |  84.74 |  90.37 |  60.29 |  64.54 | 100.00 |  67.54 |  42.70 |  84.65 |  78.33 |  50.32 |  85.32 |  61.01 |  20.52 |  92.51 |  70.43 |  81.00 |  45.83 |  83.09 |  89.30 |  90.13 |  77.94 |  98.80 |  66.05 |  54.50 |  81.27 |  81.95 |
|        10 |  57.10 |  91.03 | 100.00 | 100.00 |  85.11 |  76.50 |  41.97 | 100.00 |  94.40 |  91.78 |  99.09 |  16.80 |  31.26 | 100.00 |  79.65 |  89.27 | 100.00 |  82.05 |  91.98 |  14.90 |  61.89 |  80.72 |  70.49 |  86.19 | 100.00 | 100.00 |  82.50 |  80.50 |  83.16 |  81.54 |  14.83 |  81.69 | 100.00 |  97.74 |  92.90 | 100.00 |  80.82 |  75.90 |  93.22 |  91.02 |
|        11 |  38.60 | 100.00 | 100.00 | 100.00 | 100.00 | 100.00 |  19.67 | 100.00 |  95.45 | 100.00 | 100.00 |   3.19 |  98.73 | 100.00 |  79.44 |  85.86 | 100.00 | 100.00 |  94.06 | 100.00 |  51.20 |  51.36 | 100.00 | 100.00 |  97.63 | 100.00 | 100.00 |  76.95 |  96.98 | 100.00 |  31.25 |  98.91 | 100.00 |  95.07 |  99.57 |  99.03 | 100.00 |  70.76 |  82.12 |  99.70 |
|        12 | 100.00 |  76.42 | 100.00 | 100.00 |  60.34 | 100.00 | 100.00 | 100.00 |  94.07 | 100.00 | 100.00 |  87.80 | 100.00 |  81.77 |  85.41 | 100.00 | 100.00 | 100.00 | 100.00 | 100.00 |  30.52 |  97.14 | 100.00 | 100.00 |  69.67 |  39.65 |  24.10 |  69.56 |  77.29 | 100.00 | 100.00 | 100.00 | 100.00 |  88.72 |  58.47 |  84.61 |  86.84 | 100.00 |  78.79 |  94.98 |
|        13 |  37.03 |  34.37 | 100.00 | 100.00 |   5.00 | 100.00 | 100.00 |  94.00 |  92.37 | 100.00 | 100.00 |  27.12 |  73.68 |  64.56 | 100.00 | 100.00 | 100.00 |  29.00 |  39.21 |  85.97 |  32.99 | 100.00 | 100.00 |  73.70 |  53.46 |  31.71 |  76.96 |  43.01 |  83.00 | 100.00 |   1.59 | 100.00 | 100.00 |  98.99 |  36.96 |  93.90 |  64.38 | 100.00 |  80.94 | 100.00 |
|        14 |  33.09 |  15.11 |  37.59 | 100.00 |  55.34 |  95.42 | 100.00 |  32.06 |  29.22 | 100.00 |  29.73 |   9.04 |  20.32 |  53.88 | 100.00 |  61.66 | 100.00 |  15.70 |      0 |  39.17 |   9.36 | 100.00 | 100.00 | 100.00 |  46.97 |      0 | 100.00 |   6.64 |  25.39 | 100.00 |  47.34 |  11.25 |   3.69 |  41.16 |  27.87 |  61.60 |  37.09 | 100.00 |  49.86 | 100.00 |
|        15 |  26.39 | 100.00 | 100.00 |  42.14 | 100.00 |  14.99 | 100.00 |  51.99 |   2.22 |  33.38 | 100.00 |      0 |      0 |  89.26 | 100.00 | 100.00 |  92.24 |  13.31 | 100.00 |  31.11 |  65.44 |  40.19 | 100.00 | 100.00 | 100.00 |  21.76 | 100.00 |  36.89 | 100.00 |  24.91 |      0 |  21.17 |  82.71 | 100.00 |      0 |  40.40 |  75.93 |  95.37 | 100.00 |  96.76 |
|        16 | 100.00 | 100.00 | 100.00 |  97.25 | 100.00 |  16.51 | 100.00 |  75.44 | 100.00 | 100.00 | 100.00 |      0 |      0 |  92.97 | 100.00 | 100.00 |  55.58 |   4.18 | 100.00 |  66.76 | 100.00 |  64.40 | 100.00 | 100.00 | 100.00 | 100.00 | 100.00 | 100.00 | 100.00 |  40.84 |      0 |      0 |  93.82 | 100.00 |  42.19 | 100.00 | 100.00 |      0 | 100.00 |  52.83 |
|        17 | 100.00 | 100.00 | 100.00 | 100.00 |  80.20 | 100.00 | 100.00 | 100.00 | 100.00 | 100.00 | 100.00 |  17.65 |      0 | 100.00 | 100.00 | 100.00 |  56.57 |  32.25 | 100.00 |  72.85 | 100.00 |      0 |  60.37 | 100.00 | 100.00 | 100.00 | 100.00 | 100.00 | 100.00 | 100.00 |      0 |      0 | 100.00 | 100.00 | 100.00 | 100.00 | 100.00 | 100.00 | 100.00 | 100.00 |
|        18 | 100.00 | 100.00 | 100.00 | 100.00 | 100.00 | 100.00 |      0 | 100.00 | 100.00 | 100.00 | 100.00 |  89.33 | 100.00 | 100.00 | 100.00 | 100.00 | 100.00 |  68.65 | 100.00 | 100.00 | 100.00 |   3.86 | 100.00 | 100.00 | 100.00 | 100.00 | 100.00 | 100.00 | 100.00 | 100.00 |      0 |      0 | 100.00 | 100.00 | 100.00 | 100.00 | 100.00 | 100.00 | 100.00 | 100.00 |
|        19 | 100.00 | 100.00 | 100.00 | 100.00 | 100.00 | 100.00 |      0 | 100.00 | 100.00 | 100.00 | 100.00 | 100.00 | 100.00 | 100.00 | 100.00 | 100.00 | 100.00 | 100.00 | 100.00 | 100.00 | 100.00 |  12.10 | 100.00 | 100.00 | 100.00 | 100.00 | 100.00 | 100.00 | 100.00 | 100.00 | 100.00 |  90.93 | 100.00 | 100.00 | 100.00 | 100.00 | 100.00 | 100.00 | 100.00 | 100.00 |
|        20 | 100.00 | 100.00 | 100.00 | 100.00 | 100.00 | 100.00 |  83.61 | 100.00 | 100.00 | 100.00 | 100.00 | 100.00 | 100.00 | 100.00 | 100.00 | 100.00 | 100.00 | 100.00 | 100.00 | 100.00 | 100.00 | 100.00 | 100.00 | 100.00 | 100.00 | 100.00 |  82.64 | 100.00 | 100.00 | 100.00 | 100.00 | 100.00 |  81.15 | 100.00 | 100.00 | 100.00 | 100.00 | 100.00 |  13.04 | 100.00 |
|        21 | 100.00 | 100.00 | 100.00 |  97.45 | 100.00 |  99.72 | 100.00 |  94.65 | 100.00 |  71.37 |  83.72 | 100.00 | 100.00 | 100.00 | 100.00 | 100.00 | 100.00 | 100.00 | 100.00 | 100.00 | 100.00 | 100.00 | 100.00 | 100.00 | 100.00 | 100.00 | 100.00 | 100.00 | 100.00 | 100.00 | 100.00 | 100.00 | 100.00 | 100.00 | 100.00 | 100.00 | 100.00 | 100.00 |  48.80 | 100.00 |
|        22 | 100.00 |  87.30 | 100.00 | 100.00 | 100.00 | 100.00 | 100.00 |  99.76 |  92.46 | 100.00 | 100.00 |  90.58 | 100.00 | 100.00 | 100.00 | 100.00 |  85.66 | 100.00 | 100.00 | 100.00 | 100.00 | 100.00 | 100.00 | 100.00 |  96.99 | 100.00 | 100.00 | 100.00 |  99.49 | 100.00 | 100.00 | 100.00 | 100.00 | 100.00 | 100.00 | 100.00 | 100.00 | 100.00 |  68.44 | 100.00 |
|        23 | 100.00 |  93.79 |  99.85 | 100.00 | 100.00 | 100.00 | 100.00 | 100.00 | 100.00 |  92.25 |  97.17 | 100.00 | 100.00 | 100.00 | 100.00 | 100.00 |  98.33 |  94.32 | 100.00 | 100.00 | 100.00 | 100.00 | 100.00 |  89.02 | 100.00 | 100.00 | 100.00 | 100.00 | 100.00 | 100.00 |  86.81 | 100.00 | 100.00 | 100.00 | 100.00 | 100.00 | 100.00 | 100.00 |  99.12 | 100.00 |
|        24 | 100.00 | 100.00 | 100.00 | 100.00 |  99.37 | 100.00 | 100.00 | 100.00 | 100.00 | 100.00 | 100.00 |  82.27 |  97.92 | 100.00 | 100.00 | 100.00 | 100.00 | 100.00 |  96.26 | 100.00 | 100.00 | 100.00 | 100.00 | 100.00 | 100.00 | 100.00 | 100.00 | 100.00 |  97.67 | 100.00 | 100.00 | 100.00 | 100.00 |  97.71 | 100.00 |  87.98 | 100.00 | 100.00 |  95.41 | 100.00 |
|        25 | 100.00 | 100.00 | 100.00 |  90.11 | 100.00 | 100.00 | 100.00 | 100.00 | 100.00 | 100.00 | 100.00 | 100.00 |  90.12 | 100.00 | 100.00 | 100.00 | 100.00 | 100.00 | 100.00 | 100.00 | 100.00 | 100.00 | 100.00 | 100.00 | 100.00 | 100.00 | 100.00 | 100.00 | 100.00 | 100.00 |  62.03 | 100.00 | 100.00 |  75.92 |  99.03 |  99.96 |  96.27 | 100.00 |  78.69 | 100.00 |
|        26 | 100.00 | 100.00 | 100.00 |  99.24 | 100.00 | 100.00 | 100.00 | 100.00 | 100.00 | 100.00 | 100.00 | 100.00 |  89.98 | 100.00 | 100.00 | 100.00 | 100.00 | 100.00 | 100.00 | 100.00 | 100.00 | 100.00 | 100.00 | 100.00 | 100.00 |  97.75 |  91.62 | 100.00 | 100.00 | 100.00 | 100.00 | 100.00 | 100.00 | 100.00 |  86.74 | 100.00 | 100.00 | 100.00 |  82.40 |  91.37 |
|        27 | 100.00 | 100.00 | 100.00 |  98.79 | 100.00 | 100.00 | 100.00 | 100.00 | 100.00 | 100.00 | 100.00 | 100.00 |  82.23 | 100.00 | 100.00 |  91.27 | 100.00 | 100.00 | 100.00 | 100.00 | 100.00 | 100.00 | 100.00 | 100.00 | 100.00 |  66.89 | 100.00 | 100.00 | 100.00 |  93.42 |  84.06 | 100.00 | 100.00 | 100.00 |  73.40 | 100.00 | 100.00 | 100.00 |  89.60 | 100.00 |
|        28 | 100.00 |  96.71 | 100.00 |  89.40 | 100.00 | 100.00 |  96.91 | 100.00 | 100.00 | 100.00 | 100.00 | 100.00 |  94.10 | 100.00 | 100.00 |  83.78 | 100.00 |  99.94 | 100.00 |  93.14 | 100.00 | 100.00 |  91.78 |  75.43 | 100.00 |  74.28 |  98.53 | 100.00 | 100.00 |  73.48 | 100.00 |  86.91 |  90.35 | 100.00 |  86.72 | 100.00 | 100.00 | 100.00 |  92.82 |  97.78 |
|        29 | 100.00 | 100.00 |  92.62 |  91.36 | 100.00 |  88.60 |  98.27 |  99.30 | 100.00 | 100.00 | 100.00 |  96.19 |  95.22 | 100.00 |  91.64 | 100.00 |  93.29 |  85.43 | 100.00 |  91.89 |  98.06 | 100.00 | 100.00 |  63.79 | 100.00 |  88.09 |  96.67 |  97.49 | 100.00 |  97.91 |  71.29 |  95.75 | 100.00 |  94.16 |  87.51 |  87.76 | 100.00 | 100.00 |  83.09 |  91.31 |
|        30 | 100.00 |  95.01 | 100.00 |  88.48 |  97.17 |  77.75 |  91.76 |  95.32 | 100.00 |  82.64 | 100.00 |  95.14 | 100.00 | 100.00 |  99.83 | 100.00 |  90.86 | 100.00 |  88.87 |  86.40 | 100.00 | 100.00 | 100.00 |  98.07 | 100.00 |  67.08 | 100.00 | 100.00 | 100.00 |  68.07 |  67.05 |  84.51 | 100.00 |  87.44 |  97.83 |  78.43 | 100.00 |  89.68 | 100.00 |  93.60 |
|        31 |  93.99 | 100.00 | 100.00 |  97.22 |  89.87 |  86.95 |  85.59 |  77.15 |  98.27 |  73.92 | 100.00 |  91.61 | 100.00 |  76.98 | 100.00 | 100.00 | 100.00 |  74.79 |  90.67 |  92.90 |  95.92 |  95.93 | 100.00 |  59.45 |  90.15 |  71.54 | 100.00 | 100.00 | 100.00 |  85.00 |  54.36 |  24.88 | 100.00 |  74.28 |  99.45 |  83.91 | 100.00 |  45.40 |  92.74 |  92.93 |
|        32 |  83.99 | 100.00 |  99.33 |  98.99 | 100.00 | 100.00 |  98.82 |  52.73 | 100.00 |  59.30 | 100.00 |  93.72 | 100.00 |  97.26 | 100.00 |  86.16 |  66.93 |  74.62 | 100.00 |  93.27 | 100.00 | 100.00 |  97.74 |  82.32 |  93.39 |  50.29 | 100.00 |  91.96 | 100.00 |  85.45 |  52.83 |  43.00 | 100.00 |  86.84 |  97.78 |  80.88 | 100.00 | 100.00 |  95.85 | 100.00 |
|        33 |  95.12 | 100.00 | 100.00 | 100.00 | 100.00 |  81.60 |  98.18 |  61.62 |  96.14 |  65.47 | 100.00 | 100.00 | 100.00 | 100.00 |  99.68 |  95.87 | 100.00 |  82.95 |  95.04 | 100.00 | 100.00 | 100.00 | 100.00 |  61.59 | 100.00 |  78.60 | 100.00 |  95.75 | 100.00 |  80.32 |  37.75 |  66.42 | 100.00 | 100.00 |  82.49 |  82.20 | 100.00 |  40.44 | 100.00 |  99.27 |
|        34 |  91.94 | 100.00 | 100.00 | 100.00 | 100.00 | 100.00 |  99.73 |  50.90 | 100.00 |  99.69 | 100.00 | 100.00 | 100.00 | 100.00 | 100.00 |  93.70 | 100.00 |  96.82 | 100.00 |  89.16 | 100.00 | 100.00 |  98.15 |  84.22 | 100.00 |  89.47 | 100.00 |  81.88 | 100.00 | 100.00 |  49.85 |  96.07 |  98.94 | 100.00 | 100.00 |  74.60 | 100.00 |  27.23 |  92.93 | 100.00 |
|        35 |  93.27 | 100.00 | 100.00 | 100.00 | 100.00 | 100.00 |  95.38 |  57.79 | 100.00 |  97.86 | 100.00 | 100.00 | 100.00 | 100.00 | 100.00 |  98.96 | 100.00 | 100.00 | 100.00 |  90.83 | 100.00 | 100.00 | 100.00 |  91.50 |  99.62 | 100.00 |  89.87 |  95.37 | 100.00 | 100.00 | 100.00 |  47.96 | 100.00 |  99.02 |  97.95 |  84.16 | 100.00 |  99.31 |  99.91 | 100.00 |
|        36 |  99.96 | 100.00 | 100.00 | 100.00 | 100.00 | 100.00 | 100.00 |  87.33 | 100.00 |  94.17 | 100.00 |  98.25 | 100.00 | 100.00 |  99.81 | 100.00 | 100.00 | 100.00 | 100.00 |  89.45 | 100.00 | 100.00 | 100.00 | 100.00 | 100.00 |  96.28 | 100.00 |  78.18 |  99.40 | 100.00 | 100.00 |  75.54 | 100.00 |  98.36 |  94.79 |  76.97 | 100.00 | 100.00 | 100.00 | 100.00 |
|        37 | 100.00 | 100.00 | 100.00 | 100.00 |  99.79 | 100.00 | 100.00 | 100.00 | 100.00 |  91.29 | 100.00 |  99.98 | 100.00 | 100.00 | 100.00 | 100.00 |  94.44 | 100.00 | 100.00 |  97.21 | 100.00 | 100.00 | 100.00 | 100.00 | 100.00 |  73.90 | 100.00 |  75.56 |  99.29 |  99.56 | 100.00 |  72.29 | 100.00 |  99.93 |  99.43 |  76.06 | 100.00 | 100.00 | 100.00 | 100.00 |
|        38 | 100.00 | 100.00 |  99.31 | 100.00 | 100.00 |  99.16 |  98.07 | 100.00 | 100.00 |  93.95 | 100.00 | 100.00 | 100.00 | 100.00 | 100.00 |  97.27 |  99.23 | 100.00 | 100.00 |  98.25 | 100.00 | 100.00 | 100.00 | 100.00 | 100.00 |  75.23 |  92.60 |  78.66 | 100.00 | 100.00 | 100.00 |  85.23 |  99.04 | 100.00 | 100.00 |  77.36 | 100.00 |  97.32 |  99.40 | 100.00 |
|        39 | 100.00 | 100.00 |  97.64 | 100.00 |  92.60 | 100.00 |  97.47 | 100.00 |  95.50 |  90.72 | 100.00 | 100.00 |  93.77 |  99.95 | 100.00 |  92.96 |  96.98 | 100.00 |  97.84 | 100.00 |  95.94 | 100.00 | 100.00 |  89.53 |  95.01 | 100.00 |  98.78 |  76.55 |  98.23 |  94.60 | 100.00 |  77.42 | 100.00 |  98.75 | 100.00 |  80.19 |  98.72 |  92.47 |  98.72 | 100.00 |
|        40 | 100.00 | 100.00 | 100.00 |  97.12 | 100.00 | 100.00 | 100.00 |  93.16 |  99.56 |  99.93 | 100.00 | 100.00 | 100.00 | 100.00 |  99.63 | 100.00 |  95.60 |  96.37 | 100.00 |  94.08 | 100.00 | 100.00 | 100.00 |  93.34 |  98.75 |  86.15 |  96.56 |  94.07 |  99.68 |  95.32 | 100.00 |  78.72 |  99.41 |  97.46 | 100.00 |  83.80 |  98.74 |  99.39 |  99.47 | 100.00 |
|        41 |  90.32 |  98.11 | 100.00 |  96.03 |  94.06 | 100.00 |  96.17 | 100.00 |  92.66 | 100.00 | 100.00 |  91.56 |  97.95 |  99.66 | 100.00 | 100.00 |  88.66 |  94.88 |  98.04 |  95.03 |  95.53 | 100.00 | 100.00 |  87.21 | 100.00 |  88.64 |  96.39 |  89.94 | 100.00 | 100.00 | 100.00 | 100.00 | 100.00 |  97.02 | 100.00 |  95.87 |  98.42 |  96.28 |  98.56 | 100.00 |
|        42 | 100.00 |  95.54 |  99.96 |  99.98 |  98.12 |  96.97 |  97.62 | 100.00 |  90.61 | 100.00 | 100.00 |  95.63 |  98.53 |  99.20 | 100.00 |  97.95 |  90.08 |  95.66 | 100.00 |  95.75 |  88.46 | 100.00 | 100.00 | 100.00 | 100.00 |  92.76 |  95.59 |  94.57 | 100.00 | 100.00 | 100.00 | 100.00 | 100.00 |  97.93 | 100.00 |  94.35 |  99.40 | 100.00 |  96.84 | 100.00 |
|        43 | 100.00 |  93.96 | 100.00 | 100.00 |  98.72 |  96.28 |  94.01 |  99.41 |  93.78 | 100.00 | 100.00 |  96.15 | 100.00 |  97.29 | 100.00 |  94.54 |  95.05 |  97.84 |  99.56 | 100.00 |  92.66 | 100.00 |  96.13 | 100.00 | 100.00 |  87.69 |  97.29 |  91.15 | 100.00 |  99.38 | 100.00 |  82.66 | 100.00 |  92.32 | 100.00 |  85.42 | 100.00 | 100.00 |  96.98 | 100.00 |
|        44 | 100.00 | 100.00 | 100.00 | 100.00 |  96.27 |  97.84 |  95.24 |  97.44 |  99.91 |  95.33 | 100.00 |  95.64 |  96.57 | 100.00 | 100.00 |  99.25 |  94.99 | 100.00 |  98.83 | 100.00 |  95.33 | 100.00 |  99.92 |  98.43 | 100.00 |  94.64 |  97.17 |  88.77 | 100.00 |  98.16 | 100.00 |  84.57 |  97.88 |  93.16 |  98.65 |  88.34 | 100.00 |  90.98 | 100.00 | 100.00 |
|        45 | 100.00 | 100.00 | 100.00 | 100.00 |  97.61 | 100.00 |  97.55 |  97.77 | 100.00 | 100.00 | 100.00 | 100.00 | 100.00 | 100.00 | 100.00 |  99.32 |  98.57 | 100.00 | 100.00 |  97.24 |  98.61 | 100.00 |  99.67 | 100.00 | 100.00 |  91.72 |  98.39 |  97.64 | 100.00 |  94.35 | 100.00 | 100.00 |  99.37 |  98.89 |  97.18 |  99.86 | 100.00 |  84.52 |  99.99 | 100.00 |
|        46 | 100.00 | 100.00 |  96.96 | 100.00 |  98.92 |  98.04 |  98.48 | 100.00 | 100.00 | 100.00 | 100.00 | 100.00 | 100.00 |  98.63 | 100.00 |  93.57 | 100.00 |  86.57 | 100.00 | 100.00 | 100.00 | 100.00 | 100.00 | 100.00 | 100.00 |  91.78 |  95.02 |  96.92 | 100.00 |  97.90 |  97.17 |  93.73 |  99.10 |  98.62 | 100.00 | 100.00 | 100.00 |  94.25 |  97.78 | 100.00 |
|        47 | 100.00 | 100.00 |  94.95 | 100.00 |  99.19 |  98.02 | 100.00 |  96.33 | 100.00 | 100.00 | 100.00 | 100.00 | 100.00 |  97.90 | 100.00 |  96.80 |  99.45 | 100.00 | 100.00 | 100.00 | 100.00 | 100.00 | 100.00 |  98.71 | 100.00 |  93.96 |  99.86 |  91.44 | 100.00 | 100.00 |  97.45 |  77.66 | 100.00 |  99.97 |  99.81 |  98.56 | 100.00 |  97.20 |  98.03 | 100.00 |
|        48 | 100.00 | 100.00 |  96.66 | 100.00 | 100.00 | 100.00 | 100.00 |  97.89 |  99.25 |  95.07 | 100.00 | 100.00 | 100.00 | 100.00 | 100.00 |  94.90 | 100.00 | 100.00 | 100.00 | 100.00 | 100.00 | 100.00 | 100.00 |  98.87 | 100.00 |  99.87 |  99.73 |  93.90 | 100.00 | 100.00 | 100.00 |  80.83 | 100.00 |  98.53 | 100.00 |  95.23 | 100.00 |  96.08 | 100.00 | 100.00 |
|        51 | 100.00 | 100.00 | 100.00 | 100.00 | 100.00 | 100.00 | 100.00 | 100.00 | 100.00 | 100.00 |  99.25 |  99.91 | 100.00 | 100.00 | 100.00 |  98.07 | 100.00 | 100.00 |  95.54 | 100.00 | 100.00 | 100.00 | 100.00 | 100.00 | 100.00 | 100.00 | 100.00 | 100.00 |  99.72 | 100.00 | 100.00 | 100.00 | 100.00 |  96.87 | 100.00 | 100.00 | 100.00 |  99.39 | 100.00 | 100.00 |
|        54 | 100.00 | 100.00 | 100.00 |  99.19 | 100.00 | 100.00 | 100.00 | 100.00 | 100.00 | 100.00 | 100.00 | 100.00 |  99.70 | 100.00 | 100.00 | 100.00 |  99.65 | 100.00 |  96.00 | 100.00 | 100.00 | 100.00 | 100.00 | 100.00 | 100.00 | 100.00 |  99.94 | 100.00 | 100.00 | 100.00 | 100.00 | 100.00 | 100.00 |  97.42 | 100.00 |  99.37 | 100.00 | 100.00 | 100.00 | 100.00 |
|        57 | 100.00 | 100.00 |  99.01 | 100.00 | 100.00 |  98.90 | 100.00 | 100.00 | 100.00 | 100.00 | 100.00 | 100.00 |  99.40 | 100.00 | 100.00 | 100.00 |  99.87 | 100.00 |  98.58 |  99.95 | 100.00 | 100.00 | 100.00 | 100.00 | 100.00 |  97.80 | 100.00 |  96.48 | 100.00 | 100.00 | 100.00 | 100.00 |  97.52 | 100.00 | 100.00 | 100.00 | 100.00 |  99.22 | 100.00 |  98.86 |
|        60 | 100.00 | 100.00 |  96.98 |  99.90 | 100.00 |  98.92 |  96.94 | 100.00 | 100.00 |  99.60 | 100.00 | 100.00 | 100.00 | 100.00 | 100.00 | 100.00 | 100.00 | 100.00 |  99.70 | 100.00 | 100.00 |  98.86 | 100.00 | 100.00 | 100.00 |  97.59 | 100.00 |  99.43 | 100.00 | 100.00 |  99.25 | 100.00 | 100.00 | 100.00 |  98.07 |  90.00 |  76.53 |  98.41 |  98.71 |  98.69 |
|        63 | 100.00 | 100.00 | 100.00 | 100.00 | 100.00 |  94.44 | 100.00 | 100.00 | 100.00 |  97.47 |  97.89 | 100.00 |  98.92 | 100.00 | 100.00 | 100.00 | 100.00 | 100.00 | 100.00 | 100.00 |  98.41 | 100.00 | 100.00 | 100.00 | 100.00 |  89.61 | 100.00 | 100.00 | 100.00 | 100.00 | 100.00 | 100.00 | 100.00 | 100.00 | 100.00 | 100.00 | 100.00 |  99.98 | 100.00 |  97.81 |
|        66 | 100.00 | 100.00 | 100.00 | 100.00 |  99.80 | 100.00 | 100.00 |  96.24 | 100.00 | 100.00 | 100.00 |  89.30 | 100.00 | 100.00 | 100.00 | 100.00 | 100.00 | 100.00 | 100.00 |  98.16 | 100.00 | 100.00 | 100.00 | 100.00 | 100.00 |  86.18 | 100.00 | 100.00 | 100.00 | 100.00 |  99.58 |  80.39 | 100.00 | 100.00 | 100.00 | 100.00 | 100.00 | 100.00 | 100.00 |  98.82 |
|        69 | 100.00 | 100.00 | 100.00 | 100.00 | 100.00 | 100.00 | 100.00 | 100.00 | 100.00 | 100.00 | 100.00 | 100.00 | 100.00 |  98.79 | 100.00 |  96.08 | 100.00 | 100.00 | 100.00 |  93.08 | 100.00 |      0 | 100.00 | 100.00 |  11.71 |  72.19 | 100.00 |  98.77 | 100.00 | 100.00 | 100.00 |  98.07 | 100.00 | 100.00 | 100.00 |  98.49 | 100.00 | 100.00 | 100.00 | 100.00 |
|        72 | 100.00 | 100.00 | 100.00 | 100.00 |  96.65 | 100.00 |  99.80 | 100.00 | 100.00 | 100.00 | 100.00 |  92.35 | 100.00 | 100.00 | 100.00 | 100.00 | 100.00 | 100.00 | 100.00 | 100.00 | 100.00 |      0 | 100.00 | 100.00 |  13.83 |  83.72 | 100.00 | 100.00 | 100.00 | 100.00 | 100.00 |  84.28 | 100.00 |  99.12 | 100.00 | 100.00 |  30.44 | 100.00 | 100.00 | 100.00 |
|        78 | 100.00 | 100.00 | 100.00 |  44.77 | 100.00 |  82.50 | 100.00 |      0 | 100.00 | 100.00 |  53.89 | 100.00 |      0 |      0 |      0 | 100.00 | 100.00 | 100.00 |  70.57 |  98.54 | 100.00 |  43.53 | 100.00 | 100.00 |  61.48 |  99.81 |  26.07 | 100.00 | 100.00 |      0 | 100.00 | 100.00 | 100.00 |  71.08 |  89.00 | 100.00 |  81.83 | 100.00 |  97.97 | 100.00 |
|        84 |  96.63 | 100.00 |   8.15 |  93.53 |  99.37 |  94.44 |  49.07 |  28.27 | 100.00 |  99.43 |   8.54 |      0 |      0 | 100.00 |  16.79 |  89.84 |  11.45 |  91.93 |  18.30 |  94.67 |  28.46 | 100.00 |  35.54 |  60.61 | 100.00 | 100.00 |      0 | 100.00 | 100.00 | 100.00 |  89.08 | 100.00 |  96.65 |  44.16 |  88.43 |  34.86 | 100.00 |  96.10 | 100.00 | 100.00 |
|        90 | 100.00 |  55.62 | 100.00 | 100.00 | 100.00 |  86.78 |  80.74 | 100.00 | 100.00 |  97.38 | 100.00 | 100.00 |  97.29 | 100.00 |  89.60 | 100.00 | 100.00 |  79.89 |  67.06 |  75.43 | 100.00 | 100.00 | 100.00 | 100.00 | 100.00 | 100.00 | 100.00 | 100.00 | 100.00 | 100.00 |  98.37 | 100.00 |  56.37 |  80.85 |   3.10 | 100.00 |  90.27 | 100.00 | 100.00 | 100.00 |
|        96 |  78.77 |  79.49 | 100.00 |  90.91 | 100.00 |  94.28 | 100.00 |  50.58 | 100.00 |  86.30 | 100.00 |  88.05 | 100.00 | 100.00 |  68.96 | 100.00 |  43.60 | 100.00 |  50.29 | 100.00 |  32.60 | 100.00 |  78.97 | 100.00 | 100.00 |  93.06 |  97.71 | 100.00 |  52.64 |  46.18 | 100.00 | 100.00 |  35.56 |  94.87 | 100.00 | 100.00 |  12.49 |  32.53 |  54.95 |  77.11 |
|       102 |  63.15 |  70.43 | 100.00 |  93.39 |  70.01 |  25.36 | 100.00 |  10.12 | 100.00 | 100.00 | 100.00 |  23.78 |  97.48 |  91.64 |  30.69 | 100.00 |  54.49 | 100.00 |  73.06 | 100.00 |  93.04 |  95.46 |  90.94 |  30.18 |  44.36 |  67.54 | 100.00 | 100.00 |  62.37 |  95.98 |  76.84 |  45.13 |  79.17 |  84.70 |  98.07 | 100.00 | 100.00 |  86.99 | 100.00 |  97.64 |
|       108 |  58.49 |  60.50 | 100.00 |  92.23 |  64.03 |  83.17 |  88.43 |  73.83 |  92.13 | 100.00 | 100.00 |  92.65 | 100.00 | 100.00 |  84.18 | 100.00 |  85.70 |  88.27 |  70.94 |  73.76 | 100.00 |  66.96 |  77.40 |  14.27 |  57.81 |  68.51 | 100.00 | 100.00 |  46.21 | 100.00 |  92.87 |  27.98 |  74.69 |  89.79 | 100.00 | 100.00 | 100.00 |  95.36 | 100.00 |  67.95 |
|       114 |  45.61 |  37.65 |  93.80 |  57.52 | 100.00 |  98.07 |  70.82 |  22.47 |  85.67 | 100.00 |  32.53 |  79.01 | 100.00 |  97.33 |  95.91 |  92.75 |   9.87 |  68.84 |  88.22 |  40.56 |  87.18 |  65.70 |  36.40 |      0 |  59.87 |  32.88 |  94.62 | 100.00 |  33.71 | 100.00 |      0 |      0 |  63.83 |  48.77 |  95.99 |  96.27 |  47.32 |  30.79 |  52.88 |  77.86 |
|       120 |  89.54 |  25.09 |  98.81 |  57.12 |  37.36 |  99.84 |  20.89 |  44.82 |  97.73 |  80.29 |  44.91 | 100.00 | 100.00 |  95.08 |  89.03 |  92.44 |  51.25 |  52.40 |  94.57 | 100.00 |  89.80 |  63.82 |   1.23 |  74.25 |      0 |  39.81 |  96.15 | 100.00 |  49.06 | 100.00 |  58.60 |  75.99 | 100.00 |  50.01 | 100.00 | 100.00 |  51.39 |  67.19 |  74.84 |  85.73 |
