# variable: Temperature at 850hPa
# units: degree celsius
# 
| fcst_hour |     1 |     2 |     3 |     4 |     5 |     6 |     7 |     8 |     9 |    10 |    11 |    12 |    13 |    14 |    15 |    16 |    17 |    18 |    19 |    20 |    21 |    22 |    23 |    24 |    25 |    26 |    27 |    28 |    29 |    30 |    31 |    32 |    33 |    34 |    35 |    36 |    37 |    38 |    39 |    40 |
|         0 | -0.18 | -0.28 |  0.46 |  0.18 | -0.40 | -0.45 | -0.22 |  0.17 |  0.21 |  0.36 | -1.08 | -1.06 | -0.05 |  0.39 | -0.07 | -0.69 | -0.18 | -0.52 | -0.82 | -1.03 | -1.03 | -0.52 | -0.56 |  0.12 | -0.46 |  0.16 | -0.29 | -0.82 | -0.02 | -0.73 |  0.60 | -0.28 | -0.61 |  0.52 | -0.30 | -0.21 | -0.51 |  0.07 |  0.13 | -0.11 |
|         1 | -0.44 | -0.62 | -0.27 | -0.61 | -0.80 | -0.77 | -0.51 | -0.36 | -0.26 | -0.27 | -1.30 | -1.31 | -0.70 | -0.19 | -0.63 | -1.05 | -0.48 | -1.00 | -0.92 | -1.36 | -1.27 | -0.99 | -0.84 | -0.33 | -0.95 | -0.57 | -0.76 | -1.44 | -0.52 | -1.08 | -0.30 | -0.70 | -1.01 | -0.06 | -1.08 | -0.52 | -0.85 | -0.63 | -0.19 | -0.67 |
|         2 | -0.48 | -0.65 | -0.64 | -1.40 | -0.96 | -0.88 | -0.64 | -0.79 | -0.53 | -0.72 | -1.63 | -1.56 | -1.02 | -0.60 | -1.06 | -1.38 | -0.61 | -1.54 | -1.20 | -1.50 | -1.41 | -1.14 | -1.02 | -0.67 | -1.00 | -1.19 | -0.87 | -1.73 | -0.80 | -1.37 | -0.77 | -1.23 | -1.20 | -0.65 | -1.61 | -0.69 | -1.08 | -1.12 | -0.26 | -1.12 |
|         3 | -0.53 | -0.67 | -0.48 | -1.75 | -0.98 | -1.06 | -0.75 | -0.84 | -0.73 | -0.95 | -1.69 | -1.47 | -1.10 | -0.83 | -1.33 | -1.56 | -0.68 | -1.57 | -1.51 | -1.59 | -1.41 | -1.11 | -1.11 | -1.01 | -1.19 | -1.54 | -0.97 | -1.57 | -0.91 | -1.54 | -1.09 | -1.40 | -1.17 | -0.98 | -1.50 | -0.71 | -1.16 | -1.51 | -0.47 | -1.36 |
|         4 | -0.72 | -0.58 | -0.55 | -1.61 | -0.88 | -1.09 | -0.69 | -0.82 | -0.81 | -0.66 | -1.73 | -1.31 | -1.11 | -0.98 | -1.47 | -1.46 | -0.70 | -1.40 | -1.55 | -1.61 | -1.21 | -1.16 | -1.07 | -1.20 | -1.43 | -1.49 | -0.98 | -1.36 | -1.06 | -1.60 | -1.24 | -1.39 | -1.28 | -0.96 | -1.35 | -0.61 | -1.06 | -1.49 | -0.70 | -1.58 |
|         5 | -0.94 | -0.62 | -0.74 | -1.26 | -0.92 | -0.83 | -0.77 | -0.79 | -0.85 | -0.27 | -1.72 | -1.21 | -1.13 | -1.14 | -1.34 | -1.25 | -0.77 | -1.27 | -1.58 | -1.60 | -0.99 | -1.13 | -0.98 | -1.17 | -1.31 | -1.47 | -0.99 | -1.31 | -1.06 | -1.41 | -1.22 | -1.31 | -1.36 | -1.13 | -1.32 | -0.68 | -1.03 | -1.25 | -0.86 | -1.72 |
|         6 | -1.09 | -0.70 | -0.91 | -1.06 | -0.90 | -0.89 | -0.91 | -0.67 | -0.89 | -0.26 | -1.75 | -0.98 | -0.95 | -1.17 | -1.06 | -1.16 | -0.89 | -1.11 | -1.33 | -1.54 | -1.02 | -0.93 | -1.13 | -1.08 | -1.18 | -1.21 | -1.19 | -1.30 | -1.04 | -1.24 | -1.26 | -1.22 | -1.46 | -1.29 | -1.33 | -0.82 | -1.03 | -1.06 | -0.56 | -1.77 |
|         7 | -1.16 | -0.63 | -0.85 | -0.92 | -0.61 | -0.70 | -1.13 | -0.61 | -0.88 | -0.19 | -1.58 | -0.65 | -0.57 | -0.96 | -1.07 | -1.32 | -0.74 | -0.94 | -0.76 | -1.60 | -0.95 | -0.74 | -1.13 | -0.89 | -0.98 | -1.04 | -1.21 | -1.30 | -1.06 | -1.50 | -1.33 | -1.16 | -1.53 | -1.49 | -0.97 | -1.02 | -0.81 | -0.94 | -0.19 | -1.66 |
|         8 | -0.96 | -0.53 | -0.70 | -0.71 | -0.22 | -0.19 | -1.05 | -0.32 | -0.87 |     0 | -1.34 | -0.30 | -0.19 | -0.73 | -0.99 | -1.43 | -0.50 | -0.55 | -0.45 | -1.11 | -0.52 | -0.60 | -0.62 | -0.64 | -0.96 | -1.01 | -1.09 | -0.97 | -0.95 | -1.48 | -1.11 | -0.93 | -1.35 | -1.53 | -0.95 | -0.83 | -0.41 | -0.48 | -0.51 | -1.55 |
|         9 | -0.81 | -0.15 | -0.70 | -0.42 |  0.16 |  0.36 | -0.54 |  0.11 | -0.71 |  0.54 | -1.02 |  0.25 |  0.14 | -0.39 | -0.80 | -1.00 | -0.06 | -0.18 | -0.22 | -0.39 |  0.15 | -0.41 | -0.21 | -0.32 | -0.45 | -0.73 | -0.98 | -0.60 | -0.57 | -1.19 | -0.88 | -0.59 | -0.73 | -1.35 | -0.74 | -0.30 |  0.31 |  0.05 | -0.53 | -1.49 |
|        10 | -0.41 |  0.52 | -0.28 | -0.03 |  0.47 |  0.58 | -0.16 |  0.56 | -0.48 |  0.77 | -0.69 |  0.61 |  0.40 | -0.11 | -0.57 | -0.27 |  0.30 |  0.19 | -0.34 | -0.02 |  0.61 | -0.17 |  0.26 | -0.09 |  0.02 | -0.43 | -0.72 | -0.39 | -0.17 | -0.86 | -0.53 | -0.12 | -0.13 | -0.74 | -0.26 |  0.25 |  0.67 |  0.33 | -0.16 | -0.96 |
|        11 |  0.14 |  0.86 |  0.07 |  0.09 |  0.56 |  0.57 |  0.02 |  0.96 | -0.35 |  0.81 | -0.72 |  0.81 |  0.53 | -0.05 | -0.19 | -0.27 |  0.71 |  0.49 | -0.44 |  0.02 |  0.80 | -0.04 |  0.62 |  0.34 |  0.31 | -0.36 | -0.27 |  0.06 | -1.30 | -0.62 | -0.06 |  0.54 |  0.08 | -0.27 | -0.04 |  0.50 |  0.61 |  0.29 |  0.39 | -0.42 |
|        12 |  0.48 |  0.90 | -0.90 | -1.10 |  0.68 |  1.05 |  0.35 |  1.24 | -0.50 |  1.27 | -1.81 |  0.98 |  0.61 |  0.26 |  0.19 | -1.68 |  0.75 |  0.80 | -1.95 |  0.04 |  0.79 |    -0 |  0.68 |  0.82 |  0.43 | -0.36 |     0 | -0.96 | -2.31 | -0.66 |  0.38 |  0.88 |  0.21 | -1.21 | -1.27 |  0.48 |  0.57 | -1.36 |  0.98 |  0.01 |
|        13 |  0.69 |  1.26 | -0.92 | -1.04 |  0.16 |  0.52 | -0.50 |  1.41 | -1.30 | -0.17 | -1.47 |  0.95 | -0.71 | -0.43 | -1.11 | -1.77 | -0.36 | -1.38 | -1.76 | -1.40 | -1.15 | -1.27 |  0.79 |  1.04 | -0.82 | -0.73 | -0.37 | -1.86 | -1.88 | -1.75 |  0.97 | -0.56 | -0.31 | -1.81 | -1.37 | -0.73 |  0.48 | -1.38 | -0.63 | -0.70 |
|        14 | -0.75 |  0.39 | -0.64 | -0.59 | -1.53 | -0.29 | -0.95 | -0.37 | -1.29 | -1.20 | -1.02 | -0.11 | -0.75 | -1.19 | -1.34 | -1.58 | -0.89 | -1.78 | -1.23 | -0.98 | -1.58 | -1.12 |  0.78 |  1.04 | -1.92 | -1.33 | -1.08 | -1.53 | -1.74 | -1.35 |  0.19 | -1.36 | -1.29 | -1.28 | -1.30 | -1.07 | -1.18 | -1.19 | -0.87 | -1.64 |
|        15 | -1.09 | -0.56 | -0.28 | -0.34 | -1.08 | -0.04 | -0.53 | -1.21 | -1.04 | -1.14 | -1.01 | -1.14 | -0.40 | -0.84 | -1.06 | -1.02 | -0.88 | -1.55 | -1.12 | -0.74 | -1.42 | -0.98 | -0.75 | -0.70 | -1.87 | -1.25 | -1.18 | -0.75 | -1.64 | -1.21 | -0.57 | -1.09 | -1.37 | -1.21 | -1.03 | -0.61 | -1.53 | -1.10 | -0.66 | -1.62 |
|        16 | -0.99 | -0.59 | -0.32 | -0.14 | -0.81 |  0.03 | -0.46 | -1.10 | -0.63 | -0.78 | -1.17 | -0.70 | -0.27 | -0.49 | -0.95 | -0.83 | -0.83 | -1.34 | -1.05 | -0.78 | -1.06 | -1.04 | -1.12 | -1.22 | -1.74 | -1.11 | -0.98 | -0.62 | -1.58 | -1.42 | -1.07 | -0.98 | -1.30 | -1.33 | -0.73 | -0.66 | -1.18 | -1.10 | -0.47 | -1.20 |
|        17 | -0.83 | -0.76 | -0.43 |  0.54 | -0.80 | -0.13 | -0.32 | -0.98 | -0.50 | -0.53 | -0.97 | -0.41 |  0.13 | -0.16 | -1.25 | -0.51 | -0.88 | -0.80 | -1.35 | -0.37 | -0.96 | -1.42 | -1.33 | -1.27 | -1.61 | -1.13 | -0.84 | -0.52 | -1.08 | -1.49 | -1.33 | -1.16 | -1.02 | -1.06 | -0.55 | -0.33 | -1.04 | -0.69 | -0.09 | -1.03 |
|        18 |  0.07 | -0.67 | -0.22 |  0.91 | -0.60 |  0.03 |  0.03 | -0.65 | -0.38 |  0.16 | -0.12 | -0.24 |  0.41 | -0.19 | -1.13 |  0.17 | -0.99 | -0.06 | -1.02 |  0.51 | -0.89 | -1.37 | -1.16 | -0.93 | -1.47 | -0.71 | -0.97 | -0.35 | -0.08 | -1.26 | -1.12 | -1.24 | -0.14 | -0.28 | -0.06 | -0.04 | -0.73 | -0.12 |  0.21 | -0.93 |
|        19 |  0.68 | -0.35 | -0.08 |  0.69 | -0.32 |  0.43 |  0.36 | -0.46 | -0.02 |  0.72 | -0.12 |  0.08 |  0.49 |  0.16 | -1.11 |  0.04 | -0.93 |  0.07 | -0.29 |  0.28 | -0.70 | -1.24 | -0.98 | -0.40 | -1.39 | -0.18 | -0.83 | -0.18 | -0.19 | -0.72 | -0.15 | -0.94 |  0.08 | -0.26 |  0.46 | -0.05 | -0.10 |  0.34 |  0.16 | -0.90 |
|        20 |  0.48 | -0.21 |  0.32 |  1.05 |  0.06 |  0.86 |  0.84 | -0.11 |  0.37 |  0.62 | -0.06 |  0.11 |  0.49 |  0.08 | -0.97 |  0.11 | -0.85 | -0.40 | -0.02 |  0.29 | -0.64 | -1.00 | -0.96 |  0.01 | -1.20 | -0.09 | -0.59 | -0.07 | -0.15 | -0.38 |  0.45 | -0.29 |  0.02 | -0.25 |  0.63 |  0.31 |  0.18 |  0.24 |  0.18 | -0.75 |
|        21 |  0.74 | -0.10 |  0.38 |  1.32 |  0.13 |  0.94 |  0.82 | -0.08 |  0.55 |  0.62 | -0.05 | -0.07 |  0.59 |  0.26 | -0.60 |  0.16 | -0.53 | -0.52 | -0.17 |  0.28 | -0.59 | -0.88 | -0.87 | -0.12 | -1.05 | -0.18 | -0.51 |  0.11 | -0.25 | -0.34 |  0.58 | -0.15 |  0.13 | -0.21 |  0.74 |  0.21 |  0.09 |  0.13 |  0.43 | -0.47 |
|        22 |  0.80 | -0.08 |  0.36 |  1.02 |  0.03 |  0.55 |  0.72 | -0.31 |  0.68 |  0.74 | -0.10 | -0.12 |  0.65 |  0.25 | -0.44 |  0.04 | -0.58 | -0.31 | -0.39 |  0.36 | -0.42 | -0.92 | -0.76 | -0.20 | -0.87 | -0.21 | -0.45 |  0.19 | -0.35 | -0.31 |  0.56 | -0.09 |  0.09 | -0.09 |  0.69 |  0.10 | -0.09 |  0.13 |  0.67 | -0.35 |
|        23 |  0.63 | -0.08 |  0.41 |  0.93 |  0.04 |  0.77 |  0.79 | -0.44 |  0.68 |  0.84 | -0.03 | -0.12 |  0.66 |  0.12 | -0.38 | -0.05 | -0.71 | -0.11 | -0.58 |  0.28 | -0.32 | -0.97 | -0.48 | -0.10 | -0.73 | -0.10 | -0.44 |  0.21 | -0.32 | -0.24 |  0.43 |  0.08 | -0.08 |  0.02 |  0.79 |  0.18 | -0.16 |  0.21 |  0.76 | -0.40 |
|        24 |  0.64 | -0.14 |  0.54 |  1.12 |  0.03 |  0.94 |  0.95 | -0.45 |  0.76 |  0.52 |  0.01 | -0.09 |  0.74 |  0.16 | -0.31 | -0.03 | -0.71 | -0.28 | -0.55 |  0.34 | -0.34 | -0.92 | -0.12 | -0.10 | -0.64 |     0 | -0.50 |  0.23 | -0.28 | -0.15 |  0.28 |  0.17 | -0.23 |  0.10 |  0.81 |  0.29 | -0.07 |  0.23 |  0.69 | -0.48 |
|        25 |  0.84 | -0.12 |  0.59 |  1.17 | -0.09 |  0.95 |  0.85 | -0.40 |  0.65 |  0.32 |  0.03 |  0.04 |  0.84 |  0.21 | -0.33 | -0.08 | -0.69 | -0.63 | -0.34 |  0.44 | -0.38 | -0.80 | -0.04 | -0.19 | -0.52 |  0.02 | -0.55 |  0.07 | -0.30 | -0.05 |  0.19 |  0.24 | -0.14 |  0.09 |  0.87 |  0.47 |    -0 |  0.12 |  0.64 | -0.57 |
|        26 |  0.81 | -0.16 |  0.62 |  1.08 | -0.23 |  0.94 |  0.57 | -0.44 |  0.84 |  0.10 | -0.03 |  0.01 |  0.76 |  0.18 | -0.38 | -0.42 | -0.72 | -0.85 | -0.19 |  0.48 | -0.43 | -0.84 | -0.08 | -0.27 | -0.41 |  0.04 | -0.50 | -0.11 | -0.31 | -0.08 |  0.25 |  0.17 | -0.07 |  0.05 |  0.90 |  0.54 |  0.02 | -0.05 |  0.66 | -0.67 |
|        27 |  0.66 | -0.18 |  0.65 |  1.06 | -0.19 |  0.90 |  0.40 | -0.55 |  0.67 | -0.10 |  0.06 | -0.13 |  0.81 |  0.04 | -0.40 | -0.62 | -0.74 | -0.92 | -0.23 |  0.35 | -0.49 | -1.02 | -0.12 | -0.33 | -0.41 |  0.11 | -0.42 | -0.03 | -0.32 | -0.29 |  0.29 |  0.07 | -0.07 |     0 |  0.91 |  0.59 |  0.06 | -0.14 |  0.65 | -0.74 |
|        28 |  0.48 | -0.26 |  0.63 |  1.04 | -0.05 |  0.82 |  0.26 | -0.72 |  0.69 | -0.05 |  0.12 | -0.27 |  0.80 | -0.13 | -0.34 | -0.72 | -0.76 | -0.99 | -0.37 |  0.13 | -0.55 | -1.09 | -0.15 | -0.31 | -0.52 |  0.05 | -0.41 |  0.05 | -0.30 | -0.56 |  0.28 | -0.02 | -0.12 |  0.02 |  0.93 |  0.44 |  0.09 | -0.22 |  0.66 | -0.56 |
|        29 |  0.42 | -0.30 |  0.50 |  1.02 |  0.07 |  0.80 |  0.20 | -0.91 |  0.71 |     0 |  0.12 | -0.35 |  0.78 | -0.17 | -0.36 | -0.66 | -0.79 | -1.03 | -0.47 | -0.04 | -0.64 | -1.10 | -0.25 | -0.34 | -0.69 | -0.04 | -0.44 | -0.07 | -0.33 | -0.58 |  0.25 | -0.08 | -0.25 | -0.04 |  0.93 |  0.36 |    -0 | -0.26 |  0.67 | -0.39 |
|        30 |  0.37 | -0.32 |  0.50 |  0.94 |  0.18 |  0.75 |  0.08 | -1.02 |  0.59 | -0.17 |  0.07 | -0.38 |  0.82 | -0.14 | -0.35 | -0.53 | -0.88 | -1.14 | -0.45 | -0.14 | -0.76 | -1.14 | -0.45 | -0.40 | -0.87 | -0.04 | -0.45 | -0.12 | -0.36 | -0.66 |  0.26 | -0.07 | -0.44 | -0.05 |  0.84 |  0.27 | -0.06 | -0.28 |  0.67 | -0.44 |
|        31 |  0.21 | -0.45 |  0.52 |  0.87 |  0.38 |  0.66 |  0.13 | -1.17 |  0.59 | -0.45 |  0.05 | -0.30 |  0.91 | -0.13 | -0.32 | -0.37 | -0.96 | -1.25 | -0.38 | -0.21 | -0.66 | -1.17 | -0.56 | -0.39 | -1.04 |  0.03 | -0.42 | -0.14 | -0.48 | -0.51 |  0.33 | -0.03 | -0.42 | -0.09 |  0.83 |  0.27 |    -0 | -0.35 |  0.67 | -0.57 |
|        32 |  0.07 | -0.45 |  0.52 |  0.82 |  0.57 |  0.63 |  0.13 | -1.19 |  0.64 | -0.57 |  0.05 | -0.06 |  1.10 | -0.14 | -0.29 | -0.29 | -1.02 | -1.23 | -0.25 | -0.30 | -0.47 | -1.06 | -0.45 | -0.25 | -1.08 |  0.14 | -0.45 | -0.09 | -0.38 | -0.37 |  0.53 |  0.09 | -0.34 | -0.12 |  0.97 |  0.36 |  0.03 | -0.40 |  0.75 | -0.54 |
|        33 |  0.05 | -0.45 |  0.52 |  0.78 |  0.74 |  0.72 | -0.04 | -1.05 |  0.75 | -0.82 |  0.05 |  0.24 |  1.30 | -0.12 | -0.15 | -0.51 | -0.88 | -1.13 |  0.04 | -0.21 | -0.24 | -0.87 | -0.22 |  0.01 | -1.01 |  0.31 | -0.47 | -0.06 | -0.41 | -0.29 |  0.96 |  0.20 |  0.02 | -0.06 |  1.11 |  0.42 |  0.18 | -0.42 |  0.85 | -0.44 |
|        34 |  0.12 | -0.53 |  0.56 |  0.88 |  0.94 |  0.99 |     0 | -0.73 |  1.04 | -0.83 | -0.07 |  0.45 |  1.58 | -0.02 |  0.23 | -0.61 | -0.68 | -1.03 |  0.34 | -0.02 | -0.05 | -0.69 |  0.03 |  0.22 | -0.81 |  0.60 | -0.28 | -0.03 | -0.49 | -0.27 |  1.15 |  0.39 |  0.21 |  0.02 |  1.40 |  0.49 |  0.63 | -0.39 |  0.98 | -0.18 |
|        35 |  0.21 | -0.53 |  0.63 |  0.92 |  1.12 |  1.45 |  0.04 | -0.93 |  1.21 | -0.64 | -0.14 |  0.57 |  1.73 |  0.13 |  0.42 | -1.15 | -0.62 | -1.35 |  0.57 | -0.19 |  0.13 | -0.40 |  0.14 |  0.38 | -0.68 |  0.82 | -0.30 |  0.02 | -0.31 | -0.59 |  1.32 |  0.48 | -0.32 |  0.22 |  1.73 |  0.70 |  0.77 | -0.37 |  1.18 |  0.07 |
|        36 |  0.19 | -0.32 |  0.56 |  0.87 |  0.86 |  1.59 |  0.32 | -0.65 |  1.15 | -0.78 | -0.07 |  0.62 |  1.24 |  0.23 |  0.62 | -0.79 | -0.51 | -1.20 |  0.40 |     0 | -0.10 | -0.53 | -0.17 | -0.10 | -0.32 |  1.42 | -0.54 | -0.23 | -0.18 | -0.55 |  1.14 |  0.02 | -0.12 |  0.11 |  1.53 |  0.74 |  1.35 | -0.22 |  1.16 |  0.38 |
|        37 |  0.59 | -0.08 |  0.78 |  0.79 |  1.00 |  1.12 |  0.70 | -0.48 |  0.91 | -0.66 |  0.32 |  0.85 |  1.04 |  0.38 |  0.86 |  0.38 | -0.19 | -0.97 |  0.35 |  0.21 |  0.06 | -0.46 | -0.34 | -0.07 |  0.12 |  1.55 | -0.24 |  0.06 |  0.02 | -0.20 |  1.04 |  0.14 | -0.22 |  0.25 |  1.01 |  0.58 |  0.84 |  0.08 |  1.07 |  0.45 |
|        38 |  0.99 |  0.21 |  1.13 |  1.05 |  0.99 |  1.46 |  0.85 | -0.23 |  1.20 | -0.04 |  0.37 |  0.76 |  1.16 |  0.66 |  1.15 |  1.47 |  0.18 | -0.53 |  0.77 |  0.31 |  0.22 | -0.21 | -0.30 |  0.21 |  0.36 |  0.69 |    -0 |  0.49 |  0.24 | -0.10 |  1.28 |  0.32 | -0.25 |  0.46 |  0.84 |  0.93 |  1.17 |  0.50 |  0.92 |  0.46 |
|        39 |  1.17 |  0.46 |  1.25 |  1.16 |  0.94 |  1.93 |  0.88 |    -0 |  1.42 |  0.76 |  0.50 |  1.02 |  1.45 |  0.84 |  1.21 |  1.53 |  0.24 | -0.02 |  1.12 |  0.40 |  0.48 |    -0 | -0.21 |  0.54 |  0.38 |  0.66 |  0.19 |  0.36 |  0.39 | -0.01 |  1.45 |  0.40 |  0.07 |  0.74 |  0.80 |  1.12 |  1.46 |  0.70 |  1.04 |  0.62 |
|        40 |  1.19 |  0.60 |  1.40 |  1.11 |  0.92 |  2.33 |  0.97 |  0.12 |  1.52 |  1.00 |  0.54 |  1.33 |  1.71 |  0.97 |  1.12 |  2.16 |  0.27 |  0.03 |  1.44 |  0.49 |  0.63 |  0.20 |  0.09 |  0.86 |  0.57 |  1.29 |  0.29 |  0.26 |  0.50 |  0.09 |  1.48 |  0.49 |  0.71 |  1.00 |  0.97 |  1.27 |  1.77 |  0.79 |  1.21 |  0.75 |
|        41 |  1.32 |  0.83 |  1.67 |  1.04 |  1.03 |  2.51 |  1.01 |  0.10 |  1.47 |  1.28 |  0.64 |  1.62 |  1.94 |  1.11 |  1.10 |  3.12 |  0.31 |  0.17 |  1.60 |  0.65 |  0.62 |  0.26 |  0.54 |  1.19 |  0.98 |  2.20 |  0.20 |  0.28 |  0.51 |  0.14 |  1.50 |  0.53 |  1.29 |  1.14 |  1.40 |  1.68 |  1.97 |  0.82 |  1.45 |  0.84 |
|        42 |  1.50 |  1.15 |  1.84 |  1.04 |  1.31 |  2.61 |  1.04 |  0.07 |  1.44 |  2.01 |  0.73 |  1.64 |  2.12 |  1.31 |  1.34 |  3.59 |  0.51 |  0.52 |  1.73 |  0.78 |  0.59 |  0.25 |  0.70 |  1.21 |  1.38 |  2.59 |  0.10 |  0.36 |  0.54 |  0.12 |  1.59 |  0.55 |  1.50 |  1.11 |  1.70 |  2.08 |  1.97 |  0.98 |  1.57 |  0.97 |
|        43 |  1.66 |  1.20 |  1.87 |  1.03 |  1.59 |  2.95 |  1.12 |  0.08 |  1.53 |  2.82 |  0.99 |  1.48 |  2.29 |  1.52 |  1.56 |  3.92 |  0.97 |  1.53 |  1.98 |  0.86 |  0.66 |  0.24 |  0.89 |  1.31 |  1.55 |  2.58 |  0.10 |  0.54 |  0.59 |  0.19 |  1.68 |  0.84 |  1.82 |  0.99 |  1.84 |  2.20 |  2.26 |  1.18 |  1.68 |  1.28 |
|        44 |  1.85 |  1.26 |  1.78 |  1.35 |  1.57 |  3.40 |  1.10 |  0.19 |  1.69 |  3.65 |  1.30 |  1.62 |  2.30 |  1.78 |  1.65 |  4.22 |  1.35 |  2.63 |  2.47 |  1.09 |  0.79 |  0.28 |  1.17 |  1.43 |  1.85 |  2.71 |  0.26 |  1.01 |  0.69 |  0.48 |  1.83 |  1.01 |  2.15 |  1.04 |  1.94 |  2.13 |  2.50 |  1.42 |  1.74 |  1.39 |
|        45 |  2.01 |  1.34 |  1.82 |  1.70 |  1.59 |  3.82 |  1.25 |  0.31 |  1.77 |  4.69 |  1.56 |  2.10 |  2.36 |  1.96 |  1.89 |  5.28 |  1.70 |  2.84 |  2.97 |  1.69 |  1.02 |  0.32 |  1.49 |  1.60 |  2.26 |  3.05 |  0.57 |  1.34 |  0.87 |  0.93 |  2.08 |  1.22 |  2.64 |  1.29 |  2.42 |  2.04 |  2.48 |  1.73 |  1.90 |  1.29 |
|        46 |  2.26 |  1.54 |  2.13 |  2.06 |  1.95 |  4.56 |  1.59 |  0.86 |  1.93 |  5.83 |  1.87 |  2.62 |  2.53 |  2.45 |  2.31 |  6.13 |  2.11 |  3.33 |  3.30 |  2.15 |  1.61 |  0.28 |  2.07 |  1.91 |  2.77 |  3.52 |  0.99 |  1.74 |  0.94 |  1.42 |  2.38 |  1.96 |  3.52 |  1.53 |  3.13 |  2.33 |  2.90 |  1.97 |  2.16 |  1.24 |
|        47 |  2.48 |  2.20 |  2.72 |  2.62 |  2.54 |  5.46 |  1.89 |  1.81 |  2.57 |  6.82 |  2.34 |  2.99 |  2.75 |  3.09 |  2.82 |  7.19 |  2.54 |  4.32 |  4.11 |  2.56 |  2.44 |  0.31 |  2.64 |  2.52 |  3.56 |  4.07 |  1.39 |  2.52 |  1.03 |  2.27 |  2.53 |  2.91 |  4.05 |  1.68 |  4.03 |  3.10 |  3.94 |  2.27 |  2.53 |  1.63 |
|        48 |  2.85 |  3.03 |  3.67 |  3.25 |  3.78 |  5.90 |  2.11 |  3.08 |  3.03 |  7.60 |  2.91 |  3.56 |  3.07 |  3.86 |  3.36 |  7.92 |  3.05 |  5.87 |  5.25 |  3.38 |  2.98 |  0.53 |  3.47 |  3.52 |  4.69 |  4.83 |  2.23 |  3.50 |  1.35 |  3.06 |  2.76 |  3.83 |  4.41 |  1.97 |  5.27 |  4.12 |  4.76 |  2.75 |  2.86 |  2.10 |
|        51 |  5.19 |  5.27 |  5.79 |  6.07 |  6.10 |  7.27 |  3.47 |  4.58 |  4.61 |  9.67 |  5.61 |  5.60 |  5.07 |  6.23 |  5.55 |  8.93 |  6.07 |  8.77 |  7.23 |  6.35 |  5.58 |  1.46 |  5.85 |  6.34 |  6.76 |  7.29 |  4.56 |  5.95 |  3.16 |  5.46 |  5.05 |  6.52 |  6.81 |  4.27 |  6.78 |  5.78 |  6.61 |  5.16 |  4.24 |  4.29 |
|        54 |  7.01 |  7.01 |  6.21 |  7.75 |  7.90 |  9.15 |  5.24 |  7.02 |  6.46 | 10.23 |  7.26 |  6.59 |  6.31 |  7.22 |  7.76 |  9.38 |  8.28 | 10.12 |  8.84 |  8.06 |  7.46 |  3.26 |  6.76 |  7.01 |  7.97 |  8.39 |  5.63 |  6.83 |  5.87 |  8.67 |  7.38 |  8.18 |  8.02 |  5.55 |  7.14 |  7.67 |  7.55 |  7.56 |  4.92 |  7.02 |
|        57 |  8.85 |  8.07 |  7.79 |  8.56 |  8.85 | 10.47 |  8.44 |  8.84 |  8.27 |  9.82 |  9.13 |  8.12 |  7.54 |  9.21 |  7.84 |  9.78 |  8.52 | 11.13 |  9.65 |  8.61 |  9.43 |  4.79 |  8.27 |  8.15 |  8.88 |  9.48 |  7.42 |  8.97 |  8.02 | 10.26 |  8.88 |  9.81 |  9.73 |  7.33 |  8.94 |  9.56 |  9.16 |  8.93 |  7.87 |  8.37 |
|        60 |  9.10 |  8.16 |  9.16 |  9.53 |  9.99 | 10.05 |  9.76 | 10.11 |  9.64 |  9.48 |  9.80 |  9.24 |  9.00 | 10.12 |  7.80 |  9.44 |  9.73 | 10.85 |  9.06 |  9.63 | 10.55 |  6.45 |  8.85 |  9.07 |  9.31 |  9.11 |  8.88 |  9.28 | 10.08 | 10.85 | 10.61 |  9.61 |  9.41 |  7.74 |  8.38 |  8.75 |  8.97 |  9.32 |  8.89 |  9.14 |
|        63 |  8.92 |  8.57 |  8.91 |  9.63 | 10.49 |  9.84 | 10.67 | 10.71 |  9.82 |  9.36 | 10.23 |  9.29 |  9.32 |  9.44 |  7.84 |  9.38 |  9.97 | 10.12 |  8.88 |  9.77 |  9.87 |  7.58 |  8.54 |  8.28 |  9.41 |  8.78 |  8.98 |  8.03 | 10.56 |  9.40 | 10.21 |  9.41 |  9.08 |  7.88 |  9.12 |  9.36 |  8.69 |  9.45 |  8.65 |  9.04 |
|        66 |  8.49 |  8.47 |  8.92 |  8.76 | 10.17 |  9.92 | 10.53 | 10.58 |  9.40 |  8.69 | 10.66 |  8.90 |  9.47 |  9.17 |  7.29 |  8.87 |  9.78 |  9.66 |  8.86 |  9.99 |  9.36 |  7.80 |  8.44 |  8.01 |  9.10 |  9.13 |  8.95 |  8.08 | 10.13 |  8.68 |  9.80 |  9.68 |  8.89 |  6.61 |  8.77 |  8.78 |  8.57 |  9.68 |  9.41 |  8.86 |
|        69 |  8.52 |  8.02 |  8.32 |  9.46 |  9.66 |  9.55 | 10.19 |  8.81 |  9.18 |  8.57 | 10.03 |  8.49 |  9.43 |  8.72 |  6.61 |  8.73 |  9.00 |  9.08 |  8.64 |  9.68 |  8.94 |  8.89 |  8.75 |  7.83 |  8.37 |  8.92 |  8.66 |  7.57 | 10.19 |  8.73 |  9.75 |  9.18 |  8.30 |  6.81 |  9.04 |  8.84 |  8.35 |  9.50 |  9.39 |  8.70 |
|        72 |  8.29 |  7.04 |  8.32 |  8.26 |  9.20 |  9.25 |  8.68 |  9.15 |  8.50 |  7.21 |  8.94 |  7.94 |  8.91 |  8.49 |  5.89 |  7.95 |  8.64 |  9.38 |  7.88 |  9.18 |  8.97 |  7.74 |  8.79 |  6.98 |  8.41 |  7.99 |  7.82 |  6.48 | 10.18 |  8.74 |  9.61 |  8.63 |  7.76 |  7.33 |  8.27 |  8.41 |  8.33 |  9.00 | 10.03 |  7.49 |
|        78 |  6.52 |  5.29 |  6.38 |  6.39 |  8.29 |  5.54 |  8.19 |  6.43 |  7.48 |  5.66 |  8.30 |  6.54 |  6.31 |  7.80 |  5.24 |  6.60 |  7.84 |  7.97 |  6.19 |  7.08 |  7.84 |  6.81 |  7.61 |  6.38 |  8.34 |  5.62 |  7.11 |  4.75 |  7.28 |  6.95 |  8.32 |  8.82 |  6.55 |  6.34 |  5.99 |  6.00 |  5.37 |  6.39 |  8.21 |  5.80 |
|        84 |  5.72 |  5.81 |  6.02 |  5.28 |  7.93 |  6.18 |  7.54 |  6.25 |  5.52 |  5.57 |  7.22 |  5.27 |  6.81 |  6.75 |  5.31 |  6.97 |  6.60 |  6.85 |  6.44 |  5.70 |  7.73 |  5.41 |  6.91 |  6.12 |  7.49 |  6.12 |  5.84 |  5.21 |  6.92 |  6.79 |  7.71 |  7.93 |  6.04 |  5.19 |  5.55 |  6.02 |  6.14 |  5.32 |  7.38 |  4.76 |
|        90 |  5.57 |  5.82 |  5.02 |  5.53 |  6.28 |  5.07 |  7.02 |  5.75 |  5.31 |  5.26 |  4.90 |  4.56 |  6.08 |  5.53 |  4.91 |  5.09 |  5.49 |  6.65 |  5.03 |  5.29 |  5.60 |  4.44 |  6.02 |  4.20 |  6.79 |  5.63 |  4.78 |  4.41 |  5.84 |  5.58 |  6.60 |  5.60 |  5.11 |  4.93 |  5.20 |  4.97 |  5.30 |  4.69 |  5.54 |  4.39 |
|        96 |  5.22 |  4.65 |  4.83 |  4.51 |  4.75 |  5.17 |  5.41 |  4.44 |  4.16 |  4.65 |  4.12 |  3.81 |  5.16 |  4.72 |  3.78 |  4.47 |  4.27 |  5.14 |  4.86 |  4.46 |  4.47 |  3.51 |  5.31 |  3.54 |  5.91 |  4.71 |  3.89 |  3.29 |  4.39 |  4.85 |  5.50 |  4.06 |  4.83 |  3.16 |  5.01 |  4.24 |  5.02 |  4.49 |  4.52 |  4.98 |
|       102 |  5.71 |  4.36 |  4.00 |  4.73 |  4.54 |  3.76 |  3.31 |  2.10 |  3.74 |  4.28 |  3.66 |  2.48 |  5.02 |  4.64 |  3.27 |  2.70 |  4.93 |  4.82 |  4.61 |  4.71 |  3.15 |  2.60 |  5.00 |  2.52 |  3.95 |  4.66 |  3.75 |  2.93 |  3.96 |  4.42 |  3.70 |  3.78 |  4.31 |  3.04 |  3.80 |  3.78 |  3.99 |  3.91 |  4.33 |  4.52 |
|       108 |  5.43 |  4.50 |  3.78 |  4.09 |  3.80 |  4.70 |  4.72 |  4.93 |  2.78 |  4.09 |  3.11 |  3.98 |  4.81 |  3.60 |  4.91 |  3.14 |  5.26 |  3.63 |  4.30 |  5.23 |  4.48 |  2.68 |  4.24 |  3.15 |  3.48 |  5.65 |  2.91 |  3.16 |  4.91 |  5.51 |  3.63 |  3.51 |  4.27 |  2.83 |  3.63 |  3.53 |  3.47 |  2.75 |  5.59 |  3.68 |
|       114 |  5.43 |  4.22 |  3.85 |  3.23 |  3.50 |  6.69 |  5.90 |  3.93 |  3.24 |  3.84 |  3.04 |  3.51 |  4.68 |  5.20 |  4.79 |  3.26 |  5.51 |  3.57 |  5.54 |  5.64 |  4.84 |  2.85 |  3.12 |  3.75 |  4.42 |  5.40 |  2.51 |  3.45 |  4.67 |  4.69 |  3.86 |  3.06 |  4.25 |  3.41 |  5.76 |  4.93 |  3.92 |  1.26 |  6.11 |  3.41 |
|       120 |  4.89 |  4.40 |  4.17 |  2.88 |  3.46 |  7.07 |  5.34 |  6.38 |  3.63 |  5.05 |  2.03 |  3.50 |  4.64 |  6.90 |  4.66 |  3.18 |  6.57 |  4.83 |  5.53 |  5.54 |  5.38 |  1.35 |  3.19 |  2.98 |  6.27 |  6.00 |  2.12 |  3.64 |  5.00 |  4.65 |  3.46 |  2.92 |  4.18 |  4.10 |  6.41 |  5.51 |  3.99 |  1.36 |  7.21 |  4.55 |
