# variable: Temperature at 850hPa
# units: degree celsius
# 
| fcst_hour |    1 |    2 |    3 |    4 |    5 |    6 |    7 |     8 |    9 |   10 |   11 |   12 |    13 |    14 |   15 |   16 |   17 |   18 |   19 |   20 |   21 |   22 |   23 |    24 |   25 |    26 |    27 |   28 |   29 |   30 |   31 |   32 |   33 |   34 |   35 |   36 |   37 |   38 |   39 |   40 |
|         0 | 2.48 | 2.72 | 1.57 | 1.68 | 2.76 | 2.32 | 2.56 |  2.13 | 2.13 | 2.24 | 2.13 | 2.05 |  1.56 |  1.70 | 1.68 | 2.23 | 2.26 | 2.59 | 2.14 | 1.93 | 1.65 | 2.25 | 1.83 |  2.42 | 1.58 |  2.60 |  1.79 | 2.40 | 1.71 | 2.39 | 2.55 | 3.14 | 2.71 | 3.18 | 1.99 | 2.15 | 1.98 | 2.50 | 2.29 | 2.99 |
|         1 | 2.24 | 2.78 | 2.07 | 1.82 | 2.37 | 2.16 | 2.67 |  2.08 | 2.36 | 2.12 | 1.93 | 2.13 |  1.69 |  1.58 | 1.86 | 2.39 | 2.30 | 2.63 | 2.11 | 2.07 | 1.76 | 2.52 | 1.82 |  2.40 | 1.57 |  2.44 |  1.69 | 2.40 | 1.72 | 2.71 | 2.56 | 3.08 | 2.57 | 2.79 | 1.91 | 2.21 | 2.24 | 2.46 | 2.51 | 2.82 |
|         2 | 2.23 | 2.64 | 2.41 | 2.15 | 2.36 | 2.24 | 3.04 |  2.13 | 2.52 | 2.26 | 1.82 | 2.05 |  1.97 |  1.67 | 2.23 | 2.48 | 2.43 | 2.67 | 2.20 | 2.24 | 1.91 | 2.47 | 1.89 |  2.32 | 1.74 |  2.30 |  1.70 | 2.39 | 1.83 | 2.75 | 2.47 | 2.94 | 2.74 | 2.75 | 2.21 | 2.39 | 2.32 | 2.29 | 2.29 | 2.77 |
|         3 | 2.29 | 2.44 | 2.23 | 2.45 | 2.77 | 2.33 | 3.09 |  2.24 | 2.52 | 2.44 | 1.91 | 2.08 |  2.05 |  1.85 | 2.72 | 2.46 | 2.52 | 2.35 | 2.58 | 2.51 | 2.15 | 2.37 | 2.31 |  2.18 | 1.91 |  2.07 |  1.96 | 2.36 | 2.01 | 2.87 | 2.28 | 2.95 | 2.96 | 2.87 | 2.29 | 2.52 | 2.16 | 2.43 | 2.08 | 2.77 |
|         4 | 2.63 | 2.45 | 2.27 | 2.55 | 2.96 | 2.46 | 3.09 |  2.50 | 2.60 | 2.45 | 1.99 | 2.12 |  2.31 |  2.07 | 2.43 | 2.55 | 2.67 | 2.43 | 2.86 | 2.94 | 2.43 | 2.31 | 2.58 |  2.32 | 2.08 |  2.13 |  2.26 | 2.37 | 2.20 | 2.87 | 2.42 | 2.97 | 2.70 | 2.98 | 2.56 | 2.50 | 2.14 | 2.37 | 2.07 | 2.79 |
|         5 | 2.62 | 1.97 | 2.28 | 2.56 | 2.59 | 2.42 | 3.14 |  2.44 | 2.61 | 2.47 | 1.94 | 2.14 |  1.93 |  1.92 | 2.09 | 2.39 | 2.63 | 2.25 | 2.64 | 2.55 | 2.47 | 2.12 | 2.39 |  2.53 | 2.22 |  2.47 |  2.32 | 2.47 | 2.25 | 2.51 | 2.86 | 2.89 | 2.32 | 2.98 | 2.55 | 2.44 | 2.18 | 2.27 | 2.17 | 2.76 |
|         6 | 2.58 | 1.95 | 2.50 | 2.56 | 2.51 | 2.45 | 2.89 |  2.38 | 2.38 | 2.56 | 1.86 | 1.97 |  1.87 |  1.81 | 1.77 | 2.35 | 2.56 | 2.12 | 2.40 | 2.43 | 2.61 | 1.98 | 2.26 |  2.41 | 2.45 |  2.61 |  2.52 | 2.45 | 2.26 | 2.53 | 2.58 | 2.68 | 2.11 | 2.85 | 2.53 | 2.42 | 2.30 | 2.47 | 2.28 | 2.87 |
|         7 | 2.66 | 2.13 | 2.46 | 2.82 | 2.70 | 2.42 | 2.53 |  2.43 | 2.29 | 2.58 | 1.96 | 1.84 |  2.29 |  1.93 | 1.80 | 2.57 | 2.69 | 1.99 | 2.28 | 2.47 | 2.86 | 2.18 | 2.28 |  2.24 | 2.64 |  2.76 |  2.56 | 2.33 | 2.37 | 2.68 | 2.53 | 2.57 | 1.92 | 2.78 | 2.76 | 2.44 | 2.50 | 2.70 | 2.29 | 2.90 |
|         8 | 2.47 | 2.53 | 2.31 | 2.95 | 2.74 | 2.40 | 2.47 |  2.66 | 2.15 | 2.73 | 1.85 | 1.83 |  2.67 |  2.11 | 2.07 | 2.73 | 2.73 | 1.93 | 2.37 | 2.71 | 3.09 | 2.46 | 2.47 |  2.25 | 2.23 |  2.64 |  2.88 | 2.29 | 2.52 | 2.68 | 2.43 | 2.59 | 1.74 | 2.82 | 2.86 | 2.50 | 2.52 | 2.68 | 2.31 | 2.96 |
|         9 | 2.07 | 2.80 | 2.09 | 2.91 | 2.66 | 2.32 | 2.63 |  3.04 | 2.16 | 2.69 | 1.71 | 2.09 |  2.52 |  2.19 | 2.48 | 2.78 | 2.66 | 1.91 | 2.72 | 2.90 | 3.33 | 2.33 | 2.22 |  2.49 | 1.57 |  2.67 |  3.11 | 2.40 | 2.79 | 2.47 | 2.32 | 2.56 | 1.60 | 2.68 | 2.71 | 2.48 | 2.49 | 2.58 | 2.18 | 3.10 |
|        10 | 2.18 | 2.98 | 2.15 | 2.66 | 2.55 | 2.28 | 3.00 |  3.05 | 2.17 | 2.29 | 1.83 | 1.99 |  2.47 |  2.04 | 2.55 | 2.67 | 2.35 | 2.13 | 2.52 | 2.52 | 3.26 | 2.28 | 2.09 |  2.61 | 1.46 |  2.45 |  3.08 | 2.43 | 2.71 | 2.33 | 2.02 | 2.42 | 1.88 | 2.63 | 2.31 | 2.73 | 2.53 | 2.45 | 2.71 | 3.08 |
|        11 | 2.66 | 2.46 | 2.56 | 2.78 | 2.85 | 2.40 | 2.53 |  2.49 | 2.62 | 2.61 | 1.87 | 2.44 |  2.22 |  2.19 | 2.60 | 2.50 | 2.76 | 2.50 | 2.81 | 2.86 | 3.02 | 2.46 | 2.05 |  2.59 | 1.70 |  2.25 |  2.50 | 2.78 | 2.43 | 2.55 | 2.27 | 2.96 | 2.37 | 2.56 | 2.56 | 2.84 | 2.86 | 2.89 | 2.74 | 3.15 |
|        12 | 2.79 | 2.93 | 2.87 | 3.07 | 3.24 | 2.43 | 2.86 |  3.10 | 3.00 | 2.73 | 2.08 | 2.66 |  2.70 |  2.65 | 2.85 | 3.03 | 3.00 | 2.76 | 3.17 | 2.98 | 3.07 | 2.82 | 1.93 |  3.02 | 2.10 |  1.97 |  2.91 | 3.16 | 2.53 | 2.85 | 2.87 | 3.11 | 2.64 | 3.11 | 2.67 | 3.07 | 2.97 | 3.12 | 3.09 | 3.47 |
|        13 | 2.75 | 3.55 | 3.15 | 3.67 | 3.21 | 2.54 | 3.26 |  3.11 | 3.07 | 3.04 | 2.15 | 3.05 |  2.94 |  2.82 | 3.08 | 3.15 | 3.13 | 2.76 | 3.53 | 3.40 | 3.18 | 3.09 | 2.14 |  3.15 | 2.52 |  1.77 |  3.29 | 3.34 | 2.75 | 3.12 | 3.16 | 3.26 | 2.83 | 3.30 | 2.64 | 3.06 | 3.34 | 3.05 | 3.27 | 3.76 |
|        14 | 2.97 | 3.61 | 3.42 | 3.79 | 3.27 | 2.79 | 3.62 |  3.33 | 3.16 | 3.27 | 2.32 | 2.92 |  3.18 |  3.13 | 3.38 | 3.23 | 3.31 | 2.88 | 3.69 | 3.50 | 3.52 | 3.20 | 2.41 |  3.30 | 2.62 |  1.92 |  3.38 | 3.35 | 2.93 | 3.58 | 3.27 | 3.52 | 2.77 | 3.38 | 2.72 | 3.31 | 3.67 | 3.38 | 3.48 | 3.91 |
|        15 | 3.25 | 3.86 | 3.54 | 3.74 | 3.35 | 3.00 | 3.86 |  3.37 | 3.34 | 3.46 | 2.69 | 3.12 |  3.38 |  3.31 | 3.50 | 3.59 | 3.32 | 3.14 | 3.76 | 3.52 | 3.55 | 3.42 | 2.17 |  3.26 | 2.64 |  2.20 |  3.43 | 3.47 | 3.04 | 4.01 | 3.24 | 3.70 | 3.14 | 3.50 | 3.07 | 3.50 | 3.71 | 3.52 | 3.62 | 4.04 |
|        16 | 3.51 | 4.17 | 3.65 | 3.85 | 3.37 | 3.07 | 3.85 |  3.44 | 3.42 | 3.54 | 2.97 | 3.25 |  3.42 |  3.38 | 3.56 | 3.63 | 3.47 | 3.00 | 3.90 | 3.46 | 3.55 | 3.53 | 2.29 |  3.39 | 2.84 |  2.15 |  3.60 | 3.66 | 2.97 | 3.82 | 3.28 | 3.67 | 3.64 | 3.49 | 3.45 | 3.68 | 3.68 | 3.55 | 3.56 | 4.13 |
|        17 | 4.13 | 4.28 | 3.87 | 3.86 | 3.46 | 3.45 | 3.75 |  3.70 | 3.52 | 3.95 | 2.77 | 3.28 |  3.46 |  3.23 | 3.73 | 3.62 | 3.86 | 2.80 | 4.00 | 3.08 | 3.60 | 3.68 | 2.59 |  3.53 | 2.98 |  2.49 |  3.66 | 3.62 | 3.03 | 3.42 | 3.39 | 3.65 | 3.59 | 3.37 | 3.85 | 3.74 | 3.58 | 3.79 | 3.55 | 4.11 |
|        18 | 4.54 | 4.13 | 4.10 | 3.89 | 3.47 | 3.78 | 3.59 |  4.16 | 3.55 | 4.44 | 3.01 | 3.20 |  3.84 |  3.62 | 3.83 | 3.58 | 4.34 | 3.01 | 4.05 | 3.10 | 4.10 | 3.81 | 3.06 |  3.56 | 2.98 |  3.62 |  3.52 | 3.57 | 3.48 | 3.78 | 3.33 | 3.76 | 3.85 | 3.41 | 4.09 | 3.55 | 3.76 | 3.90 | 3.59 | 4.06 |
|        19 | 4.40 | 3.96 | 4.02 | 4.08 | 3.75 | 3.88 | 3.46 |  4.37 | 3.28 | 5.12 | 3.55 | 3.25 |  4.14 |  4.56 | 3.76 | 3.44 | 4.77 | 3.17 | 4.02 | 3.45 | 4.89 | 3.90 | 3.45 |  3.45 | 3.37 |  4.02 |  3.62 | 3.46 | 3.90 | 4.48 | 3.62 | 4.20 | 4.04 | 3.58 | 4.48 | 3.16 | 4.03 | 3.95 | 3.56 | 4.41 |
|        20 | 4.40 | 4.06 | 4.20 | 4.11 | 4.17 | 4.28 | 3.53 |  4.81 | 3.60 | 5.21 | 4.11 | 3.43 |  4.55 |  5.18 | 4.07 | 3.55 | 4.71 | 3.91 | 3.87 | 3.83 | 5.31 | 4.40 | 4.36 |  3.84 | 3.72 |  4.48 |  4.38 | 3.13 | 4.42 | 4.78 | 3.94 | 4.41 | 4.29 | 3.76 | 4.79 | 3.30 | 4.00 | 4.02 | 3.42 | 4.85 |
|        21 | 4.62 | 4.03 | 4.73 | 4.35 | 4.82 | 4.44 | 4.16 |  5.47 | 4.07 | 4.79 | 4.27 | 3.69 |  4.81 |  5.50 | 4.37 | 3.80 | 4.62 | 4.90 | 4.15 | 4.32 | 5.75 | 4.19 | 4.66 |  4.43 | 4.14 |  4.83 |  5.29 | 3.56 | 4.71 | 4.74 | 4.32 | 4.72 | 5.01 | 4.51 | 5.15 | 3.47 | 4.12 | 4.01 | 3.63 | 4.74 |
|        22 | 4.96 | 4.37 | 5.36 | 4.89 | 5.38 | 4.75 | 4.65 |  4.78 | 4.48 | 4.83 | 4.41 | 4.06 |  4.56 |  5.38 | 4.93 | 4.11 | 4.85 | 5.47 | 4.45 | 4.71 | 5.37 | 4.33 | 4.45 |  4.84 | 4.52 |  5.31 |  5.36 | 4.46 | 4.66 | 4.81 | 4.70 | 5.02 | 5.17 | 4.68 | 5.22 | 3.77 | 4.49 | 4.41 | 4.22 | 4.84 |
|        23 | 5.07 | 5.35 | 5.45 | 5.54 | 5.47 | 5.07 | 4.94 |  4.66 | 4.83 | 5.02 | 4.52 | 4.46 |  4.45 |  5.61 | 4.87 | 4.70 | 4.83 | 5.73 | 5.13 | 5.00 | 4.50 | 4.64 | 4.16 |  4.76 | 4.50 |  5.31 |  4.33 | 5.46 | 4.78 | 5.48 | 4.86 | 5.33 | 5.29 | 4.78 | 5.92 | 4.13 | 5.03 | 5.18 | 4.63 | 5.44 |
|        24 | 5.42 | 5.88 | 5.55 | 5.91 | 5.85 | 5.56 | 5.18 |  5.48 | 5.30 | 5.40 | 4.84 | 4.81 |  4.95 |  5.83 | 4.84 | 5.05 | 4.74 | 5.73 | 5.89 | 5.11 | 4.83 | 5.03 | 4.31 |  4.58 | 4.84 |  5.52 |  4.20 | 5.09 | 4.81 | 5.71 | 4.69 | 4.93 | 5.49 | 5.34 | 6.39 | 4.38 | 5.36 | 5.48 | 4.54 | 5.98 |
|        25 | 5.62 | 6.17 | 5.55 | 6.13 | 6.21 | 5.69 | 5.05 |  6.10 | 5.76 | 5.90 | 5.53 | 4.51 |  6.08 |  6.15 | 5.02 | 4.87 | 5.18 | 5.47 | 5.90 | 5.50 | 5.84 | 5.49 | 5.12 |  5.07 | 5.23 |  6.19 |  4.68 | 4.70 | 5.25 | 6.15 | 4.98 | 4.58 | 5.57 | 5.85 | 6.34 | 4.59 | 5.46 | 5.87 | 4.39 | 6.22 |
|        26 | 5.50 | 5.96 | 5.60 | 6.00 | 6.30 | 6.29 | 5.21 |  6.08 | 5.24 | 5.96 | 6.04 | 4.82 |  6.25 |  5.71 | 5.57 | 5.33 | 5.12 | 5.52 | 5.96 | 5.81 | 5.56 | 5.83 | 5.76 |  5.64 | 5.32 |  6.46 |  5.28 | 5.03 | 5.73 | 6.26 | 5.54 | 4.61 | 5.65 | 5.81 | 6.00 | 4.91 | 5.93 | 6.01 | 4.25 | 6.11 |
|        27 | 5.54 | 5.54 | 5.78 | 5.88 | 6.19 | 6.88 | 5.36 |  5.91 | 5.14 | 5.84 | 6.10 | 5.25 |  6.15 |  5.16 | 5.84 | 6.24 | 5.34 | 5.62 | 6.10 | 5.73 | 5.00 | 6.09 | 5.89 |  5.46 | 5.43 |  6.33 |  5.45 | 4.97 | 5.64 | 6.15 | 5.67 | 5.11 | 5.59 | 5.71 | 5.80 | 4.66 | 6.03 | 6.07 | 4.59 | 5.99 |
|        28 | 5.88 | 5.42 | 5.96 | 5.63 | 6.05 | 6.55 | 5.29 |  5.69 | 5.60 | 5.80 | 5.84 | 4.97 |  6.03 |  5.05 | 6.04 | 6.34 | 5.82 | 5.48 | 6.04 | 5.74 | 4.87 | 5.75 | 5.83 |  5.43 | 5.72 |  6.08 |  5.61 | 5.16 | 5.70 | 5.95 | 5.70 | 5.57 | 5.45 | 5.39 | 5.60 | 5.04 | 5.61 | 6.05 | 5.01 | 6.05 |
|        29 | 6.09 | 5.51 | 6.01 | 5.58 | 5.89 | 5.99 | 5.31 |  5.47 | 5.69 | 5.92 | 5.66 | 4.50 |  5.92 |  5.09 | 6.00 | 5.50 | 5.79 | 5.36 | 5.86 | 5.92 | 4.98 | 5.37 | 5.68 |  5.49 | 5.74 |  6.14 |  5.76 | 5.26 | 5.86 | 5.90 | 6.16 | 5.79 | 5.33 | 5.25 | 5.54 | 5.03 | 5.52 | 5.86 | 5.11 | 6.10 |
|        30 | 6.23 | 5.59 | 5.94 | 5.93 | 5.76 | 5.87 | 5.55 |  5.35 | 5.83 | 6.12 | 5.60 | 4.61 |  5.78 |  4.97 | 5.91 | 5.44 | 5.67 | 5.61 | 5.76 | 5.80 | 5.15 | 5.45 | 5.54 |  5.42 | 5.83 |  5.97 |  5.76 | 5.39 | 5.61 | 5.76 | 5.81 | 5.53 | 5.26 | 5.29 | 5.49 | 5.52 | 5.61 | 5.59 | 5.39 | 6.02 |
|        31 | 6.09 | 5.56 | 5.71 | 6.11 | 5.61 | 5.85 | 5.72 |  5.25 | 5.70 | 6.26 | 5.65 | 4.99 |  5.76 |  4.72 | 5.72 | 5.49 | 5.52 | 5.75 | 5.63 | 5.59 | 5.24 | 5.52 | 5.66 |  5.28 | 5.83 |  5.64 |  5.65 | 5.59 | 5.22 | 5.47 | 5.41 | 5.28 | 5.22 | 5.52 | 5.26 | 5.78 | 5.60 | 5.40 | 5.71 | 5.86 |
|        32 | 5.83 | 5.38 | 5.63 | 5.66 | 5.58 | 5.48 | 5.76 |  5.36 | 5.59 | 5.97 | 5.81 | 5.35 |  5.72 |  4.76 | 5.56 | 5.18 | 5.21 | 5.69 | 5.65 | 5.49 | 4.95 | 5.50 | 5.57 |  5.09 | 5.58 |  5.63 |  5.48 | 5.40 | 4.99 | 5.12 | 5.33 | 5.28 | 5.24 | 5.53 | 5.07 | 5.86 | 5.57 | 5.33 | 5.69 | 5.64 |
|        33 | 5.72 | 5.27 | 5.58 | 5.34 | 5.60 | 5.28 | 5.88 |  5.28 | 5.53 | 5.70 | 5.66 | 5.48 |  5.65 |  4.86 | 5.57 | 5.04 | 4.83 | 5.60 | 5.59 | 5.40 | 5.00 | 5.35 | 5.47 |  5.12 | 5.47 |  5.67 |  5.06 | 5.33 | 5.08 | 4.93 | 5.51 | 5.66 | 5.10 | 5.27 | 5.08 | 5.71 | 5.66 | 5.25 | 5.66 | 5.60 |
|        34 | 5.78 | 5.43 | 5.55 | 5.37 | 5.74 | 5.33 | 6.08 |  5.44 | 5.55 | 5.40 | 5.30 | 5.30 |  5.57 |  4.98 | 5.72 | 5.11 | 4.87 | 5.57 | 5.53 | 5.40 | 5.77 | 5.53 | 5.55 |  5.57 | 5.59 |  5.71 |  5.28 | 5.31 | 5.52 | 5.04 | 6.07 | 5.93 | 4.91 | 5.25 | 5.38 | 5.31 | 5.74 | 5.27 | 5.90 | 5.75 |
|        35 | 5.71 | 5.01 | 5.54 | 5.28 | 5.77 | 5.42 | 6.15 |  5.10 | 4.71 | 5.35 | 5.28 | 4.91 |  5.53 |  4.54 | 5.94 | 5.27 | 4.43 | 5.63 | 5.62 | 5.58 | 6.18 | 5.87 | 5.36 |  5.78 | 5.10 |  6.09 |  5.50 | 5.52 | 5.43 | 5.00 | 6.13 | 5.99 | 3.83 | 4.96 | 5.35 | 5.22 | 5.93 | 5.41 | 6.25 | 6.02 |
|        36 | 4.96 | 4.42 | 4.53 | 4.30 | 4.54 | 4.57 | 5.79 |  4.49 | 4.28 | 4.86 | 4.14 | 3.77 |  5.41 |  4.21 | 5.06 | 4.68 | 3.84 | 5.61 | 5.26 | 4.53 | 4.67 | 5.34 | 4.28 |  5.04 | 4.22 |  4.92 |  4.37 | 5.01 | 4.94 | 4.63 | 5.21 | 5.09 | 4.01 | 4.28 | 4.48 | 4.73 | 4.26 | 4.72 | 5.34 | 5.37 |
|        37 | 4.53 | 4.53 | 4.66 | 4.62 | 4.88 | 4.86 | 4.31 |  4.63 | 4.22 | 4.54 | 3.64 | 3.51 |  4.43 |  3.95 | 4.81 | 4.06 | 3.79 | 4.26 | 4.45 | 4.69 | 4.16 | 4.58 | 4.10 |  4.17 | 4.18 |  4.65 |  4.26 | 4.63 | 4.54 | 4.53 | 4.91 | 4.77 | 3.92 | 4.13 | 3.86 | 4.73 | 4.20 | 4.20 | 4.53 | 5.20 |
|        38 | 4.72 | 4.92 | 4.71 | 4.57 | 5.18 | 5.06 | 4.14 |  5.23 | 4.03 | 4.49 | 3.74 | 3.51 |  4.89 |  4.06 | 4.95 | 4.13 | 3.91 | 4.12 | 4.45 | 4.79 | 4.45 | 4.57 | 4.41 |  3.98 | 4.40 |  4.40 |  4.39 | 4.77 | 4.43 | 4.61 | 4.82 | 4.86 | 4.11 | 4.45 | 4.28 | 4.64 | 4.20 | 3.97 | 4.22 | 5.20 |
|        39 | 5.15 | 5.00 | 4.63 | 4.43 | 5.34 | 5.40 | 4.21 |  5.57 | 4.05 | 4.31 | 3.87 | 3.53 |  5.24 |  3.89 | 5.29 | 4.42 | 4.14 | 4.37 | 4.48 | 4.78 | 4.76 | 4.62 | 4.34 |  4.14 | 4.26 |  4.42 |  4.41 | 4.85 | 4.63 | 5.02 | 4.96 | 5.82 | 4.23 | 4.63 | 4.91 | 4.39 | 4.39 | 4.02 | 4.39 | 4.84 |
|        40 | 5.43 | 5.09 | 4.76 | 4.49 | 5.53 | 5.67 | 4.27 |  5.60 | 4.01 | 4.25 | 4.08 | 3.49 |  5.39 |  4.07 | 5.15 | 4.75 | 4.39 | 4.97 | 4.77 | 5.06 | 5.12 | 4.94 | 4.43 |  4.19 | 4.43 |  4.73 |  4.33 | 4.99 | 4.85 | 5.22 | 5.10 | 6.76 | 4.41 | 4.68 | 5.50 | 4.24 | 4.70 | 4.36 | 4.46 | 4.85 |
|        41 | 5.66 | 5.19 | 5.24 | 4.81 | 5.61 | 5.73 | 4.31 |  5.43 | 3.96 | 4.28 | 4.38 | 3.46 |  5.40 |  4.46 | 5.25 | 5.18 | 4.57 | 4.89 | 4.87 | 5.19 | 5.31 | 5.03 | 4.48 |  4.46 | 4.63 |  4.74 |  4.22 | 4.96 | 4.87 | 5.24 | 5.54 | 6.93 | 4.80 | 4.68 | 5.55 | 4.29 | 4.62 | 4.84 | 4.61 | 4.82 |
|        42 | 5.85 | 5.04 | 5.34 | 4.48 | 5.72 | 5.48 | 4.41 |  5.34 | 3.94 | 4.18 | 4.52 | 3.61 |  5.22 |  4.52 | 5.48 | 5.26 | 4.63 | 4.34 | 4.80 | 5.16 | 5.21 | 4.80 | 4.48 |  4.44 | 4.65 |  4.92 |  4.10 | 5.09 | 4.59 | 5.31 | 5.49 | 6.82 | 5.06 | 4.57 | 5.45 | 4.30 | 4.70 | 4.92 | 4.57 | 4.77 |
|        43 | 5.56 | 4.84 | 5.24 | 4.00 | 5.50 | 4.97 | 4.62 |  5.20 | 4.11 | 3.85 | 4.50 | 3.84 |  5.10 |  5.11 | 5.47 | 5.31 | 4.86 | 4.22 | 4.68 | 5.05 | 5.02 | 4.58 | 4.53 |  4.33 | 4.54 |  5.24 |  4.27 | 5.16 | 4.15 | 5.30 | 5.10 | 7.04 | 5.68 | 4.54 | 5.35 | 4.33 | 4.91 | 4.90 | 4.50 | 4.65 |
|        44 | 5.08 | 4.75 | 4.61 | 3.68 | 5.04 | 4.74 | 4.75 |  4.84 | 4.45 | 3.32 | 4.23 | 4.27 |  4.98 |  5.63 | 5.16 | 5.30 | 4.58 | 4.39 | 4.69 | 4.97 | 4.44 | 4.44 | 4.49 |  3.90 | 4.50 |  5.56 |  4.57 | 4.94 | 4.02 | 5.18 | 5.10 | 7.50 | 5.89 | 4.94 | 5.30 | 4.28 | 4.71 | 4.95 | 4.68 | 4.49 |
|        45 | 4.70 | 4.80 | 4.32 | 3.70 | 4.94 | 4.94 | 4.89 |  4.22 | 4.53 | 2.93 | 3.89 | 4.57 |  4.76 |  5.79 | 4.93 | 5.59 | 3.96 | 4.45 | 4.82 | 5.06 | 3.82 | 4.55 | 4.38 |  4.02 | 4.38 |  5.21 |  4.44 | 4.77 | 4.90 | 5.24 | 5.44 | 7.74 | 5.24 | 5.83 | 5.54 | 4.34 | 4.43 | 5.12 | 5.13 | 4.68 |
|        46 | 4.55 | 5.36 | 4.40 | 4.06 | 5.00 | 4.84 | 4.76 |  4.21 | 5.01 | 2.97 | 3.72 | 4.78 |  4.74 |  6.11 | 4.94 | 6.91 | 3.46 | 4.23 | 4.86 | 5.34 | 3.69 | 4.63 | 4.47 |  4.06 | 4.18 |  4.71 |  4.43 | 5.01 | 5.88 | 5.57 | 6.06 | 7.75 | 5.06 | 5.98 | 5.87 | 4.49 | 3.96 | 5.05 | 5.28 | 5.20 |
|        47 | 4.55 | 5.58 | 4.62 | 4.66 | 4.54 | 4.33 | 4.94 |  4.28 | 5.49 | 3.04 | 3.97 | 4.73 |  4.52 |  6.84 | 4.99 | 7.67 | 3.48 | 3.76 | 4.93 | 5.58 | 3.51 | 4.80 | 4.66 |  3.82 | 3.93 |  4.67 |  5.07 | 5.25 | 5.73 | 6.02 | 6.72 | 7.90 | 5.46 | 5.21 | 6.35 | 4.87 | 3.62 | 4.80 | 5.37 | 5.69 |
|        48 | 4.85 | 5.83 | 4.60 | 4.80 | 4.49 | 3.94 | 5.39 |  4.65 | 6.39 | 3.18 | 4.20 | 4.47 |  4.34 |  7.24 | 4.63 | 7.26 | 3.70 | 3.46 | 5.25 | 5.89 | 3.36 | 5.04 | 5.22 |  4.43 | 4.74 |  5.22 |  5.39 | 5.36 | 6.03 | 6.20 | 6.96 | 7.86 | 5.73 | 5.19 | 7.08 | 5.20 | 3.45 | 4.82 | 5.19 | 5.81 |
|        51 | 5.53 | 6.30 | 4.77 | 5.41 | 6.39 | 4.54 | 7.04 |  6.64 | 7.17 | 4.62 | 4.53 | 4.10 |  4.05 |  7.42 | 4.67 | 6.18 | 4.07 | 3.84 | 5.67 | 8.79 | 4.31 | 5.36 | 6.94 |  5.51 | 6.61 |  7.65 |  7.62 | 6.89 | 7.46 | 6.22 | 8.46 | 8.92 | 8.03 | 6.28 | 7.02 | 5.97 | 3.92 | 5.32 | 4.59 | 7.03 |
|        54 | 5.98 | 6.81 | 6.10 | 6.04 | 8.14 | 6.46 | 7.91 |  7.51 | 7.77 | 7.13 | 5.45 | 4.97 |  4.56 |  7.26 | 5.73 | 7.12 | 3.69 | 4.93 | 6.05 | 8.71 | 5.56 | 5.35 | 7.38 |  6.63 | 6.07 |  8.39 |  8.57 | 8.15 | 7.64 | 8.59 | 8.17 | 8.23 | 7.53 | 7.07 | 7.15 | 6.32 | 5.37 | 6.41 | 4.22 | 8.74 |
|        57 | 6.23 | 7.56 | 7.93 | 6.84 | 8.75 | 7.76 | 8.01 |  8.01 | 8.23 | 7.13 | 6.26 | 6.72 |  5.67 |  7.43 | 7.75 | 7.89 | 3.89 | 5.99 | 7.20 | 8.80 | 6.21 | 5.73 | 8.08 |  7.44 | 5.79 |  7.59 |  9.90 | 8.97 | 7.74 | 9.72 | 7.93 | 8.45 | 7.88 | 6.32 | 7.81 | 7.89 | 5.83 | 6.95 | 6.33 | 9.25 |
|        60 | 7.69 | 7.61 | 8.62 | 6.89 | 8.96 | 6.86 | 8.44 |  7.91 | 8.09 | 8.35 | 6.90 | 7.66 |  7.23 |  7.73 | 8.48 | 7.00 | 4.36 | 6.37 | 8.09 | 9.09 | 7.20 | 5.95 | 9.49 |  7.64 | 6.61 |  7.45 | 10.20 | 9.79 | 8.48 | 9.54 | 7.89 | 8.67 | 8.78 | 6.50 | 7.98 | 8.98 | 6.29 | 6.94 | 8.01 | 9.11 |
|        63 | 7.73 | 8.13 | 8.30 | 6.65 | 8.95 | 5.08 | 8.78 |  8.44 | 7.74 | 7.59 | 6.62 | 7.31 |  6.82 |  7.77 | 7.00 | 7.08 | 3.39 | 6.09 | 7.50 | 9.15 | 6.98 | 5.43 | 8.83 |  8.16 | 6.02 |  7.93 | 10.12 | 9.97 | 8.34 | 9.39 | 8.02 | 8.91 | 8.46 | 6.51 | 7.02 | 9.30 | 5.75 | 6.72 | 8.69 | 8.71 |
|        66 | 4.40 | 6.41 | 7.72 | 5.85 | 7.02 | 4.55 | 6.99 |  7.64 | 7.22 | 5.77 | 5.63 | 6.30 |  6.42 |  7.12 | 5.55 | 6.52 | 3.28 | 4.83 | 5.43 | 8.53 | 6.88 | 4.16 | 7.14 |  6.52 | 4.53 |  7.76 |  9.80 | 9.66 | 6.24 | 8.29 | 6.85 | 8.24 | 7.26 | 5.66 | 5.93 | 8.20 | 4.29 | 4.33 | 8.19 | 7.80 |
|        69 | 4.08 | 6.52 | 7.68 | 5.34 | 8.60 | 6.09 | 8.32 |  7.38 | 6.70 | 6.28 | 4.71 | 4.82 |  5.65 |  6.36 | 6.79 | 4.91 | 2.58 | 4.06 | 5.66 | 8.39 | 6.05 | 5.83 | 7.12 |  7.74 | 5.92 |  7.03 |  8.85 | 9.11 | 7.20 | 7.83 | 6.56 | 7.17 | 6.41 | 4.82 | 5.07 | 7.38 | 3.40 | 5.75 | 7.09 | 7.98 |
|        72 | 5.50 | 6.12 | 8.51 | 4.82 | 9.30 | 6.27 | 8.79 |  7.39 | 6.28 | 6.36 | 4.22 | 4.63 |  5.44 |  6.00 | 7.73 | 4.94 | 2.33 | 3.72 | 7.19 | 8.89 | 5.81 | 6.46 | 6.59 |  8.15 | 7.23 |  6.64 |  8.85 | 8.47 | 6.88 | 8.37 | 7.25 | 7.28 | 6.23 | 5.53 | 4.78 | 6.75 | 3.46 | 6.39 | 6.42 | 8.16 |
|        78 | 6.59 | 5.10 | 7.30 | 3.82 | 9.01 | 6.42 | 8.22 |  7.24 | 6.07 | 5.88 | 3.49 | 4.08 |  4.48 |  5.74 | 7.80 | 3.38 | 1.71 | 3.84 | 6.38 | 9.01 | 4.58 | 6.18 | 6.74 |  7.11 | 6.70 |  4.75 |  8.10 | 7.85 | 6.57 | 8.56 | 7.08 | 6.32 | 6.85 | 4.82 | 4.02 | 7.35 | 1.12 | 6.91 | 5.86 | 7.66 |
|        84 | 6.81 | 3.88 | 6.29 | 3.66 | 9.37 | 6.85 | 8.06 |  6.95 | 6.42 | 6.24 | 2.66 | 4.12 |  3.51 |  6.23 | 8.64 | 1.99 | 2.37 | 4.29 | 6.80 | 8.41 | 3.80 | 6.21 | 6.49 |  7.30 | 7.41 |  4.50 |  7.81 | 7.28 | 7.01 | 8.65 | 6.60 | 5.64 | 6.12 | 4.64 | 3.46 | 7.42 | 2.24 | 7.00 | 5.80 | 8.11 |
|        90 | 5.45 | 3.94 | 5.50 | 3.03 | 6.90 | 5.46 | 6.19 |  6.80 | 6.49 | 5.89 | 1.47 | 4.09 |  3.90 |  6.33 | 6.85 | 0.98 | 3.09 | 4.19 | 5.90 | 8.28 | 2.49 | 6.23 | 5.81 |  5.80 | 5.79 |  4.17 |  8.09 | 6.96 | 7.34 | 8.74 | 6.51 | 5.41 | 4.60 | 5.51 | 3.15 | 6.60 | 2.05 | 6.16 | 5.63 | 6.99 |
|        96 | 5.25 | 3.08 | 4.65 | 2.53 | 6.71 | 7.00 | 5.32 |  4.74 | 6.47 | 7.22 | 1.08 | 3.57 |  4.16 |  5.62 | 7.97 | 2.27 | 3.12 | 4.00 | 4.95 | 7.93 | 2.65 | 5.27 | 5.19 |  4.68 | 5.01 |  3.78 |  8.24 | 6.31 | 5.68 | 8.03 | 6.29 | 5.82 | 2.67 | 5.61 | 2.89 | 5.42 | 2.46 | 4.82 | 5.99 | 5.34 |
|       102 | 4.26 | 2.07 | 4.39 | 2.88 | 5.53 | 9.54 | 4.12 |  2.71 | 5.79 | 5.82 | 1.40 | 2.56 |  4.69 |  4.09 | 6.40 | 3.77 | 3.28 | 4.52 | 4.32 | 8.00 | 4.18 | 4.39 | 2.88 |  1.32 | 4.40 |  1.87 |  8.09 | 6.51 | 4.07 | 8.13 | 6.52 | 6.13 | 1.82 | 5.59 | 3.52 | 2.65 | 3.50 | 2.88 | 5.65 | 4.18 |
|       108 | 4.63 | 2.40 | 5.18 | 4.18 | 6.25 | 9.82 | 2.73 |  1.28 | 5.35 | 5.86 | 2.74 | 1.74 |  2.89 |  1.75 | 5.08 | 4.16 | 2.88 | 4.76 | 2.93 | 8.76 | 5.26 | 3.55 | 2.71 |  0.72 | 3.40 | -0.14 |  7.51 | 5.54 | 2.93 | 6.74 | 6.27 | 4.56 | 3.69 | 6.08 | 3.98 | 3.73 | 4.14 | 3.27 | 5.91 | 3.22 |
|       114 | 4.46 | 1.49 | 4.96 | 4.91 | 6.14 | 8.95 | 2.35 |  1.38 | 3.90 | 3.96 | 2.27 | 1.85 |  0.94 |  0.92 | 2.81 | 2.45 | 1.51 | 2.49 | 2.66 | 8.26 | 4.01 | 3.65 | 2.30 | -1.07 | 2.01 | -0.06 |  7.11 | 3.84 | 2.80 | 3.66 | 3.67 | 2.73 | 4.63 | 4.98 | 3.54 | 2.70 | 1.70 | 3.54 | 3.85 | 1.41 |
|       120 | 3.33 | 1.07 | 4.24 | 4.23 | 6.02 | 7.94 |    0 | -0.61 | 1.87 | 2.38 | 1.75 | 0.97 | -0.55 | -1.41 | 2.29 | 1.18 | 0.65 | 4.48 | 1.51 | 9.69 | 2.40 | 2.37 | 1.31 |  3.86 | 0.94 | -1.25 |  6.86 | 4.28 | 3.00 | 2.13 | 3.15 | 1.78 | 5.09 | 3.47 | 1.55 | 1.03 | 0.69 | 3.45 | 4.27 | 0.99 |
