# variable: Wind Gust at 10m, Maximum of Time Interval before fcst_hour
# units: km/h
# 
| fcst_hour |     1 |     2 |     3 |     4 |     5 |     6 |     7 |     8 |     9 |    10 |    11 |    12 |    13 |    14 |    15 |    16 |    17 |    18 |    19 |    20 |    21 |    22 |    23 |    24 |    25 |    26 |    27 |    28 |    29 |    30 |    31 |    32 |    33 |    34 |    35 |    36 |    37 |    38 |    39 |    40 |
|         1 | 13.63 | 12.11 | 13.39 | 14.82 | 15.86 | 11.19 | 13.31 | 12.91 | 15.04 | 15.20 | 15.72 | 12.06 | 13.48 | 12.95 | 16.13 | 15.57 | 13.15 | 12.33 | 15.41 | 13.04 | 14.00 | 12.70 | 17.37 | 13.83 | 13.68 | 13.36 | 13.33 | 15.26 | 15.75 | 14.10 | 16.85 | 13.31 | 12.70 | 13.24 | 15.40 | 15.94 | 14.33 | 15.59 | 17.24 | 13.69 |
|         2 | 13.25 | 10.99 | 12.72 | 13.86 | 15.13 |  9.96 | 13.27 | 12.10 | 13.49 | 14.06 | 14.70 | 11.54 | 12.79 | 11.81 | 15.95 | 14.48 | 12.38 | 11.06 | 14.21 | 11.54 | 13.47 | 12.31 | 16.76 | 12.35 | 13.59 | 12.95 | 12.86 | 14.81 | 14.51 | 13.92 | 17.11 | 11.92 | 12.35 | 12.08 | 15.28 | 14.59 | 13.46 | 15.20 | 16.66 | 12.57 |
|         3 | 12.22 |  9.66 | 12.02 | 13.23 | 15.01 |  9.46 | 12.61 | 11.94 | 12.14 | 12.10 | 14.16 | 10.65 | 12.07 | 10.86 | 15.40 | 13.56 | 11.75 | 11.23 | 12.76 |  9.97 | 13.62 | 11.54 | 16.50 | 11.13 | 13.47 | 11.86 | 11.84 | 13.28 | 13.09 | 13.66 | 16.82 | 11.01 | 12.15 | 11.52 | 14.63 | 13.52 | 12.97 | 15.20 | 15.03 | 11.71 |
|         4 | 11.02 |  8.58 | 11.37 | 11.87 | 14.12 |  9.14 | 11.50 | 10.64 | 11.14 | 11.32 | 13.47 |  9.58 | 11.67 | 10.76 | 13.41 | 12.18 | 11.36 | 11.79 | 11.10 |  8.67 | 13.43 | 10.41 | 16.53 | 10.05 | 13.06 |  9.85 | 10.91 | 12.44 | 13.07 | 13.35 | 15.56 | 10.69 | 11.82 | 10.58 | 13.24 | 12.63 | 12.86 | 14.68 | 13.42 | 11.43 |
|         5 | 10.39 |  8.69 | 11.39 | 11.62 | 13.68 |  9.14 | 10.81 |  9.50 |  9.99 | 11.58 | 12.96 |  8.76 | 11.66 | 10.79 | 12.25 | 12.45 | 11.17 | 11.88 | 10.67 |  8.65 | 12.65 | 10.21 | 16.56 |  9.91 | 12.43 |  9.07 | 11.08 | 12.55 | 13.10 | 13.26 | 14.77 |  9.99 | 11.60 |  9.74 | 12.25 | 12.80 | 12.55 | 13.48 | 13.68 | 10.93 |
|         6 | 10.57 |  9.32 | 11.24 | 11.39 | 13.06 |  8.69 | 10.29 |  9.24 |  9.89 | 11.44 | 12.34 |  7.98 | 11.37 | 10.55 | 12.16 | 12.77 | 10.74 | 11.68 | 10.76 |  8.71 | 11.59 | 10.72 | 15.99 |  9.71 | 11.74 |  9.87 | 11.14 | 12.23 | 12.83 | 12.64 | 15.16 |  8.76 | 11.15 |  8.75 | 12.78 | 12.81 | 12.39 | 12.63 | 14.71 |  9.74 |
|         7 | 12.49 |  9.44 | 12.05 | 12.53 | 14.75 |  7.86 | 11.80 | 10.13 | 13.03 | 13.37 | 13.94 |  7.47 | 11.07 | 11.28 | 14.03 | 14.85 | 12.84 | 12.45 | 12.90 |  8.23 | 15.63 | 12.33 | 16.37 | 11.42 | 13.10 | 13.46 | 12.80 | 14.83 | 13.38 | 14.26 | 17.33 |  9.65 | 10.67 |  9.62 | 15.99 | 14.44 | 15.22 | 14.76 | 16.50 | 12.04 |
|         8 | 16.94 | 14.60 | 19.41 | 13.43 | 17.29 | 14.54 | 15.50 | 18.10 | 16.16 | 17.78 | 17.46 | 13.93 | 15.61 | 16.93 | 17.49 | 16.85 | 15.36 | 17.00 | 15.21 | 14.74 | 20.26 | 18.39 | 20.42 | 12.36 | 14.32 | 14.58 | 18.07 | 17.71 | 16.02 | 23.53 | 22.35 | 13.21 | 18.15 | 13.75 | 21.49 | 16.45 | 19.47 | 17.49 | 22.14 | 14.64 |
|         9 | 23.65 | 18.36 | 25.79 | 18.23 | 22.90 | 20.36 | 23.87 | 23.99 | 23.10 | 22.90 | 23.23 | 20.53 | 22.66 | 25.39 | 22.71 | 22.30 | 19.11 | 22.59 | 21.26 | 20.20 | 25.27 | 26.16 | 27.90 | 16.18 | 19.29 | 20.11 | 23.95 | 23.02 | 22.10 | 30.84 | 29.36 | 18.84 | 27.99 | 21.04 | 27.61 | 20.68 | 25.96 | 23.21 | 28.71 | 17.01 |
|        10 | 26.74 | 21.05 | 31.28 | 22.88 | 26.29 | 25.67 | 27.71 | 27.57 | 27.28 | 26.39 | 26.19 | 26.81 | 26.67 | 29.08 | 25.46 | 26.99 | 23.94 | 26.23 | 25.77 | 24.27 | 29.55 | 29.93 | 32.59 | 20.84 | 24.40 | 24.51 | 29.08 | 28.01 | 26.83 | 35.95 | 34.12 | 25.66 | 32.39 | 25.85 | 31.36 | 23.72 | 29.95 | 27.18 | 32.65 | 19.42 |
|        11 | 27.28 | 22.84 | 32.72 | 25.69 | 29.45 | 29.05 | 30.77 | 29.10 | 30.25 | 28.69 | 29.51 | 28.74 | 29.27 | 31.27 | 28.40 | 30.71 | 29.02 | 29.77 | 29.62 | 26.27 | 30.95 | 30.89 | 34.95 | 23.69 | 28.37 | 26.78 | 31.18 | 31.05 | 29.85 | 36.53 | 35.71 | 28.71 | 34.33 | 28.79 | 32.14 | 26.11 | 31.71 | 29.97 | 35.02 | 22.69 |
|        12 | 27.21 | 22.66 | 32.43 | 26.87 | 29.78 | 30.84 | 31.29 | 29.00 | 30.63 | 29.62 | 29.24 | 28.85 | 29.36 | 31.67 | 29.10 | 30.79 | 32.08 | 31.00 | 31.44 | 26.42 | 30.76 | 30.82 | 34.83 | 25.77 | 29.56 | 26.98 | 31.03 | 31.69 | 30.13 | 35.37 | 34.29 | 28.76 | 34.26 | 29.90 | 31.32 | 26.47 | 31.52 | 31.58 | 34.38 | 24.12 |
|        13 | 25.84 | 21.71 | 30.06 | 26.51 | 29.19 | 30.49 | 30.48 | 27.80 | 29.70 | 29.22 | 27.80 | 27.82 | 28.55 | 31.28 | 28.52 | 29.55 | 32.06 | 30.34 | 31.32 | 25.69 | 28.65 | 28.44 | 32.60 | 26.02 | 29.60 | 26.35 | 28.94 | 31.09 | 29.50 | 33.76 | 33.28 | 28.03 | 32.07 | 29.09 | 28.61 | 25.29 | 30.08 | 31.41 | 31.69 | 24.52 |
|        14 | 23.36 | 20.91 | 27.35 | 25.61 | 27.63 | 29.21 | 28.56 | 25.71 | 29.62 | 27.36 | 26.61 | 25.60 | 27.56 | 30.05 | 27.19 | 26.52 | 31.38 | 28.94 | 30.32 | 25.28 | 26.56 | 26.76 | 29.89 | 25.83 | 28.83 | 24.74 | 27.31 | 29.56 | 26.45 | 32.78 | 30.32 | 26.41 | 29.92 | 26.93 | 26.48 | 23.99 | 30.12 | 29.74 | 30.18 | 24.67 |
|        15 | 22.66 | 20.37 | 25.14 | 24.48 | 26.47 | 28.65 | 27.16 | 24.55 | 29.66 | 26.61 | 24.72 | 24.49 | 26.59 | 29.11 | 25.69 | 24.69 | 30.31 | 27.64 | 29.01 | 25.21 | 24.65 | 26.77 | 28.48 | 25.40 | 27.33 | 23.48 | 26.01 | 28.34 | 24.82 | 31.77 | 28.87 | 26.14 | 28.83 | 25.43 | 25.23 | 23.15 | 29.53 | 28.57 | 28.87 | 24.46 |
|        16 | 20.95 | 18.24 | 22.76 | 22.51 | 25.27 | 26.20 | 25.04 | 22.66 | 27.98 | 25.39 | 22.65 | 22.37 | 24.54 | 27.25 | 23.26 | 22.40 | 28.40 | 25.40 | 26.59 | 24.44 | 21.75 | 25.23 | 26.22 | 23.27 | 25.27 | 21.96 | 23.30 | 26.63 | 22.65 | 27.62 | 24.70 | 24.01 | 26.22 | 23.78 | 23.42 | 21.58 | 26.42 | 26.31 | 26.38 | 22.86 |
|        17 | 15.16 | 12.42 | 17.01 | 16.56 | 20.03 | 18.71 | 19.31 | 16.51 | 21.63 | 18.66 | 17.74 | 17.45 | 17.32 | 20.73 | 17.13 | 18.26 | 21.77 | 18.70 | 19.04 | 19.18 | 15.38 | 19.74 | 19.46 | 15.99 | 19.00 | 16.53 | 18.20 | 21.12 | 17.81 | 19.95 | 17.17 | 17.21 | 19.64 | 17.45 | 18.28 | 16.58 | 19.85 | 19.85 | 17.43 | 15.98 |
|        18 |  9.86 |  9.29 |  8.69 |  9.63 | 11.47 |  8.47 |  9.38 |  7.06 | 12.57 | 11.09 | 10.84 |  7.23 |  7.44 |  9.92 |  8.97 | 12.92 | 12.77 | 10.10 | 10.06 |  7.41 |  9.88 |  9.51 | 11.29 |  8.91 | 11.02 |  9.82 |  9.31 | 11.41 |  9.35 |  8.95 | 10.01 |  8.24 |  8.36 |  8.25 | 10.85 |  9.72 | 11.58 | 11.24 |  9.27 |  8.84 |
|        19 |  8.98 |  8.93 |  6.92 |  6.93 |  7.71 |  7.50 |  6.70 |  6.27 |  7.59 |  7.28 |  6.66 |  5.41 |  6.00 |  7.26 |  7.40 | 10.37 |  8.86 |  6.30 |  6.00 |  5.43 |  7.01 |  9.02 |  8.10 |  7.28 |  5.98 |  7.79 |  7.61 |  7.08 |  5.10 |  9.58 |  9.21 |  5.39 |  6.61 |  5.30 |  8.68 |  8.01 |  8.08 |  8.50 |  9.13 |  7.58 |
|        20 |  5.73 |  6.49 |  5.65 |  4.77 |  6.93 |  5.53 |  5.75 |  6.24 |  7.65 |  5.38 |  2.97 |  5.11 |  5.80 |  8.45 |  6.63 |  8.68 |  9.50 |  4.98 |  6.06 |  5.27 |  6.63 |  7.52 |  8.68 |  5.79 |  3.84 |  6.43 |  7.29 |  7.38 |  4.57 |  9.47 |  7.57 |  5.66 |  7.57 |  4.14 |  7.98 |  7.66 |  7.36 |  6.52 |  8.68 |  5.93 |
|        21 |  6.68 |  4.61 |  3.78 |  3.59 |  7.43 |  6.35 |  5.79 |  5.11 |  7.75 |  3.98 |  3.80 |  4.36 |  6.28 |  8.61 |  4.83 |  8.25 | 10.21 |  5.82 |  5.59 |  5.21 |  6.12 |  6.46 |  8.96 |  3.76 |  5.89 |  6.07 |  6.97 |  6.97 |  4.70 |  8.28 |  6.35 |  5.75 |  6.77 |  5.57 |  8.28 |  7.53 |  8.14 |  6.84 |  8.12 |  5.73 |
|        22 |  6.64 |  4.52 |  3.73 |  3.45 |  7.15 |  6.46 |  4.87 |  5.05 |  7.90 |  3.82 |  4.04 |  4.04 |  6.28 |  8.20 |  4.61 |  8.10 | 10.05 |  5.74 |  5.00 |  3.72 |  4.99 |  5.44 |  8.66 |  2.99 |  6.17 |  5.47 |  5.23 |  5.82 |  4.99 |  8.07 |  5.88 |  5.45 |  5.27 |  5.58 |  8.38 |  7.11 |  8.08 |  6.73 |  8.01 |  5.52 |
|        23 |  5.74 |  3.69 |  3.96 |  3.48 |  6.94 |  6.12 |  4.45 |  4.52 |  7.85 |  3.83 |  4.00 |  3.11 |  5.29 |  7.76 |  2.39 |  6.78 |  8.53 |  5.27 |  4.77 |  4.56 |  4.66 |  4.98 |  8.74 |  2.85 |  6.14 |  4.29 |  4.49 |  6.84 |  4.87 |  7.47 |  5.58 |  5.62 |  4.81 |  5.63 |  7.31 |  5.63 |  6.81 |  7.58 |  6.72 |  4.75 |
|        24 |  5.21 |  3.22 |  4.03 |  2.82 |  6.37 |  5.84 |  5.13 |  4.76 |  7.31 |  4.91 |  2.98 |  3.36 |  4.23 |  6.74 |  2.00 |  6.46 |  8.54 |  4.41 |  4.95 |  4.24 |  4.43 |  4.64 |  8.76 |  2.47 |  4.64 |  3.56 |  3.95 |  6.60 |  3.91 |  6.58 |  4.09 |  5.47 |  5.99 |  5.66 |  7.09 |  4.80 |  6.04 |  7.84 |  5.50 |  3.73 |
|        25 |  5.32 |  3.32 |  3.57 |  1.82 |  4.59 |  6.44 |  5.52 |  5.21 |  6.43 |  5.87 |  2.87 |  3.96 |  3.42 |  6.20 |  1.67 |  6.16 |  9.13 |  4.53 |  4.79 |  3.78 |  3.33 |  5.37 |  8.70 |  1.82 |  3.66 |  2.78 |  3.86 |  5.20 |  3.77 |  6.37 |  2.58 |  5.11 |  6.22 |  4.76 |  6.93 |  4.39 |  5.40 |  7.17 |  5.10 |  3.82 |
|        26 |  5.27 |  3.32 |  3.32 |  1.87 |  3.76 |  6.66 |  5.23 |  5.69 |  6.26 |  5.84 |  3.19 |  3.34 |  3.90 |  6.00 |  1.59 |  5.23 |  9.10 |  4.62 |  4.61 |  3.72 |  2.77 |  5.37 |  8.32 |  1.77 |  3.90 |  2.37 |  4.09 |  3.65 |  1.98 |  6.51 |  2.49 |  3.79 |  5.41 |  4.30 |  6.59 |  4.02 |  4.84 |  8.12 |  4.87 |  3.93 |
|        27 |  3.26 |  2.63 |  3.72 |  1.85 |  4.44 |  5.38 |  4.94 |  5.50 |  5.68 |  3.37 |  3.99 |  1.89 |  3.61 |  4.11 |  2.54 |  4.09 |  7.68 |  4.31 |  4.24 |  3.94 |  3.15 |  4.59 |  7.97 |  2.03 |  2.69 |  2.82 |  3.95 |  3.00 |  2.41 |  6.59 |  1.46 |  3.31 |  5.81 |  3.83 |  4.87 |  3.01 |  4.38 |  8.02 |  4.47 |  3.66 |
|        28 |  3.51 |  2.71 |  3.94 |  1.08 |  4.07 |  4.82 |  5.07 |  3.79 |  5.21 |  3.60 |  3.50 |  1.21 |  2.90 |  4.90 |  2.46 |  3.04 |  5.96 |  4.99 |  4.27 |  3.02 |  3.44 |  2.48 |  7.08 |  2.03 |  0.66 |  3.80 |  3.04 |  3.11 |  2.51 |  6.51 |  1.23 |  3.92 |  8.62 |  4.07 |  3.13 |  2.77 |  3.47 |  6.46 |  3.47 |  3.76 |
|        29 |  4.49 |  3.75 |  3.80 |  2.32 |  1.76 |  3.80 |  4.88 |  3.78 |  2.85 |  4.01 |  2.09 |  1.51 |  3.78 |  5.15 |  1.88 |  3.51 |  4.30 |  5.02 |  3.74 |  3.00 |  3.93 |  2.30 |  4.72 |  1.34 |  1.50 |  2.82 |  2.36 |  2.70 |  2.41 |  6.56 |  1.96 |  3.02 |  8.04 |  3.90 |  2.46 |  3.19 |  2.49 |  4.02 |  2.76 |  2.71 |
|        30 |  4.33 |  3.48 |  3.08 |  2.68 |  1.77 |  2.40 |  5.25 |  3.74 |  2.45 |  3.24 |  2.26 |  0.99 |  3.91 |  4.59 |  1.84 |  3.81 |  4.42 |  2.56 |  2.86 |  3.33 |  3.89 |  1.66 |  6.20 |  1.98 |  1.69 |  3.72 |  1.52 |  2.74 |  2.10 |  5.75 |  1.84 |  1.72 |  5.87 |  2.87 |  1.18 |  3.06 |  3.07 |  4.61 |  2.77 |  2.88 |
|        31 |  4.21 |  5.05 |  1.87 |  3.44 |  2.88 |  2.85 |  4.98 |  3.78 |  4.87 |  1.77 |  2.00 |  2.33 |  3.39 |  4.33 |  1.82 |  2.81 |  4.47 |  3.48 |  1.87 |  3.22 |  3.90 |  3.63 |  6.05 |  2.63 |  2.34 |  3.57 |  3.05 |  1.98 |  3.80 |  4.72 |  2.52 |  2.81 |  5.74 |  2.40 |  3.76 |  1.40 |  4.50 |  2.90 |  2.81 |  2.47 |
|        32 |  4.92 |  7.90 |  3.37 |  7.37 |  6.53 |  5.08 |  6.80 |  3.35 |  5.09 |  3.05 |  2.57 |  4.70 |  3.19 |  3.35 |  6.60 |  2.91 |  5.99 |  3.00 |  3.57 |  5.00 |  4.95 |  4.29 |  6.42 |  7.47 |  5.58 |  5.77 |  4.54 |  4.84 |  3.78 |  6.33 |  7.63 |  4.21 |  6.35 |  3.86 |  6.49 |  5.78 |  4.30 |  4.27 |  4.17 |  2.85 |
|        33 |  4.48 | 10.89 | 10.06 |  9.10 | 11.12 |  4.97 |  9.74 |  4.43 |  4.36 |  6.95 |  6.27 |  9.65 |  7.57 |  5.66 |  9.73 |  5.73 |  4.16 |  8.20 |  5.15 |  8.54 |  7.31 |  8.84 |  5.22 | 10.29 | 10.00 | 10.00 |  8.53 |  8.37 |  8.36 |  6.12 | 11.85 |  7.60 |  6.18 |  8.61 |  7.57 |  9.90 |  4.31 |  8.18 |  6.76 |  5.76 |
|        34 |  5.86 | 11.57 | 12.60 | 10.90 | 13.45 |  4.72 | 11.05 |  4.52 |  4.65 |  7.02 |  6.19 | 10.68 |  7.87 |  5.53 |  9.54 |  6.97 |  7.09 |  9.21 |  4.64 |  8.02 |  9.52 |  9.72 |  4.44 | 10.20 | 11.00 |  9.68 | 10.47 |  8.98 | 11.00 |  3.97 | 11.84 |  8.38 |  6.09 | 11.20 |  7.67 | 11.09 |  5.15 |  8.46 |  6.08 |  8.10 |
|        35 |  5.94 | 13.63 | 12.94 | 12.53 | 13.32 |  7.16 | 11.25 |  3.31 |  6.10 |  7.73 |  6.11 | 11.98 |  8.47 |  3.95 |  8.70 |  7.69 |  7.68 |  9.41 |  4.45 |  8.81 |  9.98 | 12.82 |  5.92 | 11.78 | 11.51 | 11.56 | 11.12 |  9.79 | 11.23 |  5.14 | 11.82 |  8.29 |  4.61 | 11.58 |  9.60 | 12.30 |  5.74 |  7.89 |  7.42 | 10.75 |
|        36 |  7.54 | 13.63 | 13.24 | 14.43 | 16.54 | 10.84 | 10.38 |  5.88 |  7.17 |  5.98 |  5.15 | 11.33 | 10.41 |  6.00 |  8.96 |  8.27 |  7.20 | 10.61 |  5.27 |  9.22 | 10.95 | 13.44 |  5.93 | 12.89 | 11.94 | 12.37 | 13.46 | 10.38 | 11.54 |  3.31 | 11.60 |  7.90 |  4.32 | 12.42 | 13.02 | 13.15 |  7.19 |  7.09 |  7.35 | 12.67 |
|        37 |  7.87 | 12.25 | 15.19 | 15.39 | 17.98 | 11.35 |  9.61 |  5.87 |  7.15 |  5.04 |  6.24 | 11.55 | 10.00 |  7.98 |  9.21 | 10.16 |  7.48 | 10.53 |  5.99 |  7.53 | 13.04 | 14.52 |  5.34 | 13.39 | 10.72 | 13.03 | 14.29 | 10.22 | 12.49 |  3.18 | 10.82 |  8.91 |  7.01 | 12.32 | 14.79 | 14.42 |  6.60 |  7.36 |  6.96 | 11.73 |
|        38 |  9.00 | 11.15 | 15.32 | 15.63 | 18.55 | 12.21 |  9.06 |  6.02 |  5.93 |  8.46 |  4.91 | 12.14 | 11.62 | 10.09 |  7.61 | 12.20 |  8.01 |  8.78 |  5.64 |  6.96 | 13.59 | 14.95 |  5.12 | 12.59 | 10.71 | 13.61 | 15.13 |  9.06 | 12.30 |  5.64 |  9.01 |  9.16 |  7.05 | 13.96 | 17.85 | 15.91 |  8.32 |  9.30 | 10.62 | 12.29 |
|        39 | 13.30 | 11.03 | 14.50 | 16.56 | 19.27 | 15.33 |  8.54 |  7.58 |  5.37 | 10.57 | 10.46 | 13.72 | 12.68 | 10.32 |  8.11 | 14.18 | 10.07 | 11.73 |  7.54 |  6.79 | 14.43 | 14.86 |  8.03 | 12.12 | 12.43 | 15.57 | 16.55 |  8.77 | 12.76 |  6.07 | 11.45 |  8.56 |  7.34 | 14.01 | 19.00 | 17.25 | 12.08 | 10.56 | 11.70 | 12.54 |
|        40 | 13.35 | 11.05 | 14.23 | 16.48 | 17.90 | 15.27 |  7.15 |  9.65 |  3.44 | 10.65 | 15.81 | 14.10 | 11.92 |  8.41 |  8.63 | 14.40 | 11.02 | 12.87 | 10.06 |  5.18 | 14.92 | 14.56 |  9.74 | 11.74 | 12.10 | 15.59 | 15.86 |  9.24 | 12.49 |  7.35 | 11.43 |  5.45 |  9.33 | 12.37 | 18.64 | 17.33 | 13.17 | 11.41 | 10.99 | 11.34 |
|        41 | 11.05 |  8.18 | 12.69 | 13.12 | 14.93 | 10.90 |  5.91 |  8.84 |  5.02 |  9.32 | 10.07 |  9.68 |  7.65 |  8.44 |  7.81 | 13.28 |  8.96 | 10.28 |  9.87 |  3.52 | 12.51 | 12.16 |  9.17 | 10.39 |  8.83 | 10.07 | 11.12 | 10.23 |  9.67 |  7.55 |  9.50 |  5.85 |  8.36 |  8.48 | 15.22 | 15.54 | 11.39 | 10.98 | 10.04 |  6.76 |
|        42 | 10.21 |  6.85 | 11.87 | 11.55 | 11.24 |  9.16 |  6.26 |  9.05 |  4.16 |  9.15 |  4.30 |  7.90 |  7.15 |  8.09 |  6.51 | 11.36 |  8.54 | 10.00 |  8.85 |  3.14 | 10.79 |  8.20 |  8.96 |  9.47 |  7.81 |  8.65 |  9.90 | 10.68 |  8.88 |  8.00 |  9.85 |  5.98 |  8.27 |  6.50 |  9.97 | 13.72 | 10.18 | 10.21 |  9.60 |  6.39 |
|        43 |  6.87 |  5.20 |  9.28 |  9.57 | 10.22 |  6.90 |  4.85 |  6.06 |  9.28 |  7.24 |  3.39 |  6.23 |  6.28 |  5.89 |  6.83 |  9.49 |  6.94 |  8.31 |  8.30 |  6.72 |  7.41 |  4.62 |  8.11 |  6.91 |  6.22 |  7.71 |  7.95 |  8.34 |  7.76 |  5.92 |  7.97 |  5.04 |  7.21 |  6.49 |  7.88 | 10.22 |  8.62 |  7.83 | 10.38 |  7.65 |
|        44 |  3.36 |  2.59 |  5.43 |  7.06 |  7.52 |  4.90 |  2.39 |  3.63 | 11.22 |  4.01 |  3.45 |  3.43 |  3.75 |  4.59 |  3.07 |  6.24 |  4.13 | 11.76 |  7.33 |  5.70 |  5.34 | 10.14 |  4.44 |  4.77 |  4.38 |  8.54 |  3.93 | 10.55 |  6.25 |  4.56 |  9.83 |  1.51 |  4.89 |  3.45 |  5.68 |  9.11 |  5.31 |  3.71 |  9.30 |  1.48 |
|        45 |  1.70 |  1.39 |  4.30 |  4.11 |  6.40 | 12.49 |  1.70 |  3.25 |  3.61 |  2.22 | 20.96 |  2.35 |  1.60 |  2.35 |  2.72 |  3.82 |  3.60 |  6.47 |  4.78 | 10.08 |  2.70 | 14.33 |  3.00 |  1.56 |  3.75 |  1.91 |  2.06 | 14.04 |  4.03 |  3.12 |  3.09 |  1.55 | 17.29 |  3.14 |  1.65 |  7.25 |  3.63 |  1.67 | 18.52 |  2.31 |
|        46 |  1.73 |  1.34 |  3.89 |  2.79 |  6.92 | 12.20 |  2.74 |  2.15 |  2.03 |  2.54 |  4.36 | 16.33 |  2.11 |  2.37 |  2.12 |  3.30 |  2.84 |  4.65 |  2.93 | 16.18 |  7.68 |  2.90 |  2.89 |  2.20 |  3.88 |  1.90 |  9.12 | 15.46 |  3.87 |  2.18 |  3.81 |  1.10 | 18.29 |  3.65 | 11.03 |  5.32 |  6.63 |  1.34 |  5.43 |  2.58 |
|        47 |  4.60 |  1.58 |  4.21 |  2.18 |  4.71 | 12.57 |  2.76 | 20.14 |  2.22 |  2.55 | 22.01 |  3.57 |  1.29 |  1.89 |  2.58 |  2.74 |  3.16 |  4.70 |  8.39 |  3.25 |  9.38 |  1.75 |  2.57 |  2.01 |  3.07 | 18.00 |  8.09 | 19.98 |  3.58 |  2.23 |  4.13 |  0.86 |  4.80 |  1.81 |  3.69 |  5.36 |  6.85 |  1.09 |  3.86 |  2.93 |
|        48 |  6.66 |  1.58 |  3.57 |  1.72 |  2.77 |  2.79 |  1.28 |  6.80 | 21.96 |  1.50 | 20.53 |  3.13 |  3.53 |  1.95 |  2.61 |  3.06 |  5.77 | 13.59 |  8.00 |  1.69 | 10.81 |  2.60 |  1.74 |  1.78 | 15.50 |  3.19 |  2.67 | 19.58 |  7.59 |  2.55 |  4.10 |  1.61 |  2.75 |  1.27 |  1.97 |  4.98 |  1.76 |  2.73 |  3.62 |  6.30 |
|        51 |  0.88 |  2.58 |  4.93 |  5.31 |  2.27 |  4.74 | 10.83 |  5.63 | 12.42 |  3.21 |  2.19 |  3.67 | 16.57 | 13.58 |  3.91 |  7.35 | 12.96 | 11.43 |  4.42 |  2.95 | 18.08 |  9.15 |  1.12 |  1.58 |  1.38 |  1.45 |  1.33 |  7.90 |  5.80 |  1.13 |  5.02 |  1.33 | 12.16 |  1.09 |  2.14 |  4.78 |  2.74 |  2.54 |  4.09 |  3.81 |
|        54 |  2.08 |  4.58 |  6.21 |  5.65 |  5.99 |  2.46 |  3.97 |  4.07 |  3.41 |  6.33 |  5.91 |  2.02 |  4.12 |  5.64 |  2.20 |  2.03 |  4.44 |  2.55 |  4.33 |  1.93 |  2.79 |  1.73 |  1.74 |  3.22 |  1.07 |  1.64 |  1.33 |  1.93 |  5.84 |  2.06 |  5.15 |  1.25 |  4.47 |  1.09 |  3.44 |  6.09 |  3.83 |  1.77 |  3.24 |  3.52 |
|        57 |  7.26 |  5.90 | 11.69 |  6.70 |  5.51 | 13.14 |  6.60 | 13.33 |  7.29 |  2.52 | 25.28 |  6.84 |  7.95 | 15.51 |  5.89 |  7.01 |  6.03 |  8.46 | 11.97 |  8.71 |  6.97 |  3.31 |  8.31 |  8.05 |  5.89 | 10.13 |  9.22 |  5.56 |  7.45 |  1.80 | 23.57 |  9.15 | 11.51 |  7.65 |  9.89 | 13.02 |  5.27 | 11.80 |  5.55 |  6.15 |
|        60 | 13.65 |  6.03 |  9.45 |  7.64 |  4.94 | 19.21 |  9.95 | 22.44 |  9.15 | 18.69 | 30.90 |  8.29 | 25.74 | 34.28 | 13.79 | 24.37 | 21.33 |  7.80 | 13.65 | 11.25 |  7.54 | 16.69 | 13.28 | 11.40 | 14.57 | 10.27 |  6.59 | 16.62 |  8.60 |  6.63 | 34.40 | 13.11 | 25.12 |  8.04 | 12.56 | 11.10 |  7.90 | 12.42 | 26.29 | 12.13 |
|        63 | 13.23 |  8.29 |  6.74 | 10.39 | 11.10 | 18.89 | 17.26 | 26.07 | 11.92 | 22.49 | 30.94 |  6.31 | 23.65 | 29.14 | 14.69 | 16.27 | 23.14 | 14.03 | 18.12 | 12.50 | 12.32 | 21.10 |  7.78 | 20.83 | 14.61 | 11.11 | 10.11 | 19.77 |  5.58 |  8.66 | 29.45 |  7.64 | 22.90 | 16.12 | 16.79 | 12.10 | 16.86 | 10.94 | 17.11 | 12.41 |
|        66 |  6.25 |  2.18 |  1.90 | 12.15 |  4.27 | 10.71 | 11.42 | 16.42 |  7.38 | 12.67 | 12.52 |  5.38 |  5.74 | 13.03 | 12.74 |  9.09 | 10.31 | 10.63 |  7.82 | 12.25 |  5.30 |  4.49 |  4.71 | 15.96 | 13.68 | 10.35 |  5.70 |  5.90 |  5.67 |  5.74 | 14.15 |  9.25 | 10.02 | 14.97 | 20.60 |  3.46 | 13.92 |  7.05 | 14.47 |  5.56 |
|        69 |  5.45 |  8.29 |  1.77 | 11.55 | 13.19 |  9.02 | 13.37 | 12.68 |  8.13 | 12.49 | 10.78 |  9.47 |  8.11 |  9.10 | 12.38 | 12.98 | 11.47 |  8.80 |  9.44 | 10.50 |  8.52 |  4.40 | 15.69 | 11.71 |  8.81 | 11.17 | 10.53 |  7.96 |  9.13 |  7.93 | 10.54 | 12.48 | 10.63 | 12.14 | 13.92 |  9.07 | 13.91 |  4.39 | 12.74 |  6.94 |
|        72 |  8.90 | 10.46 | 14.93 | 10.66 |  8.79 |  8.77 | 14.66 | 12.57 | 10.98 | 12.58 |  8.92 | 11.77 |  9.84 |  8.83 | 11.38 |  8.18 | 11.30 |  9.41 | 15.70 | 10.98 | 10.34 |  6.01 | 13.74 |  8.05 |  9.69 | 11.24 | 12.19 |  6.96 | 10.83 |  5.86 | 10.39 | 10.40 |  4.56 | 11.76 | 11.20 | 12.66 | 10.96 | 10.36 | 12.54 |  8.01 |
|        78 |  9.08 | 12.59 | 12.05 | 14.24 |  9.10 |  5.93 | 14.43 | 11.07 |  7.39 |  9.95 |  9.71 | 14.76 | 10.73 |  6.74 |  9.09 |  6.08 | 15.34 |  6.62 | 18.55 | 10.65 | 12.73 |  5.72 | 17.50 |  5.60 | 12.63 | 17.32 | 15.48 |  8.31 | 12.32 | 10.87 |  3.38 |  7.32 |  3.40 |  9.45 |  8.94 | 13.53 | 11.90 | 10.99 | 11.12 | 10.95 |
|        84 | 17.30 | 23.14 | 29.70 | 37.90 | 25.69 | 20.79 | 35.08 | 38.82 | 19.85 | 25.81 | 36.75 | 29.04 | 35.22 | 27.37 | 35.23 | 15.69 | 36.06 | 12.73 | 32.63 | 26.85 | 25.65 | 24.09 | 28.55 | 17.81 | 23.62 | 37.06 | 32.65 | 27.80 | 24.74 | 27.35 | 20.68 | 17.76 | 16.59 | 28.91 | 35.92 | 32.33 | 25.50 | 29.86 | 35.71 | 21.47 |
|        90 |  9.79 | 11.31 | 13.12 | 17.43 | 17.04 |  8.08 | 17.56 | 18.68 | 12.12 | 10.84 | 22.42 |  9.28 | 19.19 | 24.43 | 15.65 |  9.08 | 17.65 | 10.12 | 14.72 | 10.82 | 14.73 | 16.12 | 11.23 | 14.54 | 11.52 | 16.34 | 17.21 | 15.34 | 10.67 | 20.31 | 17.87 | 10.14 |  7.34 | 12.73 | 22.75 | 16.65 |  8.83 | 15.63 | 18.93 | 14.14 |
|        96 | 17.17 |  8.70 | 13.17 | 14.34 |  8.63 |  3.38 | 11.84 | 10.87 | 10.89 | 10.43 | 12.03 |  2.70 | 18.31 | 14.56 | 14.83 |  5.97 |  6.91 | 11.26 | 13.49 |  8.61 |  9.49 | 24.92 |  4.13 |  4.61 |  7.15 | 13.92 | 13.31 | 13.74 |  9.76 | 14.27 | 18.74 | 12.94 |  3.93 |  5.59 | 11.69 | 16.61 |  8.33 | 11.75 | 18.05 | 14.19 |
|       102 | 27.32 |  8.95 | 10.94 |  3.92 |  8.42 |  3.47 |  6.12 |  4.01 |  3.78 |  8.40 |  6.09 |  6.91 |  6.90 | 14.87 |  4.42 |  3.07 | 12.05 | 24.81 | 11.71 |  4.32 |  6.96 | 13.71 |  9.10 | 13.55 |  3.84 |  5.40 |  7.27 |  3.94 |  8.10 | 16.77 | 12.54 | 28.56 |  4.63 |  8.64 |  5.91 | 11.47 | 11.26 |  6.95 |  8.99 |  8.22 |
|       108 | 16.60 | 16.33 |  7.51 |  9.95 | 15.26 | 18.01 | 10.15 | 22.79 | 23.85 | 18.07 | 12.29 | 30.89 | 15.33 | 23.13 |  7.91 | 16.09 | 27.89 |  9.89 | 20.00 |  7.92 | 21.95 |  9.05 | 25.12 | 14.74 | 10.58 | 15.56 | 16.15 | 24.28 | 14.74 | 21.37 |  7.89 | 17.11 | 29.14 |  8.71 | 11.38 | 27.52 |  9.80 | 21.37 | 11.39 | 13.65 |
|       114 |  6.29 | 22.15 |  7.17 |  9.20 |  6.27 |  4.72 |  6.39 | 15.19 | 17.13 | 10.05 |  5.41 | 14.55 | 11.72 | 10.10 |  7.55 |  7.38 |  9.12 | 11.83 | 12.04 |  9.93 | 13.91 | 10.19 |  8.69 |  6.71 |  8.61 | 10.07 | 13.03 |  8.88 | 12.94 | 19.24 |  7.57 |  7.28 | 13.46 |  7.32 |  8.52 | 15.13 |  4.11 | 11.83 |  9.37 | 11.80 |
|       120 |  2.10 | 16.85 |  7.09 |  6.38 | 11.82 |  6.73 | 12.97 | 10.11 | 10.82 | 10.34 | 12.03 |  1.90 |  8.89 | 15.68 |  7.29 | 11.70 |  5.87 | 10.82 |  7.66 |  8.99 | 12.06 |  5.79 |  4.43 | 12.08 |  2.25 |  2.42 |  4.86 |  5.60 | 12.05 | 10.28 |  7.87 |  4.90 |  6.06 |  4.98 |  1.59 |  7.24 | 10.87 | 11.53 | 11.32 | 10.81 |
