# variable: Temperature at 850hPa
# units: degree celsius
# 
| fcst_hour |     1 |    2 |    3 |    4 |    5 |    6 |     7 |     8 |     9 |    10 |    11 |    12 |   13 |    14 |    15 |    16 |    17 |    18 |    19 |    20 |    21 |    22 |   23 |   24 |    25 |    26 |    27 |   28 |    29 |    30 |   31 |    32 |    33 |   34 |   35 |    36 |    37 |   38 |   39 |    40 |
|         0 |  5.34 | 5.07 | 5.12 | 5.87 | 4.08 | 5.06 |  4.57 |  5.90 |  5.02 |  5.46 |  5.02 |  5.50 | 4.94 |  5.37 |  4.67 |  4.96 |  5.15 |  4.82 |  5.01 |  4.50 |  5.76 |  6.17 | 5.22 | 4.75 |  4.76 |  5.45 |  5.64 | 4.99 |  5.55 |  5.27 | 2.96 |  4.87 |  5.03 | 5.61 | 5.37 |  4.99 |  5.61 | 5.36 | 5.33 |  4.97 |
|         1 |  5.83 | 5.75 | 5.61 | 6.27 | 4.54 | 4.94 |  4.99 |  6.55 |  5.64 |  6.34 |  5.42 |  5.71 | 5.59 |  5.74 |  4.95 |  5.64 |  5.68 |  5.65 |  5.45 |  4.59 |  5.92 |  6.41 | 5.97 | 5.66 |  5.38 |  5.93 |  6.01 | 4.92 |  5.81 |  5.78 | 3.42 |  5.30 |  5.23 | 5.73 | 6.23 |  4.86 |  5.97 | 5.68 | 5.84 |  5.64 |
|         2 |  6.05 | 6.03 | 5.53 | 6.08 | 4.82 | 4.54 |  4.97 |  6.38 |  5.58 |  6.40 |  5.19 |  5.69 | 5.44 |  5.52 |  5.21 |  6.04 |  5.73 |  5.91 |  5.76 |  4.97 |  5.74 |  6.19 | 6.13 | 5.87 |  5.45 |  6.17 |  5.80 | 4.96 |  5.98 |  5.86 | 3.84 |  5.16 |  5.05 | 5.59 | 6.21 |  4.66 |  6.40 | 5.61 | 5.96 |  5.61 |
|         3 |  5.91 | 5.73 | 5.34 | 5.71 | 4.88 | 4.63 |  5.00 |  6.03 |  5.24 |  6.03 |  5.16 |  5.57 | 5.37 |  5.36 |  5.19 |  6.08 |  5.74 |  5.55 |  5.70 |  5.34 |  5.57 |  5.81 | 5.81 | 5.60 |  5.26 |  6.17 |  5.24 | 4.90 |  5.84 |  5.73 | 4.30 |  4.89 |  4.89 | 5.36 | 5.90 |  4.90 |  6.19 | 5.84 | 5.61 |  5.27 |
|         4 |  5.79 | 5.59 | 5.49 | 5.60 | 5.04 | 5.02 |  5.25 |  6.06 |  5.43 |  6.03 |  5.56 |  5.64 | 5.73 |  5.43 |  5.33 |  5.88 |  6.04 |  5.43 |  5.68 |  5.68 |  5.66 |  5.75 | 5.67 | 5.74 |  5.36 |  6.12 |  5.13 | 5.01 |  5.94 |  5.89 | 4.73 |  5.05 |  4.89 | 5.34 | 6.07 |  4.90 |  6.01 | 5.98 | 5.77 |  5.39 |
|         5 |  5.83 | 5.89 | 5.74 | 5.56 | 5.45 | 5.34 |  5.38 |  6.30 |  5.71 |  6.24 |  5.89 |  5.87 | 6.01 |  5.53 |  5.78 |  5.84 |  5.97 |  5.69 |  5.97 |  5.79 |  5.93 |  5.94 | 5.90 | 5.98 |  5.50 |  6.11 |  5.30 | 5.26 |  5.90 |  6.05 | 5.00 |  5.56 |  5.10 | 5.74 | 5.92 |  5.05 |  6.25 | 6.08 | 5.99 |  5.62 |
|         6 |  5.92 | 5.98 | 5.61 | 5.49 | 5.71 | 5.45 |  5.43 |  6.28 |  5.69 |  6.13 |  5.88 |  5.99 | 5.91 |  5.42 |  5.80 |  5.91 |  5.70 |  5.92 |  6.19 |  5.68 |  6.18 |  6.05 | 6.00 | 5.98 |  5.49 |  6.07 |  5.42 | 5.35 |  5.68 |  5.84 | 4.91 |  5.45 |  5.19 | 5.90 | 5.59 |  5.24 |  6.35 | 6.18 | 5.84 |  5.52 |
|         7 |  5.92 | 5.87 | 5.36 | 5.42 | 5.60 | 4.96 |  5.28 |  5.97 |  5.44 |  5.88 |  5.77 |  5.93 | 5.67 |  5.30 |  5.56 |  5.85 |  5.47 |  5.90 |  6.04 |  5.57 |  5.98 |  5.76 | 5.80 | 5.74 |  5.43 |  5.83 |  5.38 | 5.49 |  5.61 |  5.53 | 4.28 |  5.21 |  5.15 | 5.48 | 5.31 |  5.30 |  6.28 | 6.06 | 5.75 |  5.15 |
|         8 |  5.64 | 5.60 | 5.16 | 5.35 | 5.25 | 4.50 |  4.75 |  5.75 |  5.20 |  5.74 |  5.60 |  5.53 | 5.44 |  5.29 |  4.98 |  5.69 |  5.14 |  5.47 |  5.79 |  5.48 |  5.47 |  5.49 | 5.62 | 5.17 |  5.22 |  5.59 |  5.34 | 5.45 |  5.52 |  5.28 | 4.32 |  5.07 |  5.19 | 4.98 | 5.07 |  5.20 |  6.09 | 5.62 | 5.70 |  4.97 |
|         9 |  5.44 | 5.25 | 4.77 | 5.50 | 4.95 | 4.19 |  4.38 |  5.63 |  4.66 |  5.75 |  4.95 |  4.99 | 5.07 |  5.38 |  3.87 |  5.46 |  4.78 |  5.01 |  5.32 |  5.36 |  5.14 |  5.33 | 5.41 | 4.48 |  5.09 |  5.56 |  5.65 | 4.98 |  5.80 |  5.26 | 5.10 |  5.07 |  5.41 | 4.78 | 5.56 |  5.19 |  5.99 | 5.03 | 5.44 |  5.03 |
|        10 |  5.31 | 5.41 | 4.79 | 5.61 | 4.74 | 4.13 |  4.37 |  5.58 |  4.36 |  6.21 |  4.72 |  4.69 | 5.00 |  5.58 |  4.27 |  5.52 |  5.16 |  4.65 |  5.18 |  5.49 |  5.43 |  5.87 | 5.26 | 4.80 |  5.32 |  5.40 |  5.65 | 5.01 |  6.22 |  5.64 | 5.28 |  5.02 |  5.67 | 4.85 | 6.00 |  5.59 |  5.92 | 4.69 | 5.61 |  5.23 |
|        11 |  5.11 | 5.08 | 4.65 | 5.48 | 4.36 | 4.08 |  3.79 |  5.12 |  4.65 |  5.47 |  4.14 |  4.43 | 4.16 |  5.76 |  4.51 |  5.48 |  5.46 |  3.99 |  4.29 |  5.82 |  5.75 |  5.45 | 5.25 | 5.01 |  5.30 |  4.97 |  4.91 | 5.15 |  6.32 |  5.07 | 5.07 |  4.84 |  5.25 | 5.25 | 6.00 |  5.77 |  5.82 | 4.20 | 4.80 |  5.04 |
|        12 |  4.68 | 3.97 | 4.13 | 4.12 | 4.02 | 3.83 |  3.88 |  4.69 |  4.61 |  5.04 |  3.52 |  3.83 | 4.18 |  4.91 |  3.87 |  4.60 |  4.92 |  3.56 |  4.05 |  4.73 |  4.84 |  4.85 | 4.33 | 4.19 |  4.09 |  4.16 |  4.30 | 4.33 |  5.47 |  4.35 | 4.59 |  3.91 |  4.89 | 4.69 | 4.87 |  4.82 |  4.36 | 3.77 | 4.20 |  4.11 |
|        13 |  4.52 | 3.94 | 4.09 | 3.99 | 4.29 | 3.99 |  3.71 |  4.56 |  3.91 |  4.98 |  3.50 |  3.97 | 4.29 |  4.53 |  3.83 |  4.86 |  4.59 |  4.03 |  3.81 |  4.22 |  4.61 |  4.64 | 4.31 | 3.82 |  4.19 |  4.06 |  4.06 | 4.24 |  5.27 |  4.37 | 4.54 |  3.92 |  4.51 | 4.51 | 4.46 |  4.05 |  4.07 | 3.93 | 4.00 |  4.18 |
|        14 |  4.43 | 3.88 | 4.21 | 4.10 | 4.19 | 4.06 |  3.65 |  4.50 |  4.07 |  4.92 |  3.53 |  4.03 | 4.10 |  4.54 |  4.03 |  5.35 |  4.27 |  4.18 |  3.77 |  4.07 |  4.50 |  4.49 | 4.40 | 3.79 |  4.23 |  4.27 |  4.32 | 4.16 |  5.23 |  4.45 | 4.54 |  4.02 |  4.82 | 4.12 | 4.31 |  3.97 |  3.92 | 4.03 | 3.97 |  4.17 |
|        15 |  4.46 | 4.02 | 4.48 | 4.11 | 4.21 | 4.08 |  3.74 |  4.54 |  3.97 |  5.66 |  3.68 |  4.08 | 4.25 |  5.02 |  4.29 |  6.32 |  4.35 |  3.86 |  3.88 |  4.15 |  4.89 |  4.49 | 4.67 | 4.31 |  4.41 |  4.22 |  4.45 | 4.09 |  5.40 |  4.12 | 4.79 |  4.34 |  5.19 | 4.20 | 4.35 |  3.85 |  4.12 | 4.14 | 4.13 |  4.47 |
|        16 |  4.37 | 4.33 | 4.65 | 4.07 | 4.20 | 4.04 |  4.01 |  4.67 |  4.07 |  5.62 |  3.76 |  4.08 | 4.53 |  4.90 |  4.57 |  6.81 |  4.33 |  3.93 |  4.00 |  4.28 |  5.21 |  4.69 | 4.69 | 4.58 |  4.42 |  4.36 |  4.34 | 4.56 |  4.86 |  4.23 | 4.93 |  4.75 |  5.13 | 4.34 | 4.16 |  3.74 |  4.49 | 4.47 | 4.41 |  4.53 |
|        17 |  4.20 | 4.59 | 4.68 | 4.37 | 4.43 | 3.79 |  3.97 |  4.81 |  4.00 |  5.48 |  3.91 |  4.11 | 4.49 |  4.81 |  4.94 |  6.25 |  4.12 |  4.27 |  4.24 |  4.38 |  5.63 |  4.87 | 4.94 | 4.55 |  4.36 |  4.37 |  4.15 | 4.74 |  4.34 |  4.59 | 4.88 |  4.95 |  4.85 | 3.97 | 3.94 |  3.72 |  4.58 | 4.60 | 4.38 |  4.50 |
|        18 |  4.25 | 4.50 | 4.61 | 4.49 | 4.68 | 4.07 |  3.78 |  4.84 |  3.84 |  4.71 |  3.88 |  4.16 | 4.99 |  4.48 |  4.97 |  5.45 |  3.87 |  4.23 |  4.28 |  4.38 |  5.16 |  4.85 | 4.83 | 4.62 |  4.09 |  4.35 |  3.97 | 4.72 |  4.11 |  4.57 | 4.58 |  4.60 |  4.48 | 4.06 | 3.86 |  4.00 |  4.49 | 4.53 | 4.18 |  4.29 |
|        19 |  4.34 | 4.08 | 4.32 | 4.60 | 4.68 | 4.13 |  3.68 |  4.51 |  3.88 |  4.03 |  3.77 |  4.01 | 5.46 |  4.21 |  4.91 |  4.90 |  3.85 |  4.06 |  4.16 |  4.41 |  4.85 |  4.80 | 4.88 | 4.42 |  3.98 |  4.29 |  3.94 | 4.78 |  4.12 |  4.34 | 4.62 |  4.34 |  4.31 | 4.06 | 3.90 |  4.15 |  4.41 | 4.50 | 4.15 |  4.02 |
|        20 |  3.96 | 3.78 | 3.93 | 4.57 | 4.49 | 4.15 |  3.70 |  4.36 |  3.82 |  3.62 |  3.65 |  4.07 | 5.11 |  3.79 |  4.65 |  4.68 |  3.89 |  3.85 |  4.02 |  4.29 |  4.85 |  4.75 | 4.69 | 3.77 |  3.81 |  4.30 |  3.41 | 4.92 |  4.11 |  3.96 | 4.60 |  3.94 |  4.11 | 3.72 | 4.38 |  3.98 |  4.22 | 4.42 | 3.64 |  3.78 |
|        21 |  3.93 | 4.06 | 4.19 | 4.42 | 4.36 | 3.75 |  4.27 |  4.52 |  3.79 |  3.60 |  3.58 |  4.20 | 5.16 |  4.16 |  4.31 |  5.36 |  3.58 |  3.88 |  3.90 |  4.06 |  4.75 |  4.57 | 4.68 | 3.51 |  4.03 |  4.46 |  3.76 | 4.78 |  4.68 |  3.78 | 4.97 |  4.12 |  4.89 | 3.33 | 4.66 |  4.32 |  3.76 | 4.31 | 3.29 |  3.50 |
|        22 |  4.05 | 4.51 | 4.61 | 4.44 | 4.55 | 3.42 |  4.50 |  4.38 |  4.14 |  3.84 |  3.49 |  4.28 | 5.34 |  4.51 |  4.21 |  5.69 |  3.69 |  4.64 |  3.77 |  4.57 |  4.83 |  4.91 | 5.28 | 3.83 |  4.49 |  4.30 |  3.96 | 4.67 |  4.71 |  3.72 | 5.66 |  4.78 |  6.17 | 3.28 | 4.52 |  4.76 |  3.65 | 4.25 | 3.56 |  3.30 |
|        23 |  4.21 | 4.94 | 4.88 | 4.69 | 4.67 | 3.67 |  4.61 |  4.79 |  5.16 |  4.38 |  3.43 |  4.09 | 5.66 |  4.78 |  4.30 |  5.77 |  4.20 |  5.79 |  3.88 |  4.71 |  4.95 |  5.04 | 5.99 | 3.93 |  4.49 |  4.47 |  4.33 | 4.78 |  4.91 |  3.51 | 5.90 |  5.46 |  6.66 | 3.98 | 4.63 |  4.77 |  3.72 | 4.28 | 3.84 |  2.99 |
|        24 |  4.32 | 4.70 | 4.60 | 4.93 | 4.69 | 3.95 |  5.06 |  4.98 |  5.81 |  4.92 |  3.50 |  4.08 | 5.96 |  4.81 |  4.10 |  5.93 |  4.08 |  6.04 |  3.86 |  4.55 |  5.13 |  4.68 | 6.59 | 4.06 |  4.95 |  4.73 |  5.02 | 4.94 |  5.37 |  3.33 | 6.15 |  6.44 |  6.94 | 3.65 | 5.41 |  4.85 |  3.38 | 4.51 | 3.80 |  2.73 |
|        25 |  4.58 | 4.80 | 4.61 | 5.37 | 4.89 | 4.37 |  5.15 |  4.90 |  6.00 |  5.19 |  3.85 |  4.37 | 6.01 |  4.89 |  4.19 |  6.15 |  4.06 |  6.20 |  3.82 |  4.99 |  5.46 |  4.69 | 6.60 | 3.99 |  5.31 |  4.82 |  5.37 | 5.08 |  5.85 |  3.67 | 6.24 |  6.96 |  7.10 | 3.67 | 5.61 |  4.88 |  3.26 | 4.89 | 4.06 |  3.09 |
|        26 |  4.62 | 5.12 | 4.77 | 5.75 | 5.38 | 4.57 |  5.58 |  5.12 |  6.40 |  5.05 |  4.10 |  4.59 | 6.33 |  4.95 |  5.13 |  6.50 |  4.36 |  6.30 |  4.00 |  5.48 |  5.53 |  4.96 | 6.43 | 3.94 |  5.85 |  5.39 |  5.40 | 4.75 |  6.41 |  4.10 | 6.35 |  7.12 |  7.25 | 3.50 | 6.03 |  4.60 |  3.38 | 5.36 | 4.49 |  3.57 |
|        27 |  4.98 | 5.26 | 4.97 | 6.29 | 6.15 | 5.20 |  5.97 |  5.29 |  6.65 |  5.38 |  4.59 |  4.92 | 6.56 |  5.03 |  5.22 |  6.78 |  4.74 |  6.12 |  3.99 |  5.79 |  5.43 |  5.03 | 6.52 | 3.99 |  5.93 |  5.85 |  5.60 | 4.81 |  7.00 |  4.68 | 6.39 |  7.56 |  7.71 | 3.73 | 6.56 |  4.65 |  3.90 | 5.88 | 5.08 |  4.12 |
|        28 |  5.15 | 5.52 | 5.31 | 6.66 | 6.58 | 5.83 |  6.11 |  5.87 |  6.94 |  5.79 |  5.46 |  5.58 | 6.58 |  5.12 |  5.57 |  7.31 |  5.00 |  6.00 |  3.95 |  6.48 |  5.56 |  5.43 | 6.57 | 4.58 |  6.01 |  5.80 |  6.15 | 5.16 |  6.99 |  5.43 | 6.28 |  7.73 |  8.36 | 4.35 | 7.12 |  4.73 |  4.70 | 6.73 | 5.27 |  4.96 |
|        29 |  5.08 | 5.46 | 5.54 | 6.71 | 6.70 | 5.75 |  5.92 |  6.52 |  7.34 |  5.52 |  5.81 |  6.43 | 6.72 |  4.47 |  6.34 |  7.89 |  4.82 |  5.99 |  4.09 |  6.74 |  5.93 |  5.77 | 7.12 | 5.13 |  6.36 |  5.56 |  6.24 | 5.48 |  7.03 |  6.22 | 6.30 |  7.65 |  8.81 | 5.28 | 7.48 |  4.86 |  5.18 | 7.22 | 5.17 |  5.87 |
|        30 |  5.18 | 5.46 | 5.45 | 6.54 | 6.44 | 5.77 |  5.73 |  6.28 |  7.55 |  5.56 |  5.87 |  6.79 | 7.13 |  4.33 |  7.12 |  8.43 |  4.67 |  5.99 |  4.08 |  6.68 |  6.34 |  5.36 | 7.46 | 5.21 |  6.70 |  5.50 |  6.50 | 5.32 |  7.34 |  6.31 | 6.76 |  7.65 |  8.66 | 5.72 | 7.72 |  5.08 |  5.54 | 7.11 | 5.57 |  6.30 |
|        31 |  5.45 | 5.70 | 5.26 | 6.61 | 6.11 | 5.78 |  5.64 |  6.08 |  7.55 |  5.79 |  5.72 |  6.52 | 7.24 |  4.83 |  7.50 |  8.71 |  4.92 |  5.86 |  4.10 |  6.62 |  6.58 |  5.36 | 7.68 | 5.17 |  6.89 |  5.26 |  7.22 | 5.50 |  7.48 |  5.88 | 6.84 |  7.70 |  8.43 | 5.84 | 8.12 |  5.08 |  5.99 | 6.87 | 5.47 |  6.26 |
|        32 |  5.47 | 6.17 | 5.69 | 7.00 | 6.30 | 6.05 |  5.60 |  6.27 |  7.93 |  6.09 |  5.77 |  6.62 | 7.35 |  5.49 |  8.21 |  8.74 |  5.15 |  6.07 |  4.04 |  6.94 |  6.82 |  5.56 | 7.77 | 5.21 |  6.92 |  5.09 |  7.51 | 5.87 |  7.67 |  5.74 | 6.75 |  7.95 |  8.27 | 6.15 | 8.63 |  5.12 |  6.28 | 6.86 | 5.57 |  6.25 |
|        33 |  5.92 | 7.09 | 6.39 | 7.35 | 6.85 | 6.36 |  6.00 |  6.62 |  8.02 |  6.13 |  6.26 |  6.91 | 7.91 |  6.07 |  8.77 |  8.96 |  5.60 |  6.29 |  4.21 |  7.84 |  7.11 |  6.21 | 8.07 | 5.58 |  6.83 |  5.53 |  7.52 | 6.39 |  7.74 |  6.16 | 6.85 |  7.77 |  8.26 | 6.41 | 8.82 |  5.63 |  6.36 | 6.92 | 5.93 |  6.26 |
|        34 |  6.75 | 7.73 | 6.63 | 7.20 | 6.89 | 6.41 |  6.52 |  6.99 |  8.06 |  6.30 |  6.66 |  6.99 | 8.25 |  6.38 |  9.17 |  9.19 |  5.63 |  6.21 |  4.48 |  8.05 |  7.46 |  6.41 | 8.29 | 6.13 |  6.63 |  6.07 |  7.27 | 6.89 |  7.78 |  6.78 | 7.04 |  7.57 |  8.45 | 6.53 | 8.56 |  5.77 |  6.52 | 7.16 | 6.06 |  6.71 |
|        35 |  7.07 | 7.89 | 6.81 | 7.00 | 6.73 | 6.41 |  6.76 |  7.02 |  7.83 |  6.17 |  6.86 |  6.98 | 8.43 |  6.51 |  9.27 |  9.37 |  5.46 |  6.05 |  4.71 |  7.94 |  7.94 |  6.47 | 8.50 | 6.39 |  6.83 |  6.57 |  6.79 | 7.14 |  7.74 |  7.05 | 7.17 |  7.23 |  8.31 | 6.47 | 8.23 |  5.33 |  6.75 | 7.44 | 6.09 |  6.99 |
|        36 |  7.44 | 7.94 | 6.66 | 6.85 | 6.69 | 6.10 |  6.67 |  6.87 |  7.56 |  6.13 |  6.93 |  6.76 | 8.58 |  6.51 |  9.30 |  9.13 |  5.26 |  5.87 |  4.96 |  7.87 |  8.17 |  6.78 | 8.82 | 6.98 |  7.15 |  6.94 |  6.43 | 7.21 |  7.72 |  6.95 | 7.35 |  7.04 |  8.14 | 6.61 | 8.05 |  5.27 |  6.81 | 7.43 | 6.04 |  7.08 |
|        37 |  7.25 | 7.61 | 6.48 | 6.76 | 6.73 | 6.10 |  6.57 |  6.84 |  7.44 |  6.08 |  7.10 |  6.59 | 8.55 |  6.45 |  9.47 |  8.78 |  5.37 |  5.40 |  4.25 |  7.95 |  8.20 |  7.25 | 9.14 | 7.07 |  7.56 |  7.19 |  6.39 | 7.30 |  7.82 |  6.77 | 7.80 |  7.16 |  8.13 | 6.73 | 7.81 |  5.07 |  6.79 | 7.13 | 6.13 |  6.84 |
|        38 |  6.94 | 7.30 | 6.41 | 6.75 | 6.88 | 5.96 |  6.60 |  6.98 |  7.19 |  5.95 |  7.22 |  6.72 | 8.23 |  6.49 |  9.45 |  8.48 |  5.22 |  5.15 |  4.75 |  7.78 |  8.13 |  7.57 | 9.15 | 6.95 |  7.88 |  7.10 |  6.47 | 7.25 |  7.92 |  6.73 | 7.56 |  7.30 |  8.09 | 6.71 | 7.46 |  4.44 |  6.64 | 7.17 | 6.43 |  6.57 |
|        39 |  6.79 | 7.05 | 6.48 | 6.70 | 6.79 | 5.39 |  6.04 |  6.84 |  6.83 |  5.62 |  7.01 |  7.00 | 7.64 |  6.25 |  9.19 |  8.22 |  4.93 |  4.90 |  4.42 |  7.42 |  8.03 |  7.51 | 9.04 | 6.78 |  7.49 |  7.17 |  6.49 | 7.17 |  7.93 |  6.58 | 7.66 |  7.18 |  7.93 | 6.53 | 7.04 |  3.41 |  6.49 | 7.24 | 6.26 |  6.14 |
|        40 |  6.24 | 6.72 | 6.24 | 6.60 | 6.32 | 4.97 |  5.38 |  6.53 |  6.40 |  4.79 |  6.65 |  6.95 | 7.01 |  5.75 |  8.90 |  8.02 |  4.09 |  4.07 |  4.18 |  7.24 |  7.92 |  6.88 | 8.78 | 6.42 |  6.82 |  6.95 |  6.19 | 7.18 |  7.90 |  6.42 | 7.59 |  7.08 |  7.77 | 6.44 | 6.75 |  2.84 |  6.09 | 7.23 | 5.18 |  5.62 |
|        41 |  5.38 | 6.24 | 5.93 | 6.23 | 5.46 | 4.41 |  4.94 |  6.11 |  6.05 |  4.17 |  6.56 |  6.50 | 6.76 |  4.75 |  8.58 |  7.65 |  3.10 |  3.43 |  3.01 |  7.06 |  7.63 |  5.88 | 8.42 | 5.93 |  6.01 |  6.45 |  5.74 | 6.84 |  7.25 |  6.06 | 7.44 |  7.01 |  7.49 | 5.87 | 6.42 |  2.64 |  5.80 | 6.63 | 4.49 |  5.11 |
|        42 |  4.77 | 5.93 | 5.71 | 5.92 | 5.03 | 3.86 |  4.54 |  5.48 |  5.81 |  3.98 |  5.98 |  5.59 | 6.69 |  3.86 |  8.40 |  7.29 |  2.69 |  3.15 |  2.70 |  6.52 |  7.26 |  5.54 | 8.01 | 5.57 |  5.57 |  5.98 |  5.57 | 6.48 |  6.20 |  5.34 | 6.93 |  6.88 |  7.12 | 5.32 | 6.03 |  2.44 |  5.40 | 6.03 | 4.19 |  4.31 |
|        43 |  4.00 | 5.99 | 5.88 | 5.42 | 4.83 | 3.17 |  4.57 |  5.13 |  5.50 |  3.53 |  5.07 |  4.84 | 6.53 |  3.36 |  8.12 |  7.23 |  2.57 |  2.93 |  2.91 |  5.78 |  6.88 |  5.83 | 7.43 | 4.96 |  5.52 |  5.55 |  5.77 | 6.23 |  5.56 |  4.95 | 6.41 |  6.49 |  6.74 | 5.36 | 5.70 |  2.42 |  4.52 | 5.49 | 4.14 |  3.75 |
|        44 |  3.42 | 5.94 | 6.10 | 4.99 | 5.41 | 2.98 |  5.26 |  5.18 |  5.25 |  3.63 |  4.14 |  5.04 | 6.51 |  3.55 |  7.85 |  7.11 |  2.46 |  2.80 |  3.39 |  5.27 |  6.70 |  6.53 | 6.95 | 4.29 |  6.21 |  5.43 |  5.89 | 5.97 |  5.55 |  4.96 | 6.28 |  6.01 |  6.61 | 5.67 | 5.37 |  2.73 |  3.76 | 5.55 | 4.61 |  3.75 |
|        45 |  3.37 | 5.70 | 6.32 | 4.71 | 6.08 | 2.99 |  6.62 |  5.73 |  4.79 |  4.10 |  3.72 |  5.74 | 6.20 |  3.69 |  7.60 |  6.63 |  2.36 |  2.76 |  4.11 |  5.47 |  6.54 |  6.74 | 6.62 | 3.77 |  6.90 |  5.31 |  5.83 | 5.83 |  5.69 |  4.96 | 6.13 |  5.72 |  6.40 | 5.59 | 4.91 |  3.47 |  3.19 | 6.38 | 5.17 |  4.67 |
|        46 |  3.67 | 5.62 | 6.55 | 4.38 | 6.38 | 3.18 |  7.62 |  6.15 |  4.33 |  4.26 |  3.54 |  6.21 | 5.87 |  3.37 |  7.45 |  6.18 |  2.07 |  2.65 |  4.79 |  5.75 |  6.47 |  6.59 | 6.37 | 3.39 |  7.11 |  4.83 |  6.08 | 6.09 |  6.11 |  4.72 | 6.17 |  5.58 |  6.17 | 5.37 | 4.69 |  3.98 |  3.10 | 7.33 | 5.68 |  5.21 |
|        47 |  3.44 | 5.94 | 6.75 | 4.24 | 6.52 | 3.14 |  7.97 |  6.31 |  3.91 |  4.47 |  3.38 |  6.28 | 5.80 |  3.23 |  7.40 |  5.95 |  1.82 |  2.47 |  4.98 |  5.74 |  6.37 |  6.72 | 6.08 | 3.19 |  7.00 |  4.47 |  6.58 | 6.60 |  6.78 |  4.66 | 6.19 |  5.38 |  5.77 | 5.12 | 4.70 |  3.98 |  3.22 | 7.71 | 5.52 |  5.57 |
|        48 |  3.27 | 6.28 | 7.18 | 4.30 | 6.54 | 3.28 |  8.03 |  6.58 |  3.82 |  4.74 |  3.36 |  6.43 | 5.80 |  3.44 |  7.16 |  6.29 |  1.96 |  2.55 |  4.89 |  5.91 |  6.22 |  6.67 | 5.82 | 3.15 |  6.95 |  4.56 |  7.07 | 6.95 |  7.02 |  4.94 | 6.13 |  5.26 |  5.54 | 4.89 | 4.95 |  4.01 |  3.58 | 7.61 | 5.13 |  5.68 |
|        51 |  3.69 | 6.51 | 6.84 | 4.71 | 6.96 | 3.91 |  7.90 |  6.29 |  4.46 |  4.81 |  4.58 |  5.93 | 6.38 |  4.22 |  6.78 |  6.44 |  2.35 |  2.52 |  5.45 |  5.62 |  6.84 |  6.22 | 5.57 | 3.78 |  6.49 |  5.29 |  6.43 | 6.75 |  7.19 |  5.52 | 6.17 |  4.97 |  5.40 | 4.72 | 4.53 |  3.68 |  3.69 | 7.12 | 5.90 |  6.30 |
|        54 |  3.72 | 6.44 | 5.85 | 4.18 | 6.82 | 4.04 |  7.26 |  5.71 |  4.57 |  5.01 |  4.72 |  4.99 | 5.84 |  4.28 |  6.31 |  5.75 |  2.19 |  2.39 |  5.65 |  4.99 |  6.37 |  6.05 | 5.62 | 2.93 |  6.55 |  5.03 |  5.74 | 5.94 |  7.01 |  5.49 | 5.56 |  4.30 |  5.59 | 4.46 | 3.83 |  3.57 |  3.31 | 7.04 | 5.95 |  5.98 |
|        57 |  3.87 | 5.98 | 5.14 | 4.19 | 6.90 | 4.38 |  7.09 |  5.26 |  4.81 |  5.31 |  4.25 |  4.98 | 5.89 |  4.12 |  6.38 |  5.08 |  2.42 |  2.41 |  5.67 |  5.04 |  6.23 |  5.96 | 5.33 | 3.00 |  6.32 |  4.90 |  5.67 | 5.62 |  6.76 |  4.96 | 6.08 |  3.88 |  5.53 | 4.31 | 3.97 |  3.35 |  3.93 | 7.10 | 5.25 |  5.64 |
|        60 |  4.04 | 5.78 | 5.51 | 4.59 | 6.70 | 4.68 |  7.15 |  5.51 |  5.09 |  5.64 |  3.72 |  4.89 | 6.17 |  4.29 |  6.08 |  4.91 |  2.59 |  4.00 |  5.51 |  5.11 |  6.19 |  5.39 | 4.96 | 3.81 |  6.23 |  4.68 |  5.44 | 5.27 |  7.21 |  5.13 | 6.11 |  4.42 |  5.82 | 4.33 | 4.37 |  3.03 |  4.38 | 7.15 | 5.66 |  5.71 |
|        63 |  4.21 | 5.62 | 5.35 | 4.21 | 6.74 | 4.80 |  7.35 |  5.60 |  4.80 |  5.78 |  3.34 |  4.82 | 5.95 |  4.32 |  5.89 |  4.55 |  1.30 |  1.22 |  6.17 |  5.30 |  6.91 |  5.80 | 6.00 | 3.50 |  6.41 |  4.54 |  5.15 | 5.39 |  7.08 |  5.50 | 6.08 |  4.81 |  6.50 | 3.83 | 4.46 |  1.23 |  3.95 | 7.11 | 5.51 |  5.62 |
|        66 |  3.75 | 5.20 | 5.15 | 4.19 | 5.84 | 4.35 |  6.55 |  5.17 |  4.57 |  5.00 |  3.27 |  4.78 | 5.66 |  4.16 |  5.58 |  4.48 |  2.55 |  1.25 |  5.77 |  5.19 |  7.03 |  5.84 | 5.47 | 3.90 |  6.65 |  4.57 |  4.91 | 5.01 |  7.08 |  5.60 | 5.63 |  5.07 |  6.75 | 3.22 | 4.03 |  1.21 |  2.75 | 7.52 | 4.92 |  5.54 |
|        69 |  3.22 | 4.91 | 4.44 | 4.06 | 5.89 | 3.56 |  6.33 |  4.70 |  4.70 |  6.12 |  3.18 |  5.17 | 5.38 |  4.46 |  5.23 |  4.81 |  2.92 |  2.97 |  5.36 |  5.17 |  6.75 |  5.30 | 5.34 | 3.88 |  5.89 |  3.70 |  4.50 | 4.59 |  6.53 |  5.27 | 5.77 |  5.86 |  6.14 | 3.34 | 3.88 |  2.13 |  2.48 | 7.07 | 5.23 |  5.23 |
|        72 |  2.79 | 4.79 | 4.82 | 3.89 | 5.42 | 3.22 |  6.22 |  4.42 |  4.74 |  5.49 |  4.14 |  5.29 | 5.77 |  4.29 |  4.90 |  4.51 |  3.33 |  2.42 |  4.66 |  5.01 |  6.40 |  5.70 | 5.11 | 4.88 |  6.05 |  3.44 |  4.22 | 4.57 |  6.09 |  5.10 | 5.40 |  5.67 |  6.02 | 3.84 | 5.21 |  2.17 |  3.23 | 6.77 | 4.96 |  4.77 |
|        78 |  2.81 | 5.88 | 3.11 | 3.95 | 5.88 | 3.07 |  5.91 |  3.91 |  5.15 |  5.04 |  4.17 |  5.30 | 5.83 |  3.85 |  4.03 |  4.86 |  3.68 |  3.47 |  4.53 |  4.72 |  5.36 |  3.62 | 4.09 | 4.89 |  5.79 |  3.69 |  4.11 | 4.36 |  4.07 |  3.17 | 5.86 |  6.22 |  5.69 | 3.97 | 5.02 |  3.27 |  3.77 | 6.03 | 4.78 |  3.84 |
|        84 |  1.45 | 6.53 | 2.46 | 3.56 | 7.06 | 1.99 |  4.29 |  4.07 |  5.20 |  4.51 |  2.28 |  4.84 | 4.69 |  3.59 |  2.67 |  4.48 |  4.40 |  3.53 |  4.69 |  3.91 |  4.31 |  1.16 | 2.53 | 5.64 |  4.29 |  4.43 |  4.06 | 4.89 |  2.90 |  1.17 | 5.37 |  4.96 |  5.11 | 4.15 | 5.54 |  3.35 |  2.55 | 4.65 | 3.01 |  2.41 |
|        90 |  0.99 | 6.24 | 1.62 | 3.49 | 7.96 | 2.15 |  2.40 |  3.07 |  2.47 |  2.74 |  2.21 |  1.98 | 4.10 |  2.28 |  2.58 |  2.37 |  2.71 |  2.39 |  3.44 |  1.77 |  1.80 |  2.10 | 3.43 | 5.04 |  3.14 |  2.03 |  3.24 | 3.57 |  2.84 |  1.42 | 2.71 |  2.24 |  2.94 | 3.30 | 5.31 |  1.59 |  1.93 | 1.19 | 2.80 |  1.57 |
|        96 |  1.28 | 5.12 | 1.29 | 3.95 | 6.89 | 1.53 |  2.27 |  1.64 |  1.52 |  2.66 |  2.01 |  0.73 | 4.38 |  0.92 |  1.62 |  1.85 |  1.61 |  1.80 |  2.64 |  2.06 |  3.15 |  1.82 | 3.73 | 3.88 |  3.23 |  2.63 |  2.32 | 2.55 |  3.16 |  1.28 | 2.63 |  2.17 |  1.44 | 1.53 | 4.32 |  1.21 |  1.13 | 1.82 | 3.14 |  1.04 |
|       102 | -0.50 | 2.90 | 0.15 | 4.84 | 4.33 | 1.86 |  3.28 |  2.64 | -0.34 |  4.10 |  1.06 | -0.58 | 5.05 | -0.65 |  2.61 |  0.99 |  1.23 |  2.77 |  5.98 |  3.59 |  4.01 |  2.89 | 5.20 | 4.67 |  4.83 |  1.92 |  2.14 | 2.47 |  4.02 |  1.93 | 2.61 |  4.50 |  2.36 | 1.14 | 4.56 | -0.70 | -0.80 | 3.41 | 3.30 |  0.22 |
|       108 |  0.36 | 3.00 | 0.46 | 5.85 | 4.02 | 4.25 |  1.42 | -0.47 |  0.70 |  0.77 |  1.23 | -0.55 | 4.71 | -0.73 |  2.61 | -0.36 |  1.59 | -0.18 |  2.94 |  1.26 |  4.09 |  2.42 | 7.54 | 6.20 |  2.80 | -0.31 |  3.48 | 2.75 |  3.88 |  2.17 | 4.17 |  1.09 |  2.07 | 1.04 | 5.07 |  0.65 |  0.04 | 5.47 | 4.37 |  0.59 |
|       114 |  3.32 | 2.88 | 0.78 | 4.21 | 3.21 | 4.22 |  1.35 | -0.13 |  1.17 |  0.16 |  2.04 |  0.05 | 3.98 | -0.09 |  1.47 | -0.63 |  0.92 |    -0 |  0.64 |  2.37 |  3.45 |  2.21 | 4.43 | 2.94 |  1.04 | -0.51 |  1.55 | 3.03 |  1.18 |  0.54 | 4.29 |  0.13 | -0.10 | 0.75 | 3.81 |  1.72 | -0.92 | 3.12 | 3.11 | -1.28 |
|       120 |  5.53 | 2.67 | 1.76 | 5.44 | 0.35 | 6.55 | -0.73 |  0.49 |  0.06 | -0.96 | -0.74 | -0.09 | 4.72 | -1.62 | -0.44 | -0.65 | -0.06 | -0.88 | -0.01 | -0.33 | -2.49 | -0.41 | 5.38 | 3.57 | -0.84 | -1.62 | -1.59 | 1.87 | -0.16 | -0.95 | 3.90 | -1.06 | -0.91 |    0 | 2.74 |  2.24 | -0.41 | 2.54 | 0.35 | -1.14 |
