# variable: Total Cloud Cover
# units: percent
# 
| fcst_hour |      1 |      2 |      3 |      4 |      5 |      6 |      7 |      8 |      9 |     10 |     11 |     12 |     13 |     14 |     15 |     16 |     17 |     18 |     19 |     20 |     21 |     22 |     23 |     24 |     25 |     26 |     27 |     28 |     29 |     30 |     31 |     32 |     33 |     34 |     35 |     36 |     37 |     38 |     39 |     40 |
|         0 |  55.60 |  15.76 |  28.95 |  35.14 |  40.30 |  45.55 |  24.25 |  59.21 |  34.62 |  32.08 |  56.24 |  20.23 |  26.87 |  46.91 |   7.75 |  60.73 |  47.94 |  24.83 |  44.27 |  56.52 |  40.43 |  52.57 |  45.89 |  40.32 |  40.74 |  51.20 |  34.98 |  77.43 |  46.55 |  35.97 |  43.68 |  32.52 |  15.38 |  73.78 |   5.12 |  53.50 |  38.41 |   5.68 |  46.78 |  73.34 |
|         1 |  37.02 |  18.30 |  33.19 |  36.33 |  53.04 |  60.18 |  22.23 |  53.91 |  22.27 |  20.76 |  64.35 |   7.64 |  33.73 |  29.40 |  16.65 |  62.69 |  65.62 |  28.52 |  57.40 |  32.39 |  48.66 |  46.72 |  40.20 |  33.58 |  25.62 |  40.48 | 100.00 |  65.15 |  30.23 |  47.12 |  19.05 |  37.85 |   6.29 |  63.49 |      0 |  55.67 |  33.06 |  26.58 |  27.81 |  52.44 |
|         2 |  37.78 |  13.99 |   8.69 |  16.78 |   9.12 |  24.93 |  27.66 |  54.09 |  22.62 |  30.23 |  57.62 |      0 |  29.15 |  30.45 |  23.33 |  61.30 |  47.53 |  87.62 |  47.97 |  22.33 |  32.51 |  26.80 |  79.57 |  30.71 |   6.31 |  26.81 |  90.74 |  40.40 |  23.91 |  41.29 |   5.29 |  21.44 |      0 |  56.36 |      0 |  51.44 |  15.87 |  27.60 |  22.84 |  49.04 |
|         3 |  33.79 |  41.88 |      0 |  19.33 |   5.85 |  26.69 |   5.90 |  39.01 |  79.51 |  48.43 |  45.15 |  19.73 |  29.45 |  38.09 |  26.28 |  50.71 |  26.28 |  80.47 |  47.37 |  45.36 |  36.77 |  32.23 |  86.59 |  32.80 |  17.21 |  25.66 |   6.28 |  32.87 |  29.13 |  46.23 |      0 |  20.90 |  32.44 |  50.27 |   6.30 |  56.43 |  21.11 |  27.11 |  17.38 |  36.81 |
|         4 |  43.45 |   9.87 |   9.44 |  73.77 |  10.00 |  13.91 |   7.42 |  35.64 |   4.10 |  42.77 |  38.47 |  10.06 |  24.70 |  94.31 |  24.38 |  49.54 |  16.69 |  19.47 |  44.42 |  59.36 |  34.08 | 100.00 |  15.48 |  25.96 |  36.76 |   7.12 |      0 |  41.73 |  26.67 |  33.91 |      0 |  25.73 |  46.67 |  50.19 |  21.18 |  58.61 |   8.46 |  27.62 |   0.96 |  76.44 |
|         5 |  85.84 |  26.59 | 100.00 | 100.00 |  55.07 |  25.28 |  62.17 |  27.04 |  21.07 |  31.69 |  17.72 |   4.37 |  11.18 |  97.13 |   9.61 |  98.93 |   3.51 |   3.66 |  59.77 |  67.82 |  22.77 |  95.89 |   7.21 |   9.82 |  73.32 |  28.30 |      0 |  86.47 |  29.40 |  30.25 |  21.46 |  28.64 |  72.45 |  51.73 |  54.64 |  68.81 |   0.09 | 100.00 |  73.32 |  82.12 |
|         6 |  95.40 |  26.93 | 100.00 |  48.25 |  96.03 |  92.94 |  87.82 |  20.54 |   1.81 |  33.13 |  41.19 |  31.76 |  95.47 |  92.62 |  30.65 | 100.00 |  58.70 |   8.14 |  33.62 |  58.65 |  52.62 |  30.84 |  55.88 |  54.18 | 100.00 |  45.21 |  26.09 |  37.24 |  73.56 |  33.34 |  21.50 |  31.85 |  78.20 |  72.10 |  35.52 |  66.49 | 100.00 | 100.00 |  57.99 |  88.20 |
|         7 |  87.10 |  43.98 | 100.00 |  96.97 |  75.06 | 100.00 |  95.49 |  28.25 |  93.48 |  38.68 | 100.00 |  71.28 |  92.24 |  96.15 |  20.46 | 100.00 | 100.00 |  79.22 |  68.23 |  62.46 | 100.00 | 100.00 |  86.01 |  43.87 |  30.66 |  52.23 |  36.00 |  42.27 | 100.00 | 100.00 | 100.00 |  75.89 |  71.83 |  56.34 |  45.45 |  82.03 |   0.88 |  81.06 |  93.99 |  75.39 |
|         8 |  43.06 |  19.96 |  52.72 | 100.00 |  35.16 | 100.00 |  80.15 |  31.31 |  89.47 | 100.00 | 100.00 |  68.77 | 100.00 |  91.30 |   1.24 |  98.03 |  97.75 |   0.21 |  44.36 |  41.12 |  97.78 |  57.61 |  46.26 |  94.12 |  33.99 |  65.68 | 100.00 |  93.36 |  47.97 |  56.71 | 100.00 |  90.70 |  81.21 |  71.68 |  36.02 |  66.94 |  12.54 |  98.82 |  58.95 |  70.54 |
|         9 |  59.37 | 100.00 |  86.46 |  38.97 | 100.00 | 100.00 |  18.40 |  48.77 |  79.03 |  63.82 | 100.00 |  81.50 |  93.83 |  80.06 |  75.76 |  94.78 |  46.25 |  29.98 |  49.52 |  84.35 | 100.00 |  29.71 | 100.00 |  91.23 | 100.00 |  52.03 |  99.14 |  83.96 |  95.56 |  52.38 |  99.65 |  47.67 |  52.11 |  53.10 |  67.45 |  36.57 |  52.52 |  84.57 |  34.61 | 100.00 |
|        10 |  74.57 | 100.00 |  62.00 |  75.34 |  94.15 | 100.00 | 100.00 |  97.83 | 100.00 | 100.00 | 100.00 |  84.88 | 100.00 |  76.05 |  64.02 | 100.00 |  47.71 | 100.00 |  82.68 |  54.25 | 100.00 |  14.95 |  84.72 |  93.71 | 100.00 | 100.00 | 100.00 |  66.95 |  75.86 |  44.88 | 100.00 |  88.89 |  75.21 |  46.25 | 100.00 |  36.75 |  94.57 | 100.00 |  78.77 |  98.22 |
|        11 | 100.00 | 100.00 | 100.00 |  73.12 | 100.00 | 100.00 | 100.00 | 100.00 | 100.00 | 100.00 |  92.83 |  98.92 |  90.04 |  83.85 | 100.00 | 100.00 | 100.00 | 100.00 | 100.00 | 100.00 | 100.00 |  66.14 | 100.00 | 100.00 |  85.87 | 100.00 | 100.00 | 100.00 | 100.00 | 100.00 | 100.00 | 100.00 | 100.00 |  54.84 | 100.00 |  65.92 |  95.87 | 100.00 | 100.00 |  83.47 |
|        12 | 100.00 | 100.00 | 100.00 | 100.00 | 100.00 | 100.00 | 100.00 | 100.00 | 100.00 | 100.00 | 100.00 | 100.00 | 100.00 | 100.00 | 100.00 | 100.00 | 100.00 | 100.00 | 100.00 | 100.00 | 100.00 | 100.00 | 100.00 | 100.00 | 100.00 | 100.00 | 100.00 | 100.00 |  89.27 | 100.00 | 100.00 | 100.00 | 100.00 | 100.00 | 100.00 | 100.00 | 100.00 | 100.00 | 100.00 | 100.00 |
|        13 | 100.00 | 100.00 | 100.00 | 100.00 | 100.00 | 100.00 | 100.00 | 100.00 | 100.00 | 100.00 | 100.00 | 100.00 | 100.00 | 100.00 | 100.00 | 100.00 | 100.00 | 100.00 | 100.00 | 100.00 | 100.00 | 100.00 | 100.00 | 100.00 | 100.00 | 100.00 | 100.00 | 100.00 | 100.00 |  98.31 | 100.00 | 100.00 | 100.00 | 100.00 | 100.00 | 100.00 | 100.00 | 100.00 | 100.00 | 100.00 |
|        14 | 100.00 | 100.00 | 100.00 | 100.00 | 100.00 | 100.00 | 100.00 | 100.00 | 100.00 | 100.00 | 100.00 | 100.00 | 100.00 | 100.00 | 100.00 | 100.00 | 100.00 | 100.00 | 100.00 | 100.00 | 100.00 | 100.00 | 100.00 | 100.00 | 100.00 | 100.00 | 100.00 | 100.00 | 100.00 | 100.00 | 100.00 | 100.00 | 100.00 | 100.00 | 100.00 | 100.00 | 100.00 | 100.00 | 100.00 | 100.00 |
|        15 | 100.00 | 100.00 | 100.00 | 100.00 | 100.00 | 100.00 | 100.00 | 100.00 | 100.00 | 100.00 | 100.00 | 100.00 | 100.00 | 100.00 | 100.00 | 100.00 | 100.00 | 100.00 | 100.00 | 100.00 | 100.00 | 100.00 | 100.00 | 100.00 | 100.00 | 100.00 | 100.00 | 100.00 | 100.00 | 100.00 | 100.00 | 100.00 | 100.00 | 100.00 | 100.00 | 100.00 | 100.00 | 100.00 | 100.00 | 100.00 |
|        16 | 100.00 | 100.00 | 100.00 | 100.00 | 100.00 | 100.00 | 100.00 | 100.00 | 100.00 | 100.00 | 100.00 | 100.00 | 100.00 | 100.00 | 100.00 | 100.00 | 100.00 | 100.00 | 100.00 | 100.00 | 100.00 | 100.00 | 100.00 | 100.00 | 100.00 | 100.00 | 100.00 | 100.00 | 100.00 | 100.00 | 100.00 | 100.00 | 100.00 | 100.00 | 100.00 | 100.00 | 100.00 | 100.00 | 100.00 | 100.00 |
|        17 | 100.00 | 100.00 | 100.00 | 100.00 | 100.00 | 100.00 | 100.00 | 100.00 | 100.00 | 100.00 | 100.00 | 100.00 | 100.00 | 100.00 | 100.00 | 100.00 | 100.00 | 100.00 | 100.00 | 100.00 | 100.00 | 100.00 | 100.00 | 100.00 | 100.00 | 100.00 | 100.00 | 100.00 | 100.00 | 100.00 |  92.34 | 100.00 | 100.00 | 100.00 | 100.00 | 100.00 | 100.00 | 100.00 | 100.00 | 100.00 |
|        18 | 100.00 | 100.00 | 100.00 | 100.00 | 100.00 | 100.00 | 100.00 | 100.00 | 100.00 | 100.00 | 100.00 | 100.00 | 100.00 | 100.00 | 100.00 | 100.00 | 100.00 | 100.00 | 100.00 | 100.00 | 100.00 | 100.00 | 100.00 | 100.00 | 100.00 | 100.00 | 100.00 | 100.00 | 100.00 | 100.00 |  75.40 | 100.00 | 100.00 | 100.00 | 100.00 | 100.00 | 100.00 | 100.00 | 100.00 | 100.00 |
|        19 | 100.00 | 100.00 | 100.00 | 100.00 | 100.00 | 100.00 | 100.00 | 100.00 | 100.00 | 100.00 | 100.00 | 100.00 | 100.00 | 100.00 | 100.00 | 100.00 | 100.00 | 100.00 | 100.00 | 100.00 | 100.00 | 100.00 | 100.00 | 100.00 | 100.00 | 100.00 | 100.00 | 100.00 | 100.00 | 100.00 |  96.81 | 100.00 | 100.00 | 100.00 | 100.00 | 100.00 | 100.00 | 100.00 | 100.00 | 100.00 |
|        20 | 100.00 | 100.00 | 100.00 | 100.00 | 100.00 | 100.00 | 100.00 | 100.00 | 100.00 |  89.92 | 100.00 | 100.00 | 100.00 | 100.00 | 100.00 | 100.00 |  38.55 | 100.00 | 100.00 | 100.00 | 100.00 | 100.00 | 100.00 | 100.00 | 100.00 | 100.00 | 100.00 | 100.00 | 100.00 | 100.00 | 100.00 | 100.00 | 100.00 | 100.00 | 100.00 | 100.00 | 100.00 | 100.00 | 100.00 | 100.00 |
|        21 | 100.00 | 100.00 | 100.00 | 100.00 | 100.00 | 100.00 | 100.00 | 100.00 | 100.00 |  57.22 | 100.00 | 100.00 | 100.00 | 100.00 | 100.00 | 100.00 |  37.07 | 100.00 |  79.85 | 100.00 | 100.00 | 100.00 | 100.00 | 100.00 |  62.35 |  53.42 | 100.00 | 100.00 | 100.00 | 100.00 | 100.00 | 100.00 | 100.00 | 100.00 | 100.00 | 100.00 | 100.00 | 100.00 | 100.00 | 100.00 |
|        22 | 100.00 | 100.00 | 100.00 | 100.00 | 100.00 | 100.00 |  46.88 |  98.56 |  73.30 |  49.36 | 100.00 | 100.00 | 100.00 |  42.47 | 100.00 | 100.00 |  51.20 | 100.00 |  87.43 | 100.00 | 100.00 | 100.00 | 100.00 | 100.00 |  68.54 |  51.86 | 100.00 | 100.00 | 100.00 | 100.00 |  85.77 | 100.00 | 100.00 | 100.00 | 100.00 | 100.00 | 100.00 | 100.00 | 100.00 | 100.00 |
|        23 | 100.00 |  60.34 | 100.00 | 100.00 | 100.00 | 100.00 |  43.19 |  61.44 |  81.32 |  51.73 | 100.00 | 100.00 | 100.00 |  73.14 | 100.00 | 100.00 |  43.45 | 100.00 |  72.28 | 100.00 | 100.00 | 100.00 | 100.00 | 100.00 |  70.77 |  31.58 |  76.31 | 100.00 | 100.00 |  71.72 |  43.29 |  60.30 | 100.00 | 100.00 | 100.00 | 100.00 | 100.00 | 100.00 | 100.00 | 100.00 |
|        24 | 100.00 |  51.76 | 100.00 | 100.00 | 100.00 | 100.00 |  46.04 |  69.99 |  86.32 |  60.92 |  89.98 | 100.00 |  71.65 |  70.59 | 100.00 |  82.86 |  50.86 | 100.00 |  66.60 | 100.00 | 100.00 | 100.00 |  61.20 |  69.58 |  65.57 |  73.28 |  60.56 |  99.96 | 100.00 |  69.62 |  72.95 |  60.38 | 100.00 | 100.00 | 100.00 | 100.00 | 100.00 | 100.00 | 100.00 |  67.68 |
|        25 | 100.00 |  75.34 |  73.25 | 100.00 | 100.00 |  61.55 |  45.70 |  81.15 |  81.31 |  74.46 |  79.21 |  76.91 |  65.20 |  73.59 | 100.00 |  86.77 |  61.40 |  83.08 |  73.41 |  93.18 | 100.00 | 100.00 |  48.95 |  74.12 |  63.91 |  77.46 |  74.00 |  74.23 | 100.00 |  85.91 |  77.44 |  73.08 |  78.66 | 100.00 | 100.00 |  83.79 |  76.38 | 100.00 |  95.88 |  68.58 |
|        26 | 100.00 |  76.80 |  93.04 |  81.68 |  58.82 |  78.68 |  51.00 |  76.54 |  83.14 |  86.75 |  79.63 |  83.47 |  73.05 |  98.29 |  80.35 |  87.22 |  71.11 |  79.49 |  53.83 |  98.83 | 100.00 |  79.17 |  48.68 |  71.77 |  53.20 |  88.89 |  89.50 |  73.55 | 100.00 |  74.07 |  72.54 |  61.97 |  77.82 | 100.00 | 100.00 |  79.83 |  50.36 |  55.88 |  70.12 |  59.50 |
|        27 | 100.00 |  84.73 |  79.76 |  70.28 |  66.61 |  77.06 |  70.28 |  79.72 |  79.52 |  87.48 |  64.40 |  49.95 |  72.43 |  92.81 |  55.81 |  84.76 |  89.42 |  74.49 |  72.44 |  93.60 | 100.00 |  89.53 |  52.94 |  81.38 |  52.73 |  84.88 |  93.42 |  91.34 | 100.00 |  83.44 |  87.51 |  70.30 |  74.24 |  92.24 | 100.00 |  91.88 |  60.27 |  62.18 |  57.62 |  54.22 |
|        28 |  82.22 |  95.03 |  75.70 |  84.22 | 100.00 |  82.94 |  82.20 |  83.93 |  69.36 |  85.90 |  64.13 |  43.90 |  68.01 |  77.67 |  70.07 |  80.58 |  83.20 |  78.29 |  81.03 |  89.11 |  95.95 |  89.30 |  57.58 |  84.92 |  48.80 |  79.53 |  91.79 |  83.09 |  61.22 |  68.88 |  95.75 |  86.80 |  60.34 |  93.22 | 100.00 |  83.19 |  73.10 |  58.75 |  71.74 |  44.25 |
|        29 |  73.94 |  96.11 |  77.51 |  85.79 |  56.74 |  91.89 |  81.59 |  88.02 |  80.11 |  87.06 |  82.07 |  57.11 |  68.87 |  85.64 |  53.07 |  73.25 |  80.33 |  80.29 |  65.38 |  57.46 |  89.54 |  90.42 |  66.91 |  78.46 |  56.15 |  79.07 |  73.73 |  76.11 |  54.88 |  71.34 |  97.31 |  83.65 |  60.01 |  88.13 |  80.80 |  66.38 |  78.20 |  63.00 |  73.80 |  42.75 |
|        30 |  67.74 |  86.99 |  72.33 |  86.28 |  65.46 |  90.84 |  88.62 |  85.75 |  73.21 |  94.98 |  81.94 |  65.62 |  57.16 |  89.40 |  30.96 |  66.87 |  78.37 |  72.23 |  56.96 |  59.04 |  90.76 |  91.46 |  70.27 |  73.63 |  54.44 |  79.02 |  71.13 |  74.75 | 100.00 |  79.06 |  96.62 |  86.38 |  71.43 |  76.64 |  78.43 |  81.87 |  75.80 |  64.63 |  75.15 |  65.98 |
|        31 |  66.90 |  58.99 |  75.21 |  68.53 |  76.75 |  95.78 |  83.42 |  71.62 |  55.24 |  91.88 |  67.81 |  42.44 |  48.35 |  81.26 |   7.46 |  31.78 |  35.62 |  60.48 |  40.11 |  53.38 |  87.22 |  85.28 |  46.46 |  81.46 |  67.46 |  99.90 |  68.25 |  70.96 |  48.18 |  64.09 |  89.34 |  89.53 |  52.82 |  72.72 |  81.30 |  76.63 |  57.62 |  54.91 |  82.84 |  55.06 |
|        32 |  96.92 |  36.63 |  57.64 |  62.39 |  59.91 |  92.03 |  76.10 |  67.48 |  84.10 | 100.00 |  45.37 |  64.00 |  51.29 |  63.05 |  36.61 |  43.23 |  40.60 |  57.37 |  60.38 |  42.49 |  49.01 |  66.64 |  37.05 |  83.30 |  41.08 |  86.81 |  59.56 |  77.29 |  35.02 |  57.15 |  88.01 |  59.01 |  33.81 |  84.21 |  80.28 |  75.70 |  68.00 |  33.29 |  62.12 |  32.46 |
|        33 |  45.07 |  53.91 |  43.69 |  51.36 |  55.90 |  89.41 |  38.20 |  54.31 |  62.66 |  78.19 |  85.84 |  49.52 |  47.40 |  73.56 |  74.93 |  57.97 |  22.78 |  48.74 |  49.21 |  68.96 |  29.42 |  54.54 |  40.09 |  81.60 |  27.80 | 100.00 |  60.84 |  87.91 |  52.50 |  91.20 |  75.71 |  54.63 |  47.53 |  64.20 |  47.06 | 100.00 |  61.99 |  73.24 |  78.67 |  17.87 |
|        34 |  51.77 |  51.87 |  68.91 |  51.90 |  90.55 |  87.22 |  52.71 |  59.11 |  51.80 |  51.64 |  92.44 |  55.37 |  48.25 |  55.09 | 100.00 |  82.09 |  51.73 |  49.11 |  81.29 |  79.30 |  77.12 |  50.73 |  47.07 |  61.29 |  53.75 | 100.00 |  81.33 |  86.01 |  54.30 |  64.64 |  75.57 |  60.03 |  51.07 |  73.35 |  50.06 | 100.00 |  64.11 |  66.60 |  58.82 |  66.60 |
|        35 |  55.41 |  74.46 |  75.28 |  32.15 |  90.26 |  94.95 |  54.59 |  90.85 | 100.00 |  88.83 |  98.60 |  54.15 |  57.95 |  56.65 | 100.00 |  89.45 |  96.91 |  66.13 | 100.00 |  54.64 |  68.28 |  68.08 |  63.00 |  66.12 |  54.20 |  91.16 |  70.48 |  97.64 | 100.00 |  62.79 |  65.02 |  55.51 | 100.00 |  64.00 |  56.06 |  57.74 |  80.24 |  50.55 |  70.50 |  63.27 |
|        36 | 100.00 |  71.11 |  91.39 |  44.17 |  97.65 |  91.48 |  79.85 |  99.77 | 100.00 | 100.00 | 100.00 | 100.00 |  73.48 |  66.77 | 100.00 |  93.32 |  90.12 |  73.16 | 100.00 |  62.55 |  76.24 |  67.88 |  44.95 |  60.06 |  51.18 |  99.89 |  50.50 | 100.00 |  99.78 |  98.53 |  86.13 | 100.00 | 100.00 | 100.00 |  73.47 |  93.04 |  80.13 |  56.10 |  76.67 |  76.17 |
|        37 | 100.00 |  75.61 | 100.00 |  76.63 |  98.59 | 100.00 | 100.00 | 100.00 | 100.00 |  99.99 | 100.00 | 100.00 | 100.00 |  84.70 | 100.00 |  97.77 |  99.58 |  97.74 | 100.00 |  77.47 |  76.45 |  60.30 |  32.67 |  97.38 | 100.00 | 100.00 |  92.72 | 100.00 |  45.35 | 100.00 | 100.00 |  96.48 |  93.56 | 100.00 |  71.14 | 100.00 | 100.00 |  97.73 |  83.80 | 100.00 |
|        38 |  76.36 |  43.02 | 100.00 | 100.00 |  99.50 | 100.00 | 100.00 | 100.00 | 100.00 | 100.00 | 100.00 | 100.00 | 100.00 | 100.00 | 100.00 |  99.31 | 100.00 | 100.00 | 100.00 | 100.00 |  99.69 |  42.97 | 100.00 | 100.00 |  80.13 | 100.00 |  94.55 | 100.00 |  96.42 | 100.00 | 100.00 | 100.00 | 100.00 |  97.82 |  79.23 | 100.00 | 100.00 | 100.00 |  95.64 |  95.65 |
|        39 |  86.25 | 100.00 | 100.00 | 100.00 | 100.00 | 100.00 | 100.00 | 100.00 | 100.00 |  99.60 | 100.00 | 100.00 | 100.00 |  98.07 | 100.00 |  99.83 | 100.00 | 100.00 | 100.00 | 100.00 | 100.00 | 100.00 | 100.00 | 100.00 |  93.59 | 100.00 | 100.00 | 100.00 | 100.00 | 100.00 | 100.00 | 100.00 | 100.00 | 100.00 |  51.76 | 100.00 | 100.00 | 100.00 |  90.29 | 100.00 |
|        40 |  95.66 | 100.00 | 100.00 | 100.00 | 100.00 | 100.00 | 100.00 | 100.00 | 100.00 | 100.00 | 100.00 | 100.00 | 100.00 | 100.00 | 100.00 |  97.85 | 100.00 | 100.00 | 100.00 | 100.00 | 100.00 | 100.00 | 100.00 | 100.00 |  99.65 | 100.00 |  96.81 | 100.00 | 100.00 | 100.00 | 100.00 |  94.40 | 100.00 | 100.00 |  76.89 | 100.00 | 100.00 | 100.00 | 100.00 | 100.00 |
|        41 | 100.00 | 100.00 | 100.00 | 100.00 | 100.00 | 100.00 | 100.00 | 100.00 | 100.00 |  99.86 | 100.00 | 100.00 | 100.00 | 100.00 | 100.00 | 100.00 | 100.00 | 100.00 | 100.00 | 100.00 | 100.00 | 100.00 | 100.00 | 100.00 | 100.00 | 100.00 |  89.13 |  89.54 | 100.00 | 100.00 | 100.00 | 100.00 | 100.00 |  94.91 | 100.00 | 100.00 | 100.00 | 100.00 | 100.00 | 100.00 |
|        42 | 100.00 | 100.00 | 100.00 | 100.00 | 100.00 | 100.00 | 100.00 | 100.00 | 100.00 | 100.00 | 100.00 | 100.00 | 100.00 | 100.00 | 100.00 | 100.00 | 100.00 | 100.00 | 100.00 | 100.00 | 100.00 | 100.00 | 100.00 | 100.00 | 100.00 | 100.00 |  94.52 |  85.47 | 100.00 | 100.00 | 100.00 | 100.00 | 100.00 | 100.00 | 100.00 |  91.20 | 100.00 |  92.48 |  96.07 | 100.00 |
|        43 | 100.00 | 100.00 | 100.00 | 100.00 | 100.00 | 100.00 | 100.00 |  99.37 |  78.73 |  88.58 | 100.00 | 100.00 | 100.00 | 100.00 |  96.37 | 100.00 | 100.00 | 100.00 | 100.00 | 100.00 | 100.00 | 100.00 | 100.00 | 100.00 | 100.00 | 100.00 |  94.94 |  97.65 | 100.00 | 100.00 |  98.98 | 100.00 | 100.00 | 100.00 | 100.00 |  93.47 | 100.00 | 100.00 |  90.27 | 100.00 |
|        44 | 100.00 | 100.00 | 100.00 | 100.00 |  77.89 | 100.00 | 100.00 | 100.00 |  95.75 | 100.00 | 100.00 | 100.00 | 100.00 | 100.00 |  94.83 | 100.00 | 100.00 | 100.00 |  26.69 | 100.00 | 100.00 | 100.00 | 100.00 | 100.00 | 100.00 | 100.00 |  90.16 |  95.73 |  82.79 |  94.55 |  94.64 | 100.00 | 100.00 | 100.00 | 100.00 |  78.02 | 100.00 |  96.90 |  64.28 | 100.00 |
|        45 | 100.00 |  84.35 | 100.00 | 100.00 |  70.00 |  99.32 |  97.81 |  99.37 | 100.00 |  90.35 |  99.41 |  84.21 |  93.57 |  97.59 | 100.00 | 100.00 | 100.00 |  84.54 |  95.47 | 100.00 |  74.00 | 100.00 | 100.00 | 100.00 | 100.00 |  92.79 |  82.97 | 100.00 | 100.00 |  99.39 |  96.66 | 100.00 | 100.00 | 100.00 | 100.00 |  91.59 |  92.76 |  97.38 |  93.59 | 100.00 |
|        46 | 100.00 |  78.11 |  82.21 | 100.00 |  92.77 |  98.04 |  96.00 | 100.00 | 100.00 |  70.78 |  91.63 |  55.17 | 100.00 |  98.29 |  99.91 | 100.00 | 100.00 |  83.56 |  94.61 |  76.46 |  83.17 | 100.00 | 100.00 | 100.00 |  95.59 |  92.24 |  91.17 | 100.00 | 100.00 |  95.39 |  97.80 |  91.41 |  69.90 | 100.00 |  71.46 |  93.19 |  87.77 | 100.00 |  95.12 |  95.01 |
|        47 |  97.74 |  92.33 |  85.95 |  98.49 |  99.48 |  97.62 |  98.82 | 100.00 |  88.83 |  72.05 |  98.54 | 100.00 | 100.00 |  95.69 |  94.32 | 100.00 | 100.00 |  99.64 | 100.00 |  88.56 |  82.76 | 100.00 |  92.09 |  98.78 |  82.59 | 100.00 |  95.56 | 100.00 |  92.90 | 100.00 |  98.02 |  89.19 |  94.33 | 100.00 |  93.19 | 100.00 |  94.84 | 100.00 |  91.65 |  99.94 |
|        48 | 100.00 |  83.97 |  95.24 | 100.00 | 100.00 |  96.28 | 100.00 | 100.00 |      0 |  95.84 |  91.61 |  93.57 | 100.00 |  95.92 | 100.00 | 100.00 |  82.98 |  99.46 | 100.00 |  72.11 |  90.50 | 100.00 |  92.75 |  96.22 |  97.10 | 100.00 |  99.87 |  88.64 |  96.22 |  59.21 |  99.64 | 100.00 |  91.49 |  96.04 |  85.66 |  99.19 |  94.88 | 100.00 |  77.85 |  99.42 |
|        51 |  90.22 |  90.70 |  97.98 |  53.24 |  99.79 |  96.28 |  99.35 | 100.00 |  24.81 | 100.00 |  82.54 |  94.06 |      0 |  55.73 |  18.66 |  96.24 | 100.00 |  97.48 |  62.41 | 100.00 | 100.00 |  10.88 |  86.85 |  97.01 | 100.00 |  90.51 |  99.42 |  92.33 | 100.00 | 100.00 |  93.26 |  96.29 |  92.94 |  90.04 |  89.25 | 100.00 |  95.31 |  98.48 |  96.55 |  16.03 |
|        54 |  52.00 | 100.00 | 100.00 |  76.56 |  92.54 |  90.41 | 100.00 |  78.40 |  82.30 | 100.00 | 100.00 | 100.00 |  90.45 |  94.29 |  27.69 |  99.36 |  97.49 |  92.86 | 100.00 |  90.09 | 100.00 |      0 |  92.05 |  46.77 |  84.63 | 100.00 |  64.96 | 100.00 | 100.00 |      0 |  87.78 | 100.00 |  99.27 |  98.53 |  95.96 | 100.00 |  99.92 |  71.37 | 100.00 | 100.00 |
|        57 |  46.67 | 100.00 | 100.00 |  97.56 | 100.00 |  91.31 | 100.00 |  31.38 |  97.95 |  99.40 |  82.03 | 100.00 | 100.00 | 100.00 | 100.00 | 100.00 |  94.77 | 100.00 |  93.91 | 100.00 | 100.00 |      0 |  94.76 |  90.96 |  83.57 |  90.56 |  76.65 | 100.00 | 100.00 |      0 |  99.99 | 100.00 |  99.30 |  96.77 |  97.93 |  81.77 |  96.70 |  79.56 | 100.00 | 100.00 |
|        60 |  95.41 | 100.00 | 100.00 | 100.00 | 100.00 |  50.32 |  79.12 |  34.56 | 100.00 |  99.34 | 100.00 |  84.23 |  36.50 |  70.44 |  50.36 | 100.00 |  97.44 | 100.00 |  99.99 |  94.89 | 100.00 |  10.20 | 100.00 |  86.46 | 100.00 | 100.00 | 100.00 | 100.00 | 100.00 |  31.21 | 100.00 |  65.14 | 100.00 | 100.00 |  97.48 | 100.00 |  62.14 | 100.00 |  70.05 | 100.00 |
|        63 | 100.00 |  98.98 |  93.59 |  99.00 | 100.00 | 100.00 | 100.00 |  35.55 | 100.00 | 100.00 |  97.98 | 100.00 |      0 | 100.00 |  16.03 | 100.00 | 100.00 |  33.49 | 100.00 | 100.00 | 100.00 | 100.00 |  86.30 | 100.00 |  99.54 | 100.00 |  70.99 | 100.00 | 100.00 |  20.31 | 100.00 |  91.23 | 100.00 |  97.61 |  97.37 | 100.00 |  35.28 |  77.41 | 100.00 | 100.00 |
|        66 | 100.00 | 100.00 |  90.56 |  93.93 |  63.59 | 100.00 | 100.00 |      0 |  69.50 | 100.00 | 100.00 | 100.00 |  80.59 | 100.00 |  49.03 |  11.91 | 100.00 |      0 |  92.93 |  61.16 | 100.00 | 100.00 |  87.45 | 100.00 | 100.00 | 100.00 |  42.80 |      0 | 100.00 | 100.00 |  96.94 | 100.00 | 100.00 | 100.00 | 100.00 | 100.00 |  44.16 | 100.00 | 100.00 |      0 |
|        69 | 100.00 | 100.00 |  85.30 |      0 |  12.84 | 100.00 | 100.00 |      0 |  28.14 | 100.00 | 100.00 | 100.00 | 100.00 | 100.00 |  11.02 |   9.57 | 100.00 |      0 |  97.18 | 100.00 | 100.00 | 100.00 | 100.00 | 100.00 | 100.00 | 100.00 | 100.00 |   0.91 | 100.00 |  81.01 |      0 | 100.00 | 100.00 | 100.00 | 100.00 | 100.00 |  23.48 | 100.00 | 100.00 |      0 |
|        72 | 100.00 |  72.36 |  83.39 |      0 |  57.45 | 100.00 | 100.00 |  86.99 |  23.52 | 100.00 |  90.74 |  99.94 | 100.00 | 100.00 | 100.00 |  30.93 | 100.00 |  36.07 | 100.00 | 100.00 | 100.00 |      0 |  88.60 | 100.00 | 100.00 | 100.00 |  41.11 |  37.89 | 100.00 |  66.17 |  86.17 | 100.00 | 100.00 |  77.16 | 100.00 | 100.00 |  37.27 | 100.00 | 100.00 |      0 |
|        78 |  94.44 |      0 |  71.64 |  77.79 | 100.00 |  70.72 |  61.39 |  94.43 |  27.21 |      0 |  53.02 |      0 |  88.71 |  97.68 |  78.22 |  69.92 | 100.00 | 100.00 | 100.00 |  93.48 |      0 |  21.58 |  96.50 |      0 |  98.06 |  72.39 |  35.17 |  42.88 |      0 | 100.00 |  29.23 |  38.01 |  97.15 | 100.00 | 100.00 | 100.00 |  82.63 |  98.00 |      0 |  96.09 |
|        84 |  87.43 | 100.00 | 100.00 |  80.49 |  80.23 | 100.00 |  33.31 |  41.67 | 100.00 |  75.91 | 100.00 |  91.87 |  60.96 |  95.31 |  51.46 |  95.51 | 100.00 | 100.00 |  63.36 |  98.86 | 100.00 | 100.00 |  47.86 |  98.62 |  97.75 |  57.58 |  88.70 |  94.49 | 100.00 | 100.00 |   1.31 |  66.40 |  99.63 |  96.01 |  99.12 | 100.00 |  63.71 |  98.42 |  38.30 | 100.00 |
|        90 | 100.00 |      0 |  22.93 | 100.00 |  38.88 |  29.53 |  94.16 |  17.56 | 100.00 |  12.87 | 100.00 |      0 |  23.70 |  85.45 |  23.09 |  56.22 |      0 |  42.03 |  65.77 |      0 |  90.63 |  33.34 |  46.43 |  37.22 |  47.06 |  42.90 |  90.45 |  86.92 | 100.00 | 100.00 | 100.00 | 100.00 |      0 |  12.93 |  72.03 | 100.00 |   5.44 |  26.58 |  38.20 |  24.49 |
|        96 |      0 |  96.93 |  59.66 |  54.17 |  14.73 |      0 |  95.59 |  57.37 |  90.56 |  20.23 |      0 | 100.00 |   0.18 |      0 |  35.28 |  59.42 |  12.65 |  74.25 |      0 |  49.95 |  83.57 |  85.37 |      0 |  25.21 |      0 |      0 |  89.20 |  36.90 |  17.80 | 100.00 |  54.62 | 100.00 |  34.92 |  73.68 |  98.27 | 100.00 |      0 |  33.62 |  94.14 |  35.11 |
|       102 | 100.00 |  29.34 |  46.62 |  78.54 |  68.38 |  94.46 |  37.59 |  71.19 |  44.16 |  23.05 |  72.12 | 100.00 |  36.60 |  53.71 |  92.43 | 100.00 | 100.00 |  32.44 |      0 |  54.93 |  81.84 |  88.64 |  88.96 |  53.28 |      0 |  56.90 | 100.00 |  71.48 |  49.53 | 100.00 | 100.00 |  70.87 |   9.96 |  90.83 |  96.88 | 100.00 | 100.00 |  58.12 | 100.00 | 100.00 |
|       108 |  27.86 |  35.91 | 100.00 |  47.29 |  51.96 | 100.00 |  28.63 | 100.00 |  24.26 |   3.36 | 100.00 |  75.66 | 100.00 |  44.24 |  39.57 |  80.90 | 100.00 | 100.00 |  70.95 |  14.27 |   3.36 | 100.00 | 100.00 |  69.28 |  17.85 |  57.31 | 100.00 |  96.15 |  26.37 | 100.00 |  93.50 |   3.01 | 100.00 | 100.00 |  41.63 | 100.00 | 100.00 |  34.61 | 100.00 | 100.00 |
|       114 | 100.00 |  87.12 | 100.00 | 100.00 |  97.50 |  15.57 |  18.74 | 100.00 | 100.00 |  48.00 |   7.42 |  75.60 |  94.14 |  40.92 | 100.00 |  82.09 |      0 |  60.73 |  64.28 |  15.07 |  65.96 |  87.19 | 100.00 |  13.25 | 100.00 | 100.00 |  96.91 | 100.00 | 100.00 |  98.90 |  94.30 | 100.00 |      0 |  93.21 | 100.00 | 100.00 |  48.36 | 100.00 |  99.52 |  72.96 |
|       120 |      0 | 100.00 | 100.00 | 100.00 | 100.00 |  64.29 | 100.00 | 100.00 | 100.00 |  40.21 |  95.81 | 100.00 | 100.00 |  41.25 | 100.00 |  80.25 |  93.20 |  95.94 | 100.00 |  59.38 |  74.92 | 100.00 | 100.00 | 100.00 | 100.00 | 100.00 |  87.25 | 100.00 |  99.76 |  93.25 | 100.00 |  28.27 |  62.16 |  99.65 |  99.16 | 100.00 |  81.66 | 100.00 |  92.81 | 100.00 |
