# variable: Total Cloud Cover
# units: percent
# 
| fcst_hour |      1 |      2 |      3 |      4 |      5 |      6 |      7 |      8 |      9 |     10 |     11 |     12 |     13 |     14 |     15 |     16 |    17 |     18 |     19 |     20 |     21 |     22 |     23 |     24 |     25 |     26 |     27 |     28 |     29 |     30 |     31 |    32 |     33 |     34 |     35 |     36 |    37 |     38 |     39 |     40 |
|         0 |  39.83 |  31.62 |  70.40 |  50.65 |  23.67 |  64.46 |  41.72 |  46.26 |  38.23 |  47.74 |  24.69 |  48.70 |  72.23 |  50.18 |  36.79 |  61.67 | 49.00 |  41.06 |  41.37 |  80.43 |  62.20 |  49.27 |  55.96 |  30.68 |      0 |  50.26 |  32.65 |  59.54 |  51.35 |  30.78 |  27.22 | 70.44 |  43.31 |  82.49 |  89.92 |  60.80 | 51.64 |  44.24 |  63.10 |  89.55 |
|         1 |      0 |   7.32 |  85.44 |  61.73 |  34.01 |  51.39 |  44.50 |  31.52 |  49.29 |  55.15 |  34.22 |  44.25 |  41.89 |  32.38 |   6.45 |  67.57 | 47.39 |  57.91 |  41.85 |  61.59 |  56.38 |  49.06 |  51.30 |  56.59 |   4.47 |  60.65 |  24.80 |  44.57 |  60.90 |   9.46 |  53.05 | 46.45 |  26.98 |  87.04 |  62.47 |  63.23 | 61.71 |  44.19 |  64.75 |  62.94 |
|         2 |   4.33 |   9.46 |  79.52 |  83.59 |  48.98 |  59.01 |  60.28 |  34.66 |  54.06 |  71.93 |  44.94 |  56.52 |  42.60 |  28.34 |  52.02 |  81.87 | 45.24 |  73.48 |  39.40 |  60.10 |  58.88 |  61.10 |  60.57 |  55.09 |  28.12 |  52.40 |  33.01 |  73.61 |  72.27 |   9.12 |  59.08 | 51.94 |  22.22 |  96.46 |  66.67 |  73.18 | 64.70 |  62.21 |  63.75 |  73.82 |
|         3 |  48.64 |   6.46 |  46.22 |  78.82 |  43.44 |  61.57 |  67.51 |   7.12 |  51.28 |  63.54 |  45.65 |  49.55 |  25.47 |  27.75 |  43.23 |  69.77 | 39.56 |  66.27 |  43.29 |  46.33 |  59.54 |  51.49 |  64.16 |  50.52 |  42.41 |  44.34 |  36.82 |  56.08 |  66.29 |  40.81 |  54.13 | 54.73 |   9.76 |  76.03 |  71.12 |  62.85 | 56.69 |  69.76 |  56.46 |  70.01 |
|         4 |  57.25 |   9.65 |   4.61 |  80.79 |  39.14 |  46.51 |  73.33 |      0 |  53.70 |  41.37 |  74.36 |  31.93 |  50.38 |  24.71 |  38.63 |  60.73 | 35.50 |  37.07 |  54.57 |  45.26 |  63.82 |  27.57 |  75.72 |  41.38 |  57.48 |  19.21 |  39.07 |  44.71 |  55.99 |  74.05 |  51.38 | 50.31 |  10.21 |  65.69 |  67.22 |  41.26 | 66.39 |  74.68 |  58.63 |  73.28 |
|         5 |  53.15 |      0 |      0 |  50.75 |  37.09 |  46.45 |  71.49 |   6.94 |  61.12 |  55.85 |  42.21 |      0 |  67.94 |  10.91 |  29.34 |  68.46 | 36.65 |   6.40 |  69.32 |  50.11 |  55.63 |  28.21 |  55.07 |  13.59 |  57.20 |   5.15 |  27.80 |  30.63 |  53.89 |  71.14 |  50.47 | 41.20 |  21.66 |  66.57 |  63.69 |  52.77 | 72.46 |  73.96 |  49.72 |  69.17 |
|         6 |  50.35 |      0 |      0 |  45.55 |  40.05 |      0 |  17.19 |   8.32 |  75.55 |  61.42 |   7.81 |      0 |  45.24 |  25.39 |  37.16 |  67.44 | 36.39 |  15.73 |  72.89 |  40.67 |  54.10 |  42.18 |  38.32 |  36.66 |  52.32 |  36.96 |  27.14 |  40.10 |  73.98 |  56.86 |  46.27 | 39.81 |  21.54 |  71.75 |  50.36 |  69.46 | 69.40 |  74.43 |  47.35 |  62.96 |
|         7 |  31.79 |      0 |      0 |  47.62 |  23.64 |      0 |      0 |      0 |  80.12 |  54.87 |  68.57 |      0 |   7.38 |  17.75 |  31.21 |  56.97 |  8.15 |      0 |  89.52 |  38.32 |  51.30 |  40.70 |  22.45 |  21.64 |  27.16 |  37.26 |      0 |  33.13 |  79.64 |  34.99 |  33.81 | 33.41 |      0 |  24.34 |  36.53 |  74.34 | 48.49 |  73.59 |  38.13 |   5.32 |
|         8 |      0 |      0 |  34.88 |  49.26 |      0 |      0 |      0 |   4.56 |  87.37 |  51.56 |  58.09 |      0 |  41.74 |  12.37 |  71.60 |  61.86 |  6.48 |      0 |  79.70 |  52.27 |  38.66 |  26.76 |  55.23 |      0 |      0 |  55.50 |      0 |  16.60 |  57.25 |   9.98 |  17.54 |     0 |  53.86 |  36.63 |  27.71 |  76.14 | 31.63 |  49.32 |  45.10 |   8.87 |
|         9 |  32.89 |  32.44 |  52.64 |  57.59 |  36.51 |  29.31 |  43.01 |  35.55 |  68.76 |  50.20 |  61.06 |  54.90 |  48.29 |  33.87 |  38.75 |  36.87 | 30.12 |  29.79 |  49.65 |  26.25 |  51.53 |  55.58 |  57.54 |  31.56 |  63.30 |  47.82 |  28.98 |  54.16 |  58.10 |  13.71 |  45.91 | 29.50 |  62.36 |  39.49 |  25.37 |  66.38 | 22.39 |  54.57 |  59.93 |  37.18 |
|        10 |  40.15 |  38.68 |  34.16 |  38.82 |  32.45 |  27.17 |  44.76 |  45.09 |  40.61 |  26.40 |  26.48 |      0 |  38.58 |  39.93 |  29.88 |  65.30 | 30.80 |  28.03 |  29.97 |  24.16 |  24.47 |  25.62 |  11.56 |  38.21 |  46.93 |  36.87 |  32.14 |  22.91 |   4.79 |  33.15 |  26.33 | 36.38 |  36.60 |  39.79 |  27.88 |  11.36 | 15.49 |  32.42 |  25.61 |  30.85 |
|        11 |   8.43 |  26.87 |  33.54 |  37.50 |  41.95 |  27.65 |  33.49 |  27.84 |  20.53 |  27.90 |  36.44 |  12.38 |  32.31 |  29.06 |  24.50 |  27.31 | 38.62 |  44.12 |  56.38 |  30.79 |  44.59 |  35.00 |  41.22 |  32.33 |  25.06 |  17.79 |  24.00 |  37.81 |  44.44 |  34.16 |  23.42 | 34.48 |  33.42 |  43.40 |   8.34 |  37.72 | 36.21 |  39.22 |  15.05 |  32.04 |
|        12 |   2.53 |  32.09 |  22.22 |  44.40 |   5.32 |      0 |  19.07 |  23.54 |  56.83 |  38.21 |  60.18 |  28.07 |   7.20 |   5.29 |  37.75 |  71.07 | 50.69 |  46.74 |  62.78 |  40.70 |  34.37 |  35.56 |  34.23 |  35.56 |  43.65 |  44.66 |  29.67 |  54.49 |  87.48 |  22.75 |  35.88 | 30.51 |   4.95 |  65.84 |  59.34 |  44.48 |  7.20 |  49.44 |  37.20 |      0 |
|        13 |      0 |      0 |  66.07 |  61.14 |  35.42 |      0 |  17.83 |  38.79 |  32.76 |  36.73 |  67.01 |   4.73 |  15.75 |   5.52 |  19.34 |  72.75 | 37.08 |  23.50 |  55.30 |  45.14 |  81.12 |  50.37 |   4.05 |  28.25 |  50.40 |  37.44 |  30.67 |  87.12 |  78.89 |  31.21 |  42.03 | 53.22 |      0 |  69.25 |  76.98 |  22.45 |  7.81 |  71.90 |  39.97 |  35.70 |
|        14 |  63.80 |  11.95 |  65.12 |  56.67 |  66.16 |  11.20 |  49.19 |  35.94 |  72.35 |  87.03 |  54.62 |   1.44 |   8.05 |  87.39 | 100.00 |  72.00 | 79.82 |  60.97 |  51.45 |  61.95 |  62.22 |  47.14 |      0 |  25.16 |  82.77 |  37.42 |  16.67 |  33.13 |  77.63 |  74.44 |  63.62 | 63.07 |  83.12 |  50.51 |  62.32 |  74.73 | 45.82 |  70.70 |  83.10 |  54.13 |
|        15 |  42.40 |  29.94 |  38.02 |  64.28 |  23.93 |   6.26 |  12.45 |  54.98 |  59.35 |  61.39 |  51.08 |  59.64 |   0.58 |  58.01 |  29.23 |  78.10 | 38.79 |  55.82 |  74.35 |  46.81 |  73.00 |  28.04 |  13.75 |  61.07 |  45.64 |  76.07 |  55.97 |  28.45 |  72.42 |  52.38 |  29.55 | 56.88 | 100.00 |  85.53 |  59.58 |  56.73 | 55.81 |  79.99 |  40.97 |  53.24 |
|        16 |  41.14 |  32.59 |  13.71 |  57.62 |  26.31 |      0 |  24.39 |  81.79 |  42.62 |  46.95 |  73.46 |  21.51 |  19.68 |  26.07 |  18.14 |  75.18 | 46.25 |  66.23 |  64.31 |  34.05 |  71.42 |  69.52 |  28.68 |  29.81 |  55.95 |  62.04 |  90.47 |  34.10 |  75.95 |  75.08 |  20.59 | 60.92 |  93.59 |  92.82 |  35.83 |  48.90 | 93.47 |  91.83 |  54.79 |  88.40 |
|        17 |  23.99 |  39.04 |  26.45 |  58.98 |   3.86 |      0 |   4.29 |  70.03 |  23.70 |  29.29 |  57.65 |  20.08 |      0 |      0 |  66.42 |  82.92 | 74.42 |  39.86 |  60.02 |  61.34 |  76.57 |  77.64 |  39.16 |  49.81 |  53.33 |  67.80 | 100.00 |  24.23 |  61.59 |  77.38 |  52.00 | 77.76 |  52.30 |  83.57 |  54.42 |  55.56 | 70.07 |  97.62 |  23.01 | 100.00 |
|        18 |  50.46 |  15.96 |  12.94 |  83.25 |      0 |   6.81 |  60.62 |  90.05 |  43.84 |  29.86 |  69.01 |      0 |  48.38 |  15.64 |  34.02 |  86.32 | 76.05 |  74.58 |  49.90 |  97.10 |  67.98 |  52.16 |  50.35 |  40.28 |  43.51 |  41.36 |  79.61 |      0 | 100.00 |  62.68 |  36.43 | 71.46 |  23.40 |  72.79 |  61.72 |  54.22 | 53.78 |  76.65 |  10.84 | 100.00 |
|        19 |  85.25 |  37.85 |  55.50 |  74.20 |  41.82 |  36.81 |  94.66 |  72.44 |  66.84 |  85.42 |  87.13 |      0 |  56.23 |  36.56 |  60.58 |  95.34 | 83.79 |  98.37 |  76.07 | 100.00 |  43.46 |  62.98 |  44.71 | 100.00 | 100.00 |  60.01 |   8.09 |  35.90 |  85.76 |  56.16 |      0 | 59.45 |  48.13 |  95.79 |  78.94 |  54.66 | 77.09 |  60.81 |   2.45 |  82.93 |
|        20 |  94.33 |  12.54 |  80.97 |  86.88 |  67.18 |  51.19 | 100.00 |  84.77 |  88.48 |  84.37 |  81.21 |      0 |  62.25 |  69.16 |  56.96 |  92.46 | 86.70 | 100.00 |  79.07 | 100.00 |  44.19 |  31.28 |  50.07 |      0 |  83.83 |  64.26 |  25.42 |  73.30 |  84.10 |  69.06 |  43.16 | 50.86 |  54.72 |  97.28 |  87.65 |  54.63 | 24.17 |  55.56 |  15.30 |  19.57 |
|        21 |  87.79 |  22.31 |  93.22 |  93.32 |  74.99 |  71.82 |  77.24 |  65.40 |  90.46 |  93.72 |  89.00 |      0 |  70.36 |  56.55 |  21.95 |  88.21 | 43.15 |  98.86 |  90.84 |  94.98 |  72.72 |  25.49 |  60.08 |  51.15 |  52.37 |  63.81 |  41.35 |  79.89 |  97.25 |  73.19 |  46.00 | 75.44 |  51.34 | 100.00 |  98.29 |  58.77 |     0 |  49.35 |  14.55 |  20.38 |
|        22 | 100.00 |  37.25 |  93.39 | 100.00 |  74.38 |  70.45 | 100.00 |  83.57 | 100.00 |  93.99 |  99.57 |      0 | 100.00 |  71.27 |  40.78 |  91.03 | 46.71 |  99.95 |  89.21 |  93.86 |  86.17 |  74.96 |  22.61 |  49.45 |  47.43 |  53.22 |  57.12 |  81.58 |  97.59 |  84.13 |  75.48 | 75.96 |  57.16 | 100.00 |  93.21 |  72.89 | 16.70 |  71.65 |  38.72 |  42.74 |
|        23 | 100.00 |  38.48 | 100.00 |  99.18 |  70.71 |  91.11 | 100.00 |  82.13 |  99.78 |  92.34 |  98.13 |      0 | 100.00 |  78.86 |  74.99 |  93.70 | 53.06 |  94.92 |  88.04 |  97.23 |  80.42 |  89.05 |      0 |  48.03 |  45.71 |  57.70 |  66.03 |  83.31 |  94.83 |  87.40 |  86.93 | 75.47 |  47.12 |  96.43 |  93.11 |  86.39 | 14.17 |  75.00 |  77.37 |  57.92 |
|        24 |  95.04 |  27.89 | 100.00 |  92.34 |  69.70 |  93.37 | 100.00 |  78.24 |  90.82 |  82.53 |  98.89 |   4.68 | 100.00 |  85.79 |  56.66 |  91.94 | 46.54 |  90.21 |  81.92 |  96.47 |  87.88 |  88.17 |      0 |  51.94 |  32.28 |  77.17 |  67.64 |  85.61 |  93.73 |  94.43 |  83.82 | 68.93 |  55.46 |  86.26 | 100.00 |  86.30 | 40.23 |  71.30 |  93.62 |  66.37 |
|        25 |  84.13 |  12.43 | 100.00 |  83.90 |  67.21 |  86.98 | 100.00 |  89.34 |  82.19 |  88.88 |  84.68 |      0 | 100.00 |  85.08 |  41.68 |  81.51 | 39.29 |  76.64 |  52.20 |  99.85 |  89.29 |  73.04 |      0 |  57.77 |      0 |  83.31 |  70.84 |  91.89 |  99.34 |  89.92 |  90.29 | 77.80 |  59.73 |  81.77 |  98.78 |  87.57 | 75.69 |  59.62 |  97.20 |  69.53 |
|        26 |  90.20 |  24.54 |  99.92 |  94.87 |  77.58 |  89.11 |  96.56 |  93.93 |  93.70 |  87.77 |  88.53 |   4.29 |  88.10 |  77.24 |  38.96 |  88.21 | 50.00 |  81.53 |  39.34 | 100.00 |  82.60 |  78.24 |   6.45 |  55.79 |   6.93 |  93.64 |  73.34 |  91.27 | 100.00 |  79.06 |  89.05 | 91.60 |  53.52 |  80.85 |  87.63 |  88.85 | 89.84 |  75.76 |  97.92 |  74.94 |
|        27 |  87.94 |  35.45 |  93.99 |  96.39 |  79.29 |  83.82 |  92.99 |  92.38 |  81.00 |  68.63 |  60.64 |  21.97 |  96.95 |  78.41 |  57.95 |  76.10 | 56.53 |  72.80 |  40.63 |  98.24 |  90.18 |  86.55 |  12.61 |  74.97 |  25.45 |  93.73 |  76.55 |  93.99 |  96.99 |  91.65 |  88.63 | 91.00 |  42.13 |  80.39 |  84.98 |  84.96 | 89.72 |  62.50 |  98.16 |  79.65 |
|        28 |  92.96 |  48.05 | 100.00 |  93.20 | 100.00 |  91.15 |  87.09 |  91.96 | 100.00 |  95.53 | 100.00 |  31.34 |  96.15 |  99.32 |  56.52 |  94.91 | 60.89 |  91.31 |  46.37 |  97.54 |  89.70 | 100.00 |  12.78 |  91.40 |  10.22 |  89.03 |  92.77 |  88.75 |  94.25 | 100.00 |  93.48 | 87.81 |  43.98 |  97.92 |  84.18 |  84.49 | 79.37 |  62.71 |  95.26 |  69.70 |
|        29 |  95.43 |  53.36 |  70.52 |  84.56 |  81.47 |  91.34 |  93.36 |  92.29 | 100.00 | 100.00 | 100.00 |  34.84 |  89.80 |  95.95 |  50.32 |  77.87 | 65.35 |  98.73 |  62.48 |  79.46 | 100.00 | 100.00 |   7.57 |  91.03 |  10.00 |  80.94 | 100.00 |  90.64 |  99.18 |  93.31 |  92.38 | 69.67 |  33.41 | 100.00 |  82.06 |  67.03 | 76.46 |  81.41 |  89.80 |  66.68 |
|        30 |  90.70 |  56.99 |  82.90 | 100.00 |  99.21 |  76.09 |  86.32 |  98.12 | 100.00 |  64.55 | 100.00 |  40.65 |  69.50 |  85.46 |  32.89 |  79.39 | 74.77 |  91.65 |  53.77 |  78.62 |  91.94 | 100.00 |  17.86 |  91.43 |  27.89 |  71.25 |  78.80 | 100.00 |  90.13 |  93.09 |  91.02 | 70.42 |  41.86 |  76.13 |  76.53 |  56.08 | 66.01 |  81.42 |  93.78 |  65.44 |
|        31 | 100.00 |  70.18 |  73.89 | 100.00 |  70.45 |  83.76 | 100.00 |  98.80 | 100.00 |  72.21 |  53.77 | 100.00 |  49.81 |  79.20 |   6.42 |  77.65 | 71.70 |  88.54 |  38.38 |  71.54 |  90.42 | 100.00 |  26.00 |  91.59 |  45.51 |  63.21 |  75.13 | 100.00 |  97.42 |  94.70 |  92.92 | 71.61 |  44.89 |  70.84 |  86.38 |  62.50 | 57.89 |  70.56 |  98.56 |  62.55 |
|        32 |  86.48 |  56.75 |  47.78 | 100.00 |  47.14 |  88.30 |  55.47 |  80.03 |  93.50 |  72.55 |  54.61 | 100.00 |  42.03 |  66.95 |  10.39 |  64.06 | 71.59 |  74.35 |  30.11 |  88.27 |  78.97 | 100.00 |  18.05 |  58.26 |  53.78 |  55.08 |  77.29 |  76.84 |  86.95 |  92.81 | 100.00 | 60.24 |  56.93 |  75.98 |  82.62 |  64.07 | 52.00 |  57.82 |  72.42 |  57.22 |
|        33 |  80.68 |  45.43 |  35.45 |  99.87 |  39.58 |  73.51 |  58.45 |  88.76 |  79.23 |  78.29 |  51.92 | 100.00 |  37.05 |  62.96 |  14.06 |  57.56 | 49.11 |  64.12 |  22.40 |  87.57 |  58.51 |  87.93 |      0 |  21.64 |  51.96 |  37.79 |  66.15 |  53.21 |  77.74 |  86.25 |  19.09 | 52.67 |  53.86 |  74.87 |  99.65 |  62.94 | 43.30 |  45.12 |  63.52 |  74.78 |
|        34 |  68.57 |  40.35 |  33.29 |  87.57 |  27.77 |  59.90 |  47.65 |  72.00 |  74.64 |  55.31 |  53.33 |   3.57 |  34.23 |  53.68 |      0 |  35.23 | 38.86 |  54.04 |  11.83 |  60.58 |  37.38 |  43.77 |      0 |   6.50 |  42.52 |  24.07 |  43.75 |  47.54 |  87.74 |  62.64 |  10.47 | 51.78 |  52.65 |  62.42 |  69.86 |  52.42 | 30.99 |  38.82 |  48.79 |  54.58 |
|        35 |  68.79 |  44.29 |  29.45 |  92.41 |  17.38 |  40.08 |  72.37 |  76.94 |  54.52 |  57.60 |  90.97 |   2.04 |  36.24 |  31.66 |  53.26 |  43.30 | 59.93 |  52.91 |  57.68 |  94.61 |  62.00 |  18.68 |  53.70 |  64.27 |  36.56 |  18.42 |  39.22 |  81.78 |  88.57 |  69.17 |      0 | 79.16 |  58.00 |  48.85 |  56.84 |  46.65 | 78.19 |  36.61 |  78.98 |  27.98 |
|        36 |  74.10 |  49.34 |  31.81 |  69.15 |  59.81 |  75.16 |  65.52 |  76.92 |  73.90 |  72.14 |  64.00 |      0 |  65.45 |  47.70 |  47.66 |  38.31 | 32.97 |  42.26 |  70.92 |  64.82 |  56.04 |  65.62 |  44.88 |  61.15 |  54.04 |  19.29 |  59.70 |  91.67 |  91.46 |  67.53 |  67.21 | 83.25 |  52.76 |  67.84 |  62.89 |  67.21 | 51.21 |  64.02 |  64.45 |  27.35 |
|        37 |  77.38 |  39.45 |  68.17 |  78.27 |  56.55 |  70.00 |  16.35 |  85.56 |  59.83 |  62.64 |  51.07 |      0 |  77.03 |  65.66 |  60.85 |  34.86 | 32.11 |  27.33 |  45.88 |  32.62 |  59.62 |  64.56 |  41.00 |  40.83 |  30.90 |  66.02 |  63.89 |  45.29 |  99.23 |  49.11 |  69.69 | 44.68 |  71.85 |  53.97 |  77.09 |  71.85 | 46.05 |  65.72 |  79.45 |   3.97 |
|        38 |  25.96 |  34.42 |  57.28 |  25.41 |      0 |  52.83 |      0 |  34.10 |  19.60 |  19.74 |  32.47 |      0 |  74.04 |  28.92 |  63.51 |  27.27 |     0 |      0 |  23.42 |  47.50 |   7.17 |  17.70 |  46.42 |  29.05 |      0 |  61.17 |  53.95 |      0 |  97.12 |  46.50 |  26.88 | 32.52 |  51.52 |  72.73 |  44.07 |  44.78 | 27.46 |   6.38 |  49.32 |   6.48 |
|        39 |  19.08 |  35.60 |  51.54 |  24.50 |      0 |   7.92 |  27.60 |  26.89 |      0 |   0.56 |  29.99 |      0 |  36.38 |      0 |   9.13 |  11.68 |     0 |      0 |      0 |  14.90 |      0 |      0 |  46.61 |   6.14 |      0 |  57.56 |  44.83 |   4.67 |  94.44 |  28.52 |      0 | 22.76 |  47.99 |  56.95 |  35.96 |  31.69 |     0 |      0 |  19.59 |      0 |
|        40 |  30.73 |  34.13 |  26.72 |  27.15 |      0 |      0 |  10.65 |   5.54 |      0 |   0.79 |  38.89 |      0 |   5.18 |      0 |      0 |      0 |     0 |      0 |      0 |      0 |      0 |   3.54 |  37.35 |      0 |      0 |  20.57 |  44.50 |  22.27 |  87.42 |  22.88 |      0 | 14.77 |      0 |  32.17 |  31.21 |  29.69 |     0 |      0 |   5.78 |      0 |
|        41 |  23.76 |   4.05 |      0 |  36.64 |      0 |      0 |      0 |      0 |      0 |   0.22 |  10.29 |      0 |      0 |      0 |      0 |      0 |     0 |      0 |      0 |      0 |      0 |      0 |  10.46 |  65.18 |      0 |      0 | 100.00 |      0 |  48.74 |  11.15 |      0 |     0 |      0 |  16.12 |  25.97 |  13.44 |     0 |      0 |      0 |      0 |
|        42 |      0 |   2.38 |      0 |  36.49 |      0 |      0 |      0 |      0 |  37.96 |      0 |      0 |      0 |      0 |      0 |      0 |      0 |     0 |      0 |      0 |      0 |      0 |      0 |      0 | 100.00 |      0 |      0 | 100.00 |      0 |   9.85 |   3.80 |      0 |     0 |      0 |  27.07 |      0 |      0 |  4.60 |   9.86 |      0 |      0 |
|        43 |      0 |   1.43 |      0 |  34.71 |      0 |      0 |      0 |      0 |  47.61 |      0 |      0 |      0 |      0 |      0 |      0 |      0 |     0 |      0 |      0 |      0 |  18.70 |      0 |      0 | 100.00 |      0 |      0 |  50.07 |      0 |      0 |      0 |   5.77 |     0 |      0 |  18.12 |      0 |      0 | 27.12 |   7.29 |      0 |   8.34 |
|        44 |      0 |      0 |      0 |  20.27 |      0 |      0 |      0 |      0 |  56.68 |      0 |      0 |      0 |      0 |      0 |      0 |  18.51 | 19.70 |      0 |      0 |      0 |  33.63 |      0 |      0 |  71.22 |  14.89 |      0 |   0.13 |      0 |      0 |      0 |  29.18 |  5.21 |      0 |   0.80 |  35.62 |      0 | 44.98 |  35.79 |   0.04 |  37.34 |
|        45 |      0 |   4.06 |      0 |      0 |      0 |   1.86 |      0 |      0 |  59.83 |      0 |      0 |      0 |      0 |      0 |      0 |  12.56 | 24.26 |      0 |   8.27 |      0 |  33.31 |      0 |      0 |      0 |  26.47 |      0 |      0 |      0 |      0 |      0 |  42.38 | 37.43 |      0 |   4.42 |  44.49 |      0 | 53.18 |  50.01 |      0 |  46.98 |
|        46 |      0 |      0 |      0 |  24.87 |      0 |   1.75 |      0 |      0 |  60.04 |  33.67 |  30.26 |      0 |  17.01 |      0 |      0 |   6.21 | 27.60 |      0 |  34.43 |      0 |  32.43 |      0 |      0 |  31.82 |  28.99 |   7.12 |  13.62 |      0 |  46.80 |      0 |  51.56 | 43.73 |      0 |  34.68 |  45.28 |  40.31 | 53.87 |  59.09 |  36.86 |  51.30 |
|        47 |  25.49 |      0 |  24.07 |  43.17 |      0 |  43.39 |      0 |      0 |  58.60 |  44.10 |  41.96 |      0 |  33.48 |      0 |      0 |      0 | 33.30 |      0 |  29.91 |      0 |  39.27 |      0 |      0 |      0 |  33.46 |  19.14 |  25.98 |      0 |  54.05 |      0 |  53.14 | 46.72 |      0 | 100.00 |  50.45 |  52.80 | 55.76 |  62.23 |  57.15 |  53.52 |
|        48 |  48.34 |      0 |  44.23 |  44.61 |      0 |  23.42 |      0 |      0 |  55.64 |  46.11 |  43.48 |      0 |  35.60 |   6.19 |      0 |      0 | 36.86 |   4.84 |  17.77 |      0 |  41.51 |      0 |      0 |      0 |  34.89 |  22.00 |  25.77 |      0 |  56.01 |      0 |  51.47 | 49.11 |      0 |  72.21 |  50.42 |  55.18 | 55.83 |  62.72 |  76.72 |  50.80 |
|        51 |  52.89 |      0 |  49.29 |  27.23 |      0 |  25.56 |  12.25 |  40.78 |  50.99 |  55.81 |  48.63 |      0 |  38.28 |   9.91 |      0 |  30.60 | 40.50 |  49.92 |  37.61 |      0 |  43.94 |   0.09 |      0 |      0 |  43.02 |  14.29 |  33.35 |  99.42 |  48.12 |      0 |  49.29 | 52.91 |      0 | 100.00 |  58.78 |  55.31 | 54.51 |  59.08 | 100.00 |  49.26 |
|        54 |  52.80 |      0 |  50.10 |  23.55 |      0 |      0 |  11.05 |  45.40 |  48.54 |  67.46 |  84.17 |      0 |  29.94 |  31.34 |      0 |  58.40 | 46.75 |  61.47 |  67.91 |      0 |  42.00 |      0 |      0 |  11.37 |  60.29 |  56.24 |  37.80 |      0 |  35.08 |      0 |  53.81 | 54.73 |      0 |   5.35 |  62.62 |  54.18 | 58.74 |  60.99 |  93.77 |  52.37 |
|        57 |      0 |      0 |      0 |      0 |      0 |   2.81 |      0 |      0 |      0 |      0 |   0.99 |      0 |   1.07 |      0 |      0 |      0 |     0 |      0 |      0 |      0 |      0 |      0 |      0 |      0 |      0 |      0 |      0 |   0.89 |      0 |      0 |      0 |     0 |      0 |      0 |      0 |      0 |     0 |      0 |  39.05 |      0 |
|        60 |      0 |      0 |      0 |      0 |      0 |   1.89 |      0 |      0 |      0 |      0 |      0 |      0 |   1.87 |      0 |      0 |  29.29 |     0 |      0 |      0 |      0 |      0 |      0 |      0 |      0 |      0 |      0 |      0 |      0 |      0 |      0 |      0 |     0 |      0 |   1.86 |      0 |      0 |     0 |   0.34 |  62.21 |      0 |
|        63 |      0 |      0 |      0 |      0 |      0 |      0 |      0 |      0 |      0 |      0 |      0 |      0 |      0 |      0 |      0 |      0 |     0 |      0 |      0 |      0 |      0 |      0 |      0 |      0 |      0 |      0 |      0 |      0 |      0 |      0 |      0 |     0 |      0 |      0 |      0 |      0 |     0 |      0 |      0 |      0 |
|        66 |      0 |      0 |      0 |      0 |      0 |      0 |      0 |      0 |  47.12 |      0 |   5.42 |      0 |      0 |      0 |      0 |      0 |     0 |   0.18 |      0 |      0 |   3.81 |      0 |      0 |      0 |      0 |      0 |      0 |      0 |      0 |      0 |      0 |     0 |      0 |      0 |      0 |      0 |     0 |      0 |  20.45 |      0 |
|        69 |      0 |      0 |  71.86 |  70.31 |  26.81 |      0 |      0 |  60.94 |  70.84 |  26.87 |  89.20 |      0 |  97.45 |  42.15 |      0 |  74.22 | 67.56 |  76.91 | 100.00 |      0 | 100.00 |      0 |      0 |      0 | 100.00 |      0 |  68.72 |      0 |      0 |      0 | 100.00 | 32.72 |      0 |      0 |      0 |      0 | 60.75 |  70.67 |  32.27 |  54.06 |
|        72 |  66.09 |      0 |  60.80 |  56.90 |  53.01 |      0 |      0 |      0 |  79.39 |  55.96 | 100.00 | 100.00 |  82.42 |  64.57 |      0 |  93.92 | 72.29 |  76.45 | 100.00 |      0 |  67.92 |      0 |      0 |  67.56 |  72.65 | 100.00 |  68.81 |      0 |  67.29 |      0 | 100.00 | 69.70 |      0 |      0 |  59.43 |  59.08 | 79.90 |  68.76 |  65.38 |  83.68 |
|        78 |  67.96 |  62.10 | 100.00 |  66.92 |  61.72 |  35.14 | 100.00 |      0 |  47.41 |  67.92 | 100.00 | 100.00 | 100.00 | 100.00 |  87.52 |  85.20 | 62.65 |  82.06 | 100.00 |  58.35 |  90.20 |  69.72 |      0 |  68.49 |  78.09 | 100.00 |  60.98 |  71.23 |  71.52 |  63.59 | 100.00 | 69.07 | 100.00 |  99.55 |  68.60 |  79.24 | 92.69 |  64.83 |  65.26 |  61.94 |
|        84 |      0 |      0 |  34.20 |  51.16 |  79.82 |  99.17 |      0 |      0 |  74.89 | 100.00 |      0 |      0 |   0.43 |   9.13 |  90.71 |  66.40 |     0 | 100.00 |  54.95 |  97.10 | 100.00 |      0 |   1.13 |      0 | 100.00 |   0.28 |      0 |  22.08 |      0 |   0.55 |      0 |     0 |  67.98 |  97.97 |  30.74 | 100.00 | 82.96 |  17.83 |  81.04 |  99.42 |
|        90 |  64.04 | 100.00 |  81.75 | 100.00 | 100.00 |      0 |   9.82 |  91.61 | 100.00 |  92.60 |      0 |  53.08 |  82.38 | 100.00 | 100.00 | 100.00 | 98.28 |  93.46 | 100.00 | 100.00 |  97.71 |      0 | 100.00 |      0 | 100.00 | 100.00 | 100.00 | 100.00 |      0 |  67.09 |      0 | 75.81 | 100.00 | 100.00 | 100.00 |  82.17 | 92.71 | 100.00 |  90.46 |  72.00 |
|        96 |  60.75 |  75.96 |  79.67 |  70.69 | 100.00 | 100.00 | 100.00 | 100.00 | 100.00 |  43.02 |  76.46 |  97.35 |  66.38 |  59.84 |  66.20 |  99.77 | 61.77 |  97.50 |  83.02 |  87.00 | 100.00 |  61.71 | 100.00 |  76.33 | 100.00 |  70.79 |  97.05 | 100.00 |  94.26 |  23.67 | 100.00 | 96.07 |  68.28 |  84.15 |  59.84 |  97.26 | 96.04 | 100.00 | 100.00 |  90.86 |
|       102 | 100.00 |  87.35 |  83.12 | 100.00 |  91.00 |  76.77 |  92.91 |  74.12 |  52.21 |  92.25 |  98.31 |  91.13 |  91.78 |  93.76 |  70.45 |  95.90 | 92.39 | 100.00 |  99.06 |  39.01 |  81.29 |  65.00 | 100.00 |  99.05 |  67.15 |  95.14 |  92.53 | 100.00 |  21.85 |  73.31 | 100.00 | 99.67 |  60.62 |  83.44 |  52.78 |  88.16 | 98.23 |  99.14 |  69.00 | 100.00 |
|       108 |  41.48 |  49.25 |  83.10 |  50.48 |  63.85 | 100.00 |  17.07 |  97.31 |  95.76 |  51.48 |  98.64 |  91.82 | 100.00 |  16.70 | 100.00 |  73.94 | 72.71 | 100.00 |  75.13 |   1.85 |  85.03 |  61.32 |  12.78 |  92.63 |  34.58 |  97.15 |  67.07 |  86.55 |  89.11 |  87.88 |  94.38 | 81.37 |      0 |  43.67 |  27.53 |  59.84 | 68.74 |  78.36 |  94.01 |  89.48 |
|       114 |  78.70 |  53.56 |  26.73 |  52.95 |      0 | 100.00 |  39.56 | 100.00 |  53.61 |  50.67 |  87.55 |  69.52 |  54.05 |  99.33 |  98.10 |  65.70 | 52.70 |  40.72 |      0 |  14.59 |  53.81 |  52.71 |  17.65 | 100.00 |      0 |  99.11 |  36.99 |  94.32 |  71.96 |  69.05 |  74.01 | 51.52 | 100.00 |  30.50 |  59.20 |  47.07 | 10.54 |  54.21 | 100.00 |  17.35 |
|       120 |  88.68 |  69.84 |  53.91 |  55.83 |  23.10 |  98.05 |  95.26 |  65.78 |  57.09 |  77.65 |  41.73 |  51.56 |  79.79 | 100.00 |  99.01 |  52.72 | 60.97 |  65.96 | 100.00 |  95.97 |  12.21 |  63.25 |  18.31 |  88.39 |  66.06 |  95.05 |  67.22 |  77.51 |  96.71 |  92.51 |  68.49 | 83.21 | 100.00 |      0 |  75.10 |  54.85 | 65.51 | 100.00 |  11.02 |  85.81 |
