# variable: Temperature at 850hPa
# units: degree celsius
# 
| fcst_hour |     1 |     2 |     3 |     4 |     5 |     6 |     7 |     8 |     9 |    10 |    11 |    12 |    13 |    14 |    15 |    16 |    17 |    18 |    19 |    20 |    21 |    22 |    23 |    24 |    25 |    26 |    27 |    28 |    29 |    30 |    31 |    32 |    33 |    34 |    35 |    36 |    37 |    38 |    39 |    40 |
|         0 | 10.08 |  9.78 |  9.92 | 10.38 | 10.42 | 10.06 | 10.16 |  9.65 |  9.99 | 10.60 |  9.98 | 10.03 |  9.98 | 10.10 |  9.89 | 10.10 | 10.97 | 10.80 | 10.93 | 11.16 |  9.47 |  9.95 | 10.69 | 10.50 | 10.14 | 11.06 | 10.87 |  9.98 |  9.95 | 10.31 |  9.28 |  9.95 | 10.18 |  9.49 | 10.36 | 10.65 |  9.93 | 10.30 | 10.19 | 10.07 |
|         1 | 10.07 |  9.74 |  9.89 | 10.29 | 10.39 | 10.02 | 10.08 |  9.60 | 10.05 | 10.65 |  9.95 |  9.91 |  9.86 | 10.02 |  9.80 |  9.96 | 10.85 | 10.70 | 10.88 | 11.18 |  9.34 |  9.98 | 10.61 | 10.55 | 10.03 | 11.05 | 10.74 | 10.00 |  9.96 | 10.27 |  9.12 | 10.04 |  9.99 |  9.44 | 10.32 | 10.68 |  9.89 | 10.27 | 10.12 | 10.07 |
|         2 | 10.00 |  9.88 |  9.75 | 10.31 | 10.30 |  9.99 |  9.93 |  9.73 |  9.96 | 10.68 | 10.12 |  9.92 |  9.76 |  9.95 |  9.86 | 10.02 | 10.80 | 10.65 | 10.74 | 11.12 |  9.30 | 10.08 | 10.67 | 10.48 |  9.85 | 11.04 | 10.58 |  9.99 |  9.99 | 10.12 |  9.11 | 10.09 |  9.95 |  9.50 | 10.23 | 10.70 |  9.76 | 10.21 | 10.05 |  9.97 |
|         3 | 10.04 |  9.93 |  9.69 | 10.33 | 10.25 |  9.94 |  9.79 |  9.75 |  9.88 | 10.69 | 10.20 |  9.93 |  9.66 |  9.90 |  9.88 |  9.95 | 10.67 | 10.60 | 10.62 | 10.97 |  9.23 | 10.04 | 10.72 | 10.44 |  9.68 | 11.03 | 10.49 | 10.14 | 10.02 |  9.98 |  9.17 | 10.09 | 10.00 |  9.45 | 10.08 | 10.66 |  9.85 | 10.21 | 10.05 |  9.77 |
|         4 | 10.01 |  9.92 |  9.52 | 10.30 | 10.30 |  9.88 |  9.67 |  9.73 |  9.74 | 10.61 | 10.22 |  9.90 |  9.59 |  9.91 |  9.90 |  9.73 | 10.56 | 10.66 | 10.56 | 10.83 |  9.16 | 10.06 | 10.76 | 10.42 |  9.57 | 11.01 | 10.47 | 10.07 |  9.94 |  9.91 |  9.21 | 10.03 | 10.08 |  9.42 |  9.94 | 10.63 |  9.97 | 10.21 | 10.11 |  9.60 |
|         5 | 10.09 |  9.97 |  9.47 | 10.29 | 10.40 |  9.96 |  9.59 |  9.70 |  9.71 | 10.55 | 10.30 |  9.92 |  9.59 |  9.93 |  9.89 |  9.70 | 10.48 | 10.73 | 10.57 | 10.75 |  9.08 | 10.14 | 10.79 | 10.44 |  9.58 | 10.99 | 10.49 | 10.02 |  9.97 |  9.87 |  9.26 |  9.94 | 10.20 |  9.30 |  9.86 | 10.61 | 10.10 | 10.24 | 10.25 |  9.48 |
|         6 | 10.26 | 10.00 |  9.56 | 10.28 | 10.52 | 10.12 |  9.55 |  9.72 |  9.65 | 10.60 | 10.36 | 10.06 |  9.67 |  9.96 |  9.93 |  9.88 | 10.48 | 10.74 | 10.57 | 10.71 |  9.06 | 10.14 | 10.87 | 10.59 |  9.76 | 11.11 | 10.61 |  9.96 | 10.03 |  9.83 |  9.39 |  9.89 | 10.30 |  9.14 |  9.77 | 10.59 | 10.21 | 10.27 | 10.51 |  9.35 |
|         7 | 10.50 | 10.03 |  9.65 | 10.27 | 10.66 | 10.34 |  9.59 |  9.94 |  9.70 | 10.64 | 10.41 | 10.37 |  9.82 | 10.03 | 10.01 |  9.97 | 10.63 | 10.66 | 10.68 | 10.68 |  9.15 | 10.33 | 11.11 | 10.67 | 10.02 | 11.33 | 10.76 |  9.93 | 10.06 |  9.86 |  9.58 |  9.95 | 10.43 |  9.12 |  9.81 | 10.67 | 10.31 | 10.46 | 10.78 |  9.39 |
|         8 | 10.70 | 10.13 |  9.94 | 10.28 | 10.80 | 10.54 |  9.71 | 10.33 |  9.87 | 10.75 | 10.55 | 10.59 |  9.96 | 10.15 | 10.16 | 10.12 | 10.81 | 10.61 | 10.80 | 10.75 |  9.36 | 10.52 | 11.35 | 10.66 | 10.21 | 11.49 | 10.95 |  9.93 | 10.16 | 10.08 |  9.81 | 10.17 | 10.54 |  9.23 |  9.98 | 10.80 | 10.43 | 10.66 | 10.96 |  9.56 |
|         9 | 10.90 | 10.20 | 10.30 | 10.32 | 10.97 | 10.66 |  9.86 | 10.58 | 10.19 | 10.86 | 10.71 | 10.66 | 10.13 | 10.21 | 10.44 | 10.28 | 10.93 | 10.63 | 10.99 | 10.94 |  9.70 | 10.70 | 11.54 | 10.67 | 10.41 | 11.64 | 11.23 | 10.07 | 10.27 | 10.38 | 10.07 | 10.54 | 10.61 |  9.61 | 10.26 | 11.01 | 10.51 | 10.87 | 11.08 |  9.91 |
|        10 | 11.08 | 10.34 | 10.58 | 10.40 | 11.16 | 10.78 | 10.12 | 10.67 | 10.56 | 10.98 | 10.81 | 10.75 | 10.33 | 10.34 | 10.72 | 10.60 | 11.07 | 10.70 | 11.18 | 11.15 | 10.13 | 10.81 | 11.68 | 10.73 | 10.67 | 11.85 | 11.45 | 10.33 | 10.34 | 10.58 | 10.37 | 10.93 | 10.66 | 10.14 | 10.55 | 11.21 | 10.67 | 11.01 | 11.19 | 10.31 |
|        11 | 11.24 | 10.62 | 10.85 | 10.58 | 11.41 | 10.89 | 10.45 | 10.76 | 10.94 | 11.15 | 10.95 | 10.87 | 10.47 | 10.57 | 10.99 | 10.95 | 11.25 | 10.92 | 11.30 | 11.33 | 10.47 | 10.94 | 11.85 | 10.90 | 10.99 | 11.99 | 11.66 | 10.63 | 10.52 | 10.83 | 10.59 | 11.23 | 10.80 | 10.62 | 10.89 | 11.48 | 10.94 | 11.12 | 11.33 | 10.76 |
|        12 | 11.46 | 11.00 | 11.09 | 10.88 | 11.77 | 11.01 | 10.77 | 10.97 | 11.24 | 11.41 | 11.10 | 11.07 | 10.72 | 10.95 | 11.30 | 11.24 | 11.54 | 11.22 | 11.42 | 11.52 | 10.84 | 11.09 | 12.11 | 11.18 | 11.37 | 12.19 | 11.90 | 10.96 | 10.85 | 11.11 | 10.78 | 11.55 | 11.01 | 10.85 | 11.23 | 11.82 | 11.25 | 11.33 | 11.54 | 11.13 |
|        13 | 11.77 | 11.37 | 11.39 | 11.25 | 12.09 | 11.16 | 11.18 | 11.27 | 11.53 | 11.78 | 11.35 | 11.36 | 11.08 | 11.26 | 11.57 | 11.46 | 11.93 | 11.61 | 11.65 | 11.69 | 11.22 | 11.36 | 12.37 | 11.40 | 11.68 | 12.45 | 12.24 | 11.27 | 11.11 | 11.25 | 11.11 | 11.87 | 11.26 | 10.92 | 11.59 | 12.19 | 11.54 | 11.51 | 11.88 | 11.43 |
|        14 | 12.03 | 11.63 | 11.63 | 11.50 | 12.39 | 11.40 | 11.57 | 11.53 | 11.77 | 12.13 | 11.62 | 11.66 | 11.47 | 11.49 | 11.78 | 11.60 | 12.24 | 11.97 | 11.94 | 11.87 | 11.41 | 11.68 | 12.50 | 11.70 | 11.72 | 12.71 | 12.61 | 11.59 | 11.27 | 11.28 | 11.43 | 12.11 | 11.54 | 11.08 | 11.91 | 12.43 | 11.78 | 11.83 | 12.26 | 11.60 |
|        15 | 12.48 | 11.75 | 11.81 | 11.89 | 12.54 | 11.69 | 11.93 | 11.75 | 11.92 | 12.58 | 11.91 | 11.90 | 11.92 | 11.67 | 12.00 | 11.69 | 12.46 | 12.30 | 12.29 | 12.17 | 11.49 | 12.06 | 12.53 | 11.89 | 11.81 | 13.15 | 12.84 | 11.87 | 11.73 | 11.50 | 11.64 | 12.20 | 11.79 | 11.43 | 12.15 | 12.42 | 12.08 | 12.14 | 12.51 | 11.76 |
|        16 | 12.95 | 11.88 | 12.07 | 12.26 | 12.78 | 12.12 | 12.20 | 12.15 | 12.23 | 13.02 | 12.18 | 12.09 | 12.14 | 11.95 | 12.22 | 11.84 | 12.61 | 12.75 | 12.62 | 12.56 | 11.75 | 12.49 | 12.67 | 12.23 | 12.18 | 13.56 | 13.00 | 12.30 | 12.44 | 11.84 | 11.68 | 12.37 | 12.10 | 11.79 | 12.51 | 12.53 | 12.41 | 12.47 | 12.96 | 12.08 |
|        17 | 13.09 | 12.02 | 12.34 | 12.49 | 13.08 | 12.55 | 12.34 | 12.58 | 12.47 | 13.14 | 12.51 | 12.50 | 12.18 | 12.25 | 12.37 | 11.84 | 12.80 | 13.08 | 12.83 | 12.84 | 12.17 | 12.62 | 12.74 | 12.49 | 12.60 | 13.76 | 13.20 | 12.64 | 12.61 | 11.93 | 11.92 | 12.52 | 12.42 | 11.93 | 12.87 | 12.79 | 12.60 | 12.89 | 13.35 | 12.46 |
|        18 | 13.08 | 12.33 | 12.49 | 12.60 | 13.22 | 12.74 | 12.54 | 12.83 | 12.53 | 13.12 | 12.83 | 12.75 | 12.30 | 12.34 | 12.60 | 11.66 | 13.04 | 13.22 | 13.02 | 12.81 | 12.46 | 12.64 | 12.74 | 12.70 | 12.83 | 13.88 | 13.29 | 12.66 | 12.60 | 12.03 | 12.12 | 12.65 | 12.64 | 11.87 | 13.06 | 12.94 | 12.67 | 13.23 | 13.42 | 12.76 |
|        19 | 13.13 | 12.77 | 12.71 | 12.67 | 13.36 | 12.90 | 12.87 | 13.04 | 12.80 | 13.23 | 13.11 | 12.94 | 12.51 | 12.53 | 12.93 | 11.76 | 13.23 | 13.40 | 13.17 | 12.95 | 12.63 | 13.03 | 12.96 | 12.91 | 12.97 | 13.93 | 13.41 | 12.72 | 12.86 | 12.28 | 12.40 | 12.91 | 12.73 | 12.06 | 13.20 | 13.13 | 12.85 | 13.28 | 13.50 | 12.86 |
|        20 | 13.34 | 13.10 | 12.90 | 12.82 | 13.62 | 13.13 | 13.17 | 13.16 | 12.97 | 13.49 | 13.20 | 13.22 | 12.78 | 12.78 | 13.22 | 12.04 | 13.30 | 13.54 | 13.34 | 13.14 | 12.64 | 13.52 | 13.26 | 13.14 | 13.13 | 13.99 | 13.58 | 12.84 | 13.32 | 12.56 | 12.62 | 13.14 | 12.83 | 12.43 | 13.31 | 13.37 | 13.17 | 13.50 | 13.63 | 13.08 |
|        21 | 13.53 | 13.23 | 13.02 | 13.11 | 13.92 | 13.29 | 13.34 | 13.40 | 13.13 | 13.74 | 13.27 | 13.44 | 13.15 | 13.01 | 13.49 | 12.31 | 13.47 | 13.74 | 13.61 | 13.39 | 12.74 | 13.65 | 13.45 | 13.22 | 13.32 | 14.07 | 13.81 | 13.15 | 13.43 | 12.73 | 12.78 | 13.50 | 12.99 | 12.68 | 13.45 | 13.63 | 13.54 | 13.72 | 13.80 | 13.44 |
|        22 | 13.59 | 13.17 | 13.23 | 13.20 | 14.09 | 13.44 | 13.37 | 13.68 | 13.33 | 13.89 | 13.41 | 13.58 | 13.51 | 13.25 | 13.60 | 12.67 | 13.68 | 13.95 | 13.93 | 13.67 | 12.87 | 13.68 | 13.60 | 13.23 | 13.55 | 14.18 | 14.26 | 13.44 | 13.46 | 13.01 | 12.95 | 13.75 | 13.20 | 12.89 | 13.64 | 13.73 | 13.67 | 13.77 | 13.93 | 13.68 |
|        23 | 13.55 | 13.30 | 13.41 | 13.22 | 14.09 | 13.59 | 13.50 | 13.76 | 13.56 | 13.94 | 13.58 | 13.74 | 13.68 | 13.52 | 13.79 | 12.93 | 13.83 | 14.01 | 13.94 | 13.70 | 13.09 | 13.68 | 13.77 | 13.42 | 13.79 | 14.22 | 14.48 | 13.63 | 13.44 | 13.15 | 13.13 | 13.85 | 13.46 | 12.95 | 13.84 | 13.93 | 13.73 | 13.82 | 13.95 | 13.85 |
|        24 | 13.55 | 13.68 | 13.46 | 13.34 | 14.08 | 13.67 | 13.59 | 13.74 | 13.72 | 13.97 | 13.83 | 13.77 | 13.71 | 13.71 | 14.14 | 13.09 | 14.01 | 14.03 | 13.98 | 13.76 | 13.39 | 13.73 | 13.90 | 13.68 | 13.90 | 14.21 | 14.51 | 13.61 | 13.42 | 13.25 | 13.41 | 13.93 | 13.74 | 12.98 | 13.95 | 14.03 | 13.76 | 13.97 | 13.89 | 13.98 |
|        25 | 13.57 | 13.95 | 13.56 | 13.36 | 14.08 | 13.82 | 13.67 | 13.76 | 13.83 | 13.93 | 14.00 | 13.76 | 13.76 | 13.78 | 14.28 | 13.31 | 14.09 | 14.11 | 14.10 | 13.95 | 13.71 | 13.74 | 14.04 | 13.83 | 13.97 | 14.18 | 14.60 | 13.61 | 13.43 | 13.43 | 13.67 | 13.96 | 13.85 | 13.01 | 14.05 | 14.06 | 13.83 | 14.07 | 13.88 | 14.12 |
|        26 | 13.50 | 13.90 | 13.59 | 13.32 | 14.09 | 13.85 | 13.62 | 13.67 | 13.75 | 13.94 | 13.92 | 13.80 | 13.80 | 13.76 | 14.29 | 13.37 | 14.11 | 14.15 | 14.10 | 14.12 | 13.83 | 13.61 | 14.18 | 13.96 | 14.08 | 14.16 | 14.63 | 13.59 | 13.34 | 13.47 | 13.74 | 14.00 | 13.79 | 12.98 | 14.10 | 13.98 | 13.88 | 13.99 | 13.95 | 14.21 |
|        27 | 13.45 | 13.72 | 13.56 | 13.17 | 14.10 | 13.60 | 13.44 | 13.65 | 13.59 | 13.91 | 13.92 | 13.81 | 13.63 | 13.79 | 14.39 | 13.27 | 13.88 | 14.20 | 14.24 | 13.94 | 13.83 | 13.39 | 14.26 | 14.01 | 14.10 | 14.08 | 14.49 | 13.45 | 13.25 | 13.37 | 13.59 | 14.03 | 13.80 | 12.97 | 13.94 | 13.96 | 13.89 | 13.87 | 13.86 | 14.12 |
|        28 | 13.62 | 13.65 | 13.45 | 13.06 | 13.97 | 13.38 | 13.21 | 13.64 | 13.50 | 13.95 | 13.89 | 13.66 | 13.35 | 13.58 | 14.43 | 13.25 | 13.58 | 14.17 | 14.23 | 13.61 | 13.76 | 13.29 | 14.12 | 13.86 | 14.02 | 13.79 | 14.47 | 13.32 | 13.40 | 13.21 | 13.49 | 13.81 | 13.74 | 12.86 | 13.61 | 13.98 | 13.85 | 13.76 | 13.87 | 14.00 |
|        29 | 13.80 | 13.49 | 13.25 | 13.18 | 13.83 | 13.35 | 13.07 | 13.63 | 13.38 | 14.04 | 13.82 | 13.66 | 13.14 | 13.41 | 14.33 | 13.17 | 13.36 | 14.11 | 14.12 | 13.34 | 13.70 | 13.36 | 14.02 | 13.59 | 13.95 | 13.55 | 14.24 | 13.09 | 13.65 | 13.02 | 13.35 | 13.69 | 13.56 | 12.72 | 13.26 | 13.84 | 13.80 | 13.51 | 14.21 | 14.00 |
|        30 | 13.85 | 13.31 | 13.16 | 13.23 | 13.78 | 13.53 | 13.00 | 13.64 | 13.21 | 14.10 | 13.70 | 13.75 | 13.07 | 13.31 | 14.20 | 13.01 | 13.28 | 13.92 | 14.00 | 13.11 | 13.78 | 13.38 | 14.02 | 13.44 | 13.86 | 13.43 | 13.96 | 12.79 | 13.69 | 12.93 | 13.03 | 13.69 | 13.49 | 12.63 | 13.16 | 13.63 | 13.75 | 13.34 | 14.38 | 13.94 |
|        31 | 13.79 | 13.28 | 13.27 | 13.35 | 13.74 | 13.79 | 13.29 | 13.82 | 13.24 | 14.10 | 13.55 | 13.75 | 13.06 | 13.25 | 14.05 | 12.93 | 13.51 | 13.75 | 13.89 | 13.01 | 13.93 | 13.40 | 14.06 | 13.37 | 13.81 | 13.32 | 13.74 | 12.63 | 13.71 | 13.09 | 12.98 | 13.56 | 13.46 | 12.77 | 13.28 | 13.51 | 13.72 | 13.28 | 14.18 | 13.91 |
|        32 | 13.72 | 13.54 | 13.56 | 13.50 | 13.82 | 13.90 | 13.45 | 13.85 | 13.43 | 14.06 | 13.44 | 13.74 | 13.00 | 13.26 | 14.06 | 12.94 | 13.77 | 13.63 | 13.78 | 13.01 | 13.95 | 13.42 | 14.11 | 13.29 | 13.94 | 13.34 | 13.63 | 12.76 | 13.71 | 13.31 | 13.00 | 13.51 | 13.41 | 12.98 | 13.45 | 13.49 | 13.81 | 13.39 | 13.98 | 13.96 |
|        33 | 13.77 | 13.78 | 13.83 | 13.62 | 13.86 | 13.84 | 13.52 | 13.94 | 13.64 | 14.03 | 13.52 | 14.05 | 12.99 | 13.34 | 14.01 | 12.90 | 14.33 | 13.81 | 13.71 | 13.09 | 13.87 | 13.23 | 14.16 | 13.27 | 14.03 | 13.33 | 13.77 | 12.97 | 13.78 | 13.58 | 12.96 | 13.63 | 13.37 | 13.14 | 13.69 | 13.68 | 13.81 | 13.24 | 13.82 | 14.07 |
|        34 | 13.64 | 13.95 | 14.09 | 13.88 | 13.83 | 13.89 | 13.50 | 14.13 | 13.85 | 14.07 | 13.53 | 14.25 | 13.22 | 13.44 | 13.86 | 12.88 | 15.04 | 14.14 | 13.78 | 13.28 | 13.91 | 13.52 | 14.06 | 13.27 | 14.22 | 13.52 | 13.91 | 13.33 | 13.85 | 13.85 | 12.98 | 13.77 | 13.47 | 13.16 | 13.71 | 14.02 | 13.84 | 13.67 | 13.64 | 14.31 |
|        35 | 13.92 | 14.15 | 14.14 | 14.35 | 14.18 | 14.01 | 14.03 | 14.51 | 13.97 | 14.34 | 13.66 | 14.43 | 13.54 | 13.63 | 13.83 | 12.92 | 15.31 | 14.29 | 13.94 | 13.50 | 14.07 | 13.95 | 14.20 | 13.53 | 14.46 | 13.65 | 14.03 | 13.94 | 13.89 | 13.92 | 13.13 | 13.97 | 13.68 | 13.37 | 13.85 | 14.19 | 13.98 | 14.18 | 13.57 | 14.45 |
|        36 | 13.83 | 14.43 | 13.93 | 14.46 | 14.76 | 14.18 | 14.70 | 14.72 | 14.18 | 14.59 | 14.25 | 14.88 | 14.02 | 13.95 | 14.15 | 13.16 | 15.62 | 13.77 | 14.48 | 13.75 | 14.25 | 14.07 | 14.32 | 13.95 | 14.40 | 13.99 | 14.35 | 14.52 | 13.72 | 14.45 | 13.42 | 14.22 | 13.94 | 13.47 | 14.11 | 14.55 | 14.41 | 14.84 | 13.62 | 14.67 |
|        37 | 13.88 | 14.76 | 14.00 | 14.78 | 15.25 | 14.57 | 15.37 | 14.97 | 14.63 | 14.87 | 14.48 | 15.61 | 14.05 | 14.31 | 14.62 | 13.66 | 16.21 | 13.36 | 14.52 | 14.44 | 14.77 | 13.50 | 14.57 | 14.15 | 14.78 | 13.45 | 14.14 | 15.06 | 13.96 | 15.09 | 13.63 | 14.70 | 13.89 | 14.05 | 14.06 | 15.26 | 14.95 | 15.29 | 13.71 | 14.53 |
|        38 | 13.98 | 14.94 | 14.15 | 14.42 | 15.33 | 15.15 | 15.33 | 15.22 | 14.73 | 14.78 | 14.19 | 15.79 | 13.91 | 14.74 | 14.64 | 13.98 | 16.24 | 13.05 | 14.26 | 14.63 | 15.29 | 13.01 | 14.90 | 14.48 | 14.58 | 14.22 | 14.00 | 15.16 | 14.00 | 15.57 | 14.00 | 14.58 | 14.07 | 14.58 | 13.69 | 15.76 | 15.07 | 15.14 | 14.17 | 14.53 |
|        39 | 14.45 | 14.97 | 14.35 | 14.27 | 15.05 | 15.32 | 15.44 | 15.36 | 14.84 | 14.75 | 14.05 | 15.65 | 13.90 | 15.01 | 14.40 | 14.19 | 16.15 | 13.11 | 14.57 | 14.98 | 15.22 | 13.78 | 15.12 | 14.74 | 14.14 | 13.87 | 14.34 | 15.38 | 14.07 | 15.16 | 14.23 | 14.65 | 14.27 | 14.51 | 14.45 | 16.29 | 15.27 | 15.03 | 13.81 | 14.99 |
|        40 | 14.18 | 14.97 | 13.74 | 14.28 | 15.02 | 15.39 | 15.42 | 15.21 | 14.75 | 14.65 | 13.90 | 15.46 | 14.00 | 15.19 | 14.21 | 14.32 | 15.40 | 12.59 | 14.76 | 14.64 | 15.24 | 13.89 | 15.39 | 15.25 | 14.03 | 13.39 | 14.08 | 15.65 | 13.82 | 14.49 | 14.42 | 14.83 | 14.00 | 14.29 | 14.46 | 16.54 | 15.40 | 15.08 | 13.84 | 14.82 |
|        41 | 13.71 | 15.02 | 13.76 | 14.26 | 14.85 | 15.30 | 15.14 | 15.36 | 14.75 | 14.93 | 13.77 | 15.49 | 14.01 | 15.05 | 14.08 | 14.57 | 14.66 | 12.45 | 14.78 | 14.67 | 14.91 | 13.73 | 15.47 | 15.10 | 13.58 | 13.43 | 13.38 | 15.73 | 14.08 | 14.23 | 14.49 | 15.02 | 13.86 | 14.27 | 14.20 | 16.35 | 15.47 | 14.47 | 14.46 | 15.13 |
|        42 | 13.65 | 15.14 | 13.86 | 14.16 | 14.85 | 15.22 | 15.06 | 15.22 | 14.76 | 15.04 | 13.73 | 15.44 | 13.82 | 14.73 | 14.17 | 14.53 | 14.88 | 12.98 | 14.71 | 14.84 | 14.41 | 13.78 | 15.56 | 15.13 | 12.85 | 13.01 | 13.22 | 15.56 | 13.49 | 13.76 | 14.50 | 15.25 | 14.17 | 14.24 | 13.89 | 16.01 | 15.52 | 13.81 | 14.51 | 14.77 |
|        43 | 13.52 | 15.20 | 13.56 | 13.83 | 14.37 | 15.13 | 14.95 | 15.12 | 14.61 | 14.71 | 13.56 | 15.27 | 13.96 | 14.43 | 13.81 | 14.33 | 14.82 | 13.05 | 14.86 | 14.69 | 13.58 | 13.73 | 15.51 | 15.17 | 12.77 | 12.45 | 13.77 | 15.31 | 13.36 | 13.75 | 14.04 | 15.29 | 13.73 | 14.08 | 13.86 | 16.14 | 15.66 | 13.32 | 13.40 | 14.46 |
|        44 | 12.78 | 15.05 | 13.59 | 13.36 | 14.36 | 14.99 | 14.81 | 14.47 | 14.46 | 14.66 | 13.31 | 15.16 | 13.63 | 13.91 | 13.50 | 14.49 | 14.58 | 12.98 | 14.90 | 13.65 | 13.25 | 13.54 | 15.24 | 14.88 | 13.26 | 12.45 | 13.05 | 15.12 | 12.73 | 13.37 | 13.58 | 15.31 | 12.17 | 13.45 | 13.73 | 15.79 | 15.75 | 14.16 | 13.51 | 14.23 |
|        45 | 12.53 | 14.81 | 13.34 | 13.30 | 13.72 | 14.55 | 14.10 | 14.09 | 13.66 | 14.30 | 13.55 | 14.92 | 12.74 | 14.04 | 13.58 | 14.67 | 14.17 | 12.37 | 14.69 | 13.60 | 12.35 | 13.41 | 15.01 | 14.60 | 12.90 | 12.33 | 12.92 | 15.14 | 12.64 | 13.02 | 13.22 | 15.28 | 11.36 | 13.10 | 13.04 | 14.61 | 15.74 | 14.04 | 13.44 | 14.05 |
|        46 | 12.45 | 14.39 | 12.51 | 13.45 | 13.54 | 14.21 | 13.09 | 13.71 | 14.14 | 13.66 | 13.49 | 14.96 | 12.50 | 13.86 | 13.23 | 14.07 | 13.95 | 12.34 | 14.45 | 13.20 | 12.52 | 13.20 | 14.73 | 14.49 | 12.18 | 12.34 | 12.75 | 14.24 | 12.54 | 12.55 | 12.44 | 15.11 | 11.17 | 12.96 | 12.47 | 14.83 | 15.53 | 14.21 | 13.41 | 14.10 |
|        47 | 12.54 | 14.05 | 12.34 | 13.41 | 13.41 | 14.15 | 13.01 | 13.52 | 14.10 | 13.27 | 13.39 | 14.62 | 12.31 | 13.42 | 13.14 | 13.50 | 13.51 | 12.19 | 14.24 | 12.86 | 13.01 | 13.42 | 14.23 | 14.26 | 11.92 | 12.15 | 12.25 | 14.11 | 12.82 | 12.24 | 12.47 | 14.60 | 11.59 | 13.16 | 12.32 | 14.34 | 15.15 | 14.09 | 13.42 | 14.60 |
|        48 | 12.81 | 13.77 | 12.42 | 13.07 | 13.73 | 13.59 | 12.74 | 13.12 | 13.71 | 12.92 | 13.12 | 14.18 | 12.31 | 13.92 | 13.09 | 12.99 | 13.32 | 12.03 | 14.33 | 12.67 | 12.67 | 13.70 | 13.99 | 13.81 | 11.39 | 12.37 | 12.06 | 14.22 | 12.79 | 12.73 | 12.29 | 13.91 | 12.00 | 13.08 | 12.27 | 14.15 | 14.87 | 13.20 | 13.76 | 14.16 |
|        51 | 12.94 | 14.10 | 11.43 | 13.03 | 12.49 | 13.46 | 12.46 | 12.55 | 13.06 | 12.42 | 13.01 | 14.01 | 11.96 | 13.56 | 12.32 | 12.95 | 13.24 | 12.47 | 13.41 | 12.65 | 13.04 | 13.32 | 14.53 | 13.32 | 11.33 | 12.55 | 12.55 | 13.67 | 12.05 | 12.99 | 12.25 | 13.32 | 12.29 | 12.54 | 12.07 | 14.45 | 13.95 | 13.28 | 13.27 | 13.57 |
|        54 | 12.30 | 13.08 | 11.24 | 12.56 | 12.32 | 12.36 | 12.39 | 12.65 | 12.32 | 12.71 | 12.51 | 13.13 | 10.70 | 12.74 | 11.79 | 12.87 | 13.34 | 11.68 | 12.89 | 12.43 | 12.69 | 12.85 | 14.71 | 12.53 | 11.89 | 12.74 | 12.11 | 12.14 | 12.45 | 12.83 | 12.25 | 12.38 | 12.00 | 12.48 | 11.45 | 14.86 | 13.03 | 12.97 | 13.06 | 12.73 |
|        57 | 12.93 | 12.26 | 11.31 | 12.83 | 12.27 | 12.73 | 12.31 | 12.11 | 12.62 | 13.25 | 12.05 | 13.15 | 11.56 | 12.55 | 12.27 | 13.01 | 12.68 | 11.52 | 12.84 | 12.66 | 12.61 | 12.88 | 15.16 | 12.86 | 11.96 | 12.48 | 12.15 | 12.55 | 12.21 | 12.36 | 12.54 | 11.64 | 11.58 | 12.53 | 12.05 | 15.91 | 12.86 | 11.84 | 12.65 | 13.19 |
|        60 | 12.77 | 12.34 | 12.15 | 12.14 | 11.84 | 12.27 | 12.74 | 12.20 | 12.48 | 13.12 | 12.20 | 12.65 | 12.44 | 11.49 | 12.34 | 12.74 | 12.08 | 13.02 | 13.23 | 12.43 | 12.85 | 12.39 | 14.58 | 12.64 | 12.02 | 12.84 | 12.65 | 13.50 | 12.44 | 12.68 | 13.45 | 13.43 | 12.04 | 12.94 | 12.57 | 15.32 | 12.55 | 11.64 | 12.61 | 11.69 |
|        63 | 12.64 | 13.05 | 12.92 | 11.45 | 12.42 | 12.37 | 12.90 | 12.25 | 12.91 | 12.92 | 11.71 | 13.99 | 12.06 | 12.34 | 12.80 | 12.53 | 12.87 | 12.97 | 12.70 | 12.53 | 12.39 | 12.21 | 15.56 | 13.21 | 11.76 | 12.51 | 13.18 | 13.18 | 12.36 | 12.48 | 13.06 | 13.64 | 12.33 | 12.12 | 13.58 | 14.73 | 12.64 | 12.77 | 12.39 | 12.07 |
|        66 | 12.57 | 12.90 | 12.93 | 12.15 | 12.03 | 13.42 | 12.43 | 11.66 | 12.48 | 13.41 | 11.78 | 13.00 | 11.71 | 12.53 | 12.10 | 12.35 | 13.05 | 12.69 | 12.76 | 12.08 | 11.95 | 11.86 | 14.47 | 12.86 | 12.21 | 12.61 | 12.95 | 13.39 | 11.92 | 12.61 | 12.81 | 13.61 | 11.68 | 12.47 | 13.91 | 14.51 | 12.83 | 13.02 | 12.80 | 12.19 |
|        69 | 11.80 | 12.00 | 12.21 | 11.48 | 11.78 | 13.67 | 12.14 | 11.33 | 11.89 | 12.38 | 12.03 | 12.54 | 11.15 | 12.37 | 11.65 | 12.31 | 12.91 | 12.12 | 13.16 | 12.10 | 11.66 | 11.75 | 14.19 | 12.96 | 11.68 | 12.51 | 12.45 | 12.84 | 11.93 | 12.43 | 12.87 | 13.90 | 11.68 | 12.56 | 13.67 | 13.42 | 12.91 | 12.72 | 12.88 | 12.10 |
|        72 | 11.52 | 11.93 | 11.78 | 11.90 | 11.14 | 13.34 | 12.28 | 11.20 | 11.94 | 12.35 | 11.78 | 12.26 | 10.42 | 12.08 | 11.65 | 12.30 | 12.93 | 12.01 | 13.07 | 12.02 | 11.65 | 11.28 | 13.69 | 12.61 | 11.96 | 11.91 | 12.51 | 12.68 | 11.80 | 12.06 | 12.59 | 12.96 | 11.51 | 11.95 | 12.78 | 12.89 | 12.36 | 11.96 | 12.77 | 11.99 |
|        78 | 10.81 |  9.86 | 10.36 | 11.31 | 11.32 | 11.21 | 11.32 | 10.32 | 10.61 | 11.51 | 11.38 | 11.87 |  8.77 | 11.03 | 11.08 | 11.92 | 12.14 | 10.84 | 12.58 | 11.99 | 10.78 | 10.86 | 13.13 | 12.04 | 10.98 | 11.11 | 11.42 | 11.78 | 11.23 | 11.52 | 12.02 | 12.18 | 10.77 | 11.48 | 12.11 | 10.51 | 11.80 | 10.98 | 12.07 | 11.18 |
|        84 | 10.13 |  8.91 | 10.66 | 10.89 | 11.75 | 11.43 | 11.23 | 10.31 |  9.24 | 11.32 | 11.44 | 11.20 |  8.94 | 10.23 | 11.97 | 12.01 | 11.87 | 10.83 | 12.03 | 11.46 |  9.31 |  9.14 | 12.33 | 12.53 | 11.78 | 11.70 | 12.15 | 11.08 | 11.01 | 10.99 | 11.95 | 11.78 |  9.81 | 11.41 | 12.02 | 11.27 | 11.84 | 10.81 | 10.86 | 10.40 |
|        90 |  8.64 |  7.94 |  9.83 | 10.72 | 10.66 |  8.55 | 10.34 |  9.22 |  8.21 | 10.69 | 10.74 | 10.33 |  8.97 |  9.98 | 11.71 | 11.19 | 11.01 | 10.20 | 12.04 |  9.09 |  8.53 |  8.74 | 12.12 | 12.20 | 11.71 |  9.76 | 11.00 | 10.83 | 10.21 |  9.02 | 10.68 | 10.27 |  8.65 | 10.45 | 11.35 |  9.99 | 11.76 |  9.26 | 10.68 |  9.78 |
|        96 |  7.67 |  6.23 |  8.97 |  7.20 | 10.06 |  8.13 |  8.90 |  7.96 |  7.39 |  8.62 |  9.52 |  9.04 |  8.75 |  9.05 | 10.79 |  9.63 | 10.10 |  9.58 | 10.49 |  8.22 |  7.12 |  8.12 | 11.04 | 11.53 | 11.10 |  8.26 | 10.17 |  8.71 |  9.36 |  8.25 |  9.54 |  7.34 |  7.32 |  8.88 |  9.77 |  9.28 |  9.85 |  8.64 |  7.84 |  8.60 |
|       102 |  6.66 |  5.22 |  7.30 |  5.88 |  8.29 |  6.34 |  6.35 |  7.37 |  7.77 |  7.74 |  8.33 |  8.01 |  8.37 |  7.52 | 10.37 |  8.44 |  8.77 |  8.59 |  8.67 |  8.06 |  6.30 |  8.28 | 10.74 | 10.74 | 10.67 |  7.52 |  8.24 |  7.77 |  8.62 |  7.38 |  7.57 |  5.04 |  5.94 |  7.62 |  9.34 |  8.66 |  9.61 |  7.92 |  6.73 |  7.63 |
|       108 |  7.49 |  6.17 |  8.74 |  5.82 |  7.82 |  7.06 |  7.57 |  7.89 |  7.69 |  7.05 |  7.40 |  8.14 |  8.83 |  7.57 | 11.10 |  7.49 |  8.93 |  8.29 |  9.08 |  7.96 |  8.77 |  8.15 | 10.99 |  9.48 | 10.99 |  7.99 |  8.71 |  8.41 |  9.00 |  7.90 |  7.38 |  5.61 |  7.65 |  7.38 |  9.29 | 10.05 | 10.69 |  8.22 |  7.14 |  8.10 |
|       114 |  8.70 |  6.91 |  9.78 |  6.45 |  8.56 |  7.60 |  8.15 |  9.21 |  9.88 |  8.06 |  8.50 |  9.32 |  9.37 |  8.08 | 10.69 |  7.96 |  7.65 |  8.82 |  9.56 |  9.06 | 10.51 |  9.93 | 10.28 |  9.72 | 11.20 |  8.76 |  9.42 |  9.32 |  8.59 |  9.44 |  7.78 |  7.29 |  8.35 |  7.45 |  9.83 | 11.30 | 10.72 |  8.60 |  7.25 |  8.21 |
|       120 |  8.39 |  6.89 |  9.14 |  6.85 |  7.77 |  7.61 |  7.03 |  9.26 |  9.34 |  7.38 |  8.92 |  8.50 |  9.06 |  8.17 | 10.28 |  7.66 |  7.38 |  8.36 |  8.79 |  8.39 |  9.36 |  9.44 |  8.81 |  8.96 | 10.97 |  8.40 |  8.55 |  9.21 |  7.53 |  9.05 |  6.48 |  7.42 |  8.16 |  7.56 |  8.71 | 11.36 | 10.37 |  8.91 |  5.97 |  7.73 |
