# variable: Wind Gust at 10m, Maximum of Time Interval before fcst_hour
# units: km/h
# 
| fcst_hour |     1 |     2 |     3 |     4 |     5 |     6 |     7 |     8 |     9 |    10 |    11 |    12 |    13 |    14 |    15 |    16 |    17 |    18 |    19 |    20 |    21 |    22 |    23 |    24 |    25 |    26 |    27 |    28 |    29 |    30 |    31 |    32 |    33 |    34 |    35 |    36 |    37 |    38 |    39 |    40 |
|         1 |  9.36 |  8.67 |  7.37 |  6.05 |  7.61 |  7.36 |  7.57 |  9.03 |  5.86 |  6.31 |  8.89 |  7.70 |  8.10 |  5.31 |  5.98 |  9.61 |  6.47 |  9.44 |  8.00 |  6.86 |  6.47 |  7.95 |  7.16 |  7.60 |  6.14 |  8.85 |  7.07 |  7.32 |  7.81 |  8.77 |  8.53 |  6.32 |  7.79 |  4.99 |  8.21 |  6.14 |  8.08 |  8.67 |  6.95 |  7.20 |
|         2 |  8.54 |  7.56 |  5.94 |  4.84 |  6.29 |  5.74 |  6.10 |  7.88 |  5.34 |  4.76 |  7.15 |  6.65 |  7.58 |  4.50 |  4.69 |  8.52 |  4.25 |  8.31 |  6.40 |  5.01 |  4.85 |  7.30 |  6.74 |  6.48 |  4.58 |  7.65 |  5.76 |  6.41 |  6.76 |  7.12 |  6.42 |  4.47 |  7.17 |  3.95 |  7.06 |  4.85 |  7.28 |  7.70 |  4.89 |  6.55 |
|         3 |  8.30 |  6.74 |  4.90 |  5.24 |  6.02 |  4.65 |  5.36 |  7.66 |  5.50 |  3.67 |  6.41 |  5.50 |  7.41 |  3.59 |  4.84 |  7.91 |  2.82 |  7.60 |  5.73 |  4.21 |  3.80 |  6.63 |  6.79 |  5.16 |  4.06 |  6.62 |  5.11 |  6.03 |  6.41 |  6.19 |  5.22 |  3.44 |  7.27 |  3.43 |  6.51 |  4.03 |  6.85 |  7.14 |  3.77 |  5.83 |
|         4 |  7.97 |  5.63 |  4.50 |  6.23 |  6.67 |  3.67 |  4.86 |  7.22 |  5.24 |  2.86 |  5.92 |  4.92 |  7.01 |  3.30 |  4.72 |  7.22 |  2.47 |  7.63 |  4.81 |  3.64 |  4.04 |  6.00 |  6.67 |  4.08 |  3.30 |  5.44 |  4.08 |  6.15 |  5.98 |  5.61 |  3.75 |  3.01 |  6.88 |  3.64 |  6.35 |  3.50 |  6.97 |  6.62 |  4.92 |  4.62 |
|         5 |  8.05 |  4.53 |  4.21 |  6.05 |  6.75 |  3.78 |  4.14 |  6.78 |  5.43 |  2.26 |  5.60 |  4.37 |  6.79 |  3.19 |  4.66 |  6.66 |  2.41 |  7.53 |  3.93 |  3.11 |  5.17 |  4.83 |  6.21 |  4.06 |  2.79 |  4.27 |  3.51 |  5.29 |  4.88 |  5.53 |  3.30 |  2.60 |  6.38 |  3.39 |  6.36 |  3.49 |  6.78 |  5.91 |  5.00 |  3.70 |
|         6 |  8.19 |  3.66 |  2.97 |  5.38 |  6.54 |  3.53 |  4.04 |  6.51 |  5.42 |  1.34 |  4.73 |  3.07 |  6.73 |  3.10 |  4.88 |  6.21 |  2.35 |  7.00 |  3.36 |  2.63 |  6.48 |  3.58 |  6.38 |  4.29 |  3.06 |  4.09 |  2.88 |  4.94 |  4.35 |  5.47 |  2.82 |  2.46 |  5.89 |  2.92 |  6.69 |  3.30 |  6.28 |  5.65 |  5.28 |  3.74 |
|         7 | 10.45 |  5.25 |  5.52 |  4.97 |  6.00 |  5.68 |  7.39 |  9.42 |  5.70 |  1.93 |  7.60 |  5.10 |  8.97 |  4.15 |  4.85 |  6.37 |  6.34 |  8.34 |  4.37 |  2.81 |  5.90 |  5.84 |  5.63 |  4.40 |  3.89 |  6.17 |  4.08 |  4.93 |  4.84 |  7.30 |  4.57 |  3.87 |  7.69 |  3.62 |  9.71 |  3.35 |  8.68 |  5.72 |  5.07 |  5.84 |
|         8 | 10.51 |  6.55 |  5.44 |  6.75 |  8.82 |  6.28 |  7.37 |  9.44 |  7.93 |  7.58 |  8.10 |  5.09 |  8.77 |  5.88 |  8.27 |  8.02 |  6.97 |  8.72 |  6.23 |  6.60 |  8.58 |  6.30 |  9.61 |  5.03 |  6.20 |  6.99 |  6.39 |  8.39 |  8.21 |  7.62 |  6.59 |  5.33 |  7.65 |  5.91 | 10.17 |  6.00 |  9.57 |  8.44 |  6.73 |  6.74 |
|         9 | 12.43 |  6.15 |  5.96 |  5.54 | 10.70 |  7.00 |  5.87 |  9.54 | 10.71 | 10.75 |  8.60 |  5.37 | 10.49 |  3.92 |  8.75 |  6.53 |  5.89 | 10.42 |  4.76 |  8.62 |  8.04 |  5.96 |  9.48 |  5.62 |  6.30 |  5.72 |  5.85 | 10.84 |  8.52 |  7.44 |  6.27 |  5.45 |  7.62 |  6.64 |  9.95 |  7.27 | 11.23 |  9.13 |  7.44 |  5.83 |
|        10 | 15.90 |  8.90 |  8.81 |  7.76 | 13.45 |  8.72 |  6.93 |  9.62 | 14.12 | 11.09 | 11.68 |  9.86 | 12.31 |  4.30 | 12.56 |  8.41 |  7.70 | 14.43 |  5.07 |  9.43 | 12.08 |  7.02 | 10.17 |  9.74 | 10.96 | 10.85 | 10.10 | 14.08 | 10.97 | 11.39 |  9.89 |  5.87 | 10.82 |  7.34 | 11.52 |  7.32 | 14.84 | 11.70 | 12.27 |  9.03 |
|        11 | 19.20 | 16.30 | 13.05 | 11.51 | 16.69 | 12.44 | 10.06 | 11.97 | 15.97 | 10.17 | 14.81 | 12.96 | 14.18 |  6.42 | 14.46 | 12.11 |  8.98 | 17.22 |  8.98 | 10.60 | 14.06 |  9.53 | 12.13 | 13.61 | 14.83 | 14.97 | 15.18 | 16.35 | 13.08 | 16.99 | 12.51 |  9.30 | 13.80 | 10.27 | 12.08 |  9.08 | 16.22 | 15.05 | 16.25 | 12.50 |
|        12 | 19.80 | 19.03 | 14.49 | 13.43 | 18.27 | 14.82 | 10.75 | 16.03 | 17.00 |  8.74 | 16.36 | 13.70 | 15.62 | 10.41 | 15.44 | 15.39 |  9.94 | 18.23 | 11.39 | 12.25 | 16.39 | 11.71 | 15.24 | 15.75 | 16.41 | 16.13 | 17.83 | 17.03 | 13.85 | 19.38 | 14.02 | 10.34 | 15.16 | 12.59 | 11.93 | 11.93 | 16.45 | 15.93 | 18.26 | 14.15 |
|        13 | 19.98 | 19.83 | 14.89 | 15.79 | 19.18 | 16.29 | 11.31 | 18.10 | 17.72 | 11.36 | 19.12 | 14.16 | 17.01 | 12.76 | 16.86 | 17.04 | 11.43 | 19.72 | 12.30 | 14.06 | 19.47 | 12.30 | 17.01 | 17.70 | 17.81 | 16.44 | 19.24 | 16.76 | 14.89 | 20.13 | 16.16 | 11.77 | 16.59 | 14.86 | 12.48 | 15.38 | 17.36 | 16.76 | 19.33 | 14.95 |
|        14 | 19.56 | 19.99 | 16.08 | 17.28 | 19.66 | 17.48 | 11.17 | 18.54 | 17.89 | 14.43 | 19.46 | 15.56 | 17.12 | 15.67 | 17.70 | 18.19 | 13.59 | 19.63 | 14.65 | 16.08 | 20.43 | 13.06 | 18.48 | 18.68 | 18.87 | 16.80 | 19.60 | 16.70 | 15.19 | 20.80 | 16.84 | 12.47 | 17.05 | 15.09 | 14.10 | 17.94 | 17.29 | 17.22 | 19.45 | 15.41 |
|        15 | 19.03 | 19.92 | 16.06 | 17.82 | 19.89 | 17.88 | 10.99 | 18.51 | 17.68 | 15.00 | 19.11 | 16.23 | 17.43 | 17.09 | 17.72 | 18.43 | 15.12 | 19.48 | 15.95 | 17.16 | 20.46 | 13.63 | 19.36 | 18.93 | 19.29 | 16.87 | 19.64 | 17.43 | 16.55 | 20.94 | 17.03 | 12.50 | 17.08 | 15.04 | 14.46 | 18.50 | 16.93 | 17.43 | 19.02 | 16.25 |
|        16 | 18.35 | 18.87 | 15.56 | 17.42 | 18.90 | 17.58 | 10.17 | 17.41 | 17.15 | 15.01 | 18.67 | 16.20 | 17.40 | 17.47 | 16.85 | 18.39 | 15.61 | 19.05 | 16.02 | 16.93 | 20.13 | 13.54 | 19.11 | 18.57 | 18.99 | 16.06 | 18.94 | 17.61 | 16.55 | 20.52 | 16.72 | 12.13 | 16.22 | 14.20 | 14.63 | 18.16 | 16.08 | 17.08 | 17.02 | 15.97 |
|        17 | 14.48 | 15.72 | 13.40 | 13.17 | 15.64 | 14.96 |  8.62 | 14.49 | 14.45 | 13.02 | 15.71 | 13.98 | 14.15 | 16.70 | 13.89 | 15.14 | 13.97 | 16.70 | 13.99 | 15.21 | 17.87 | 11.61 | 16.62 | 16.14 | 15.72 | 13.10 | 16.43 | 16.46 | 13.84 | 17.96 | 14.68 | 11.45 | 12.99 | 11.70 | 13.02 | 14.84 | 12.98 | 14.61 | 13.57 | 14.01 |
|        18 |  6.46 |  7.99 |  7.12 |  4.65 |  6.18 |  6.70 |  4.56 |  7.67 |  7.76 |  9.23 |  8.01 |  7.33 |  4.91 |  9.27 |  5.80 |  6.04 |  7.52 |  9.24 |  7.13 |  8.77 |  8.97 |  5.06 |  7.48 |  7.80 |  6.56 |  5.54 |  9.62 |  8.12 |  6.05 | 10.79 |  7.36 |  6.76 |  4.70 |  3.37 |  5.00 |  7.51 |  4.84 |  7.97 |  5.22 |  8.21 |
|        19 |  4.94 |  3.44 |  4.59 |  3.11 |  6.45 |  1.70 |  3.90 |  8.74 |  3.31 |  7.62 |  5.00 |  3.84 |  2.12 |  4.45 |  3.55 |  3.66 |  4.64 |  4.54 |  2.85 |  8.14 |  6.80 |  2.83 |  5.98 |  4.04 |  3.29 |  1.96 |  4.38 |  2.71 |  3.61 |  3.49 |  4.93 |  3.89 |  2.96 |  3.33 |  2.29 |  3.03 |  7.38 |  4.91 |  2.50 |  5.11 |
|        20 |  6.22 |  4.84 |  2.31 |  3.47 |  6.66 |  2.80 |  2.51 |  8.11 |  0.58 |  5.42 |  6.25 |  2.49 |  2.25 |  4.60 |  3.92 |  5.22 |  5.98 |  3.60 |  3.14 |  7.43 |  8.43 |  4.78 |  6.51 |  4.08 |  3.78 |  2.21 |  3.55 |  2.84 |  4.28 |  4.71 |  6.31 |  2.64 |  3.18 |  3.82 |  2.30 |  3.21 |  7.54 |  5.32 |  4.10 |  4.66 |
|        21 |  6.11 |  5.18 |  1.54 |  3.24 |  5.04 |  2.71 |  3.43 |  6.78 |  0.80 |  3.06 |  6.08 |  2.50 |  1.98 |  4.55 |  3.64 |  5.22 |  5.96 |  3.91 |  3.12 |  5.37 |  7.78 |  4.56 |  5.56 |  4.61 |  3.79 |  2.17 |  3.80 |  2.12 |  4.33 |  4.63 |  6.41 |  2.64 |  4.49 |  3.28 |  1.12 |  3.39 |  7.01 |  5.47 |  4.07 |  4.92 |
|        22 |  3.80 |  4.00 |  1.05 |  1.83 |  3.21 |  2.35 |  3.22 |  5.89 |  2.06 |  1.72 |  4.38 |  1.83 |  0.95 |  3.33 |  2.85 |  4.36 |  4.45 |  3.10 |  2.55 |  4.95 |  5.86 |  2.61 |  3.19 |  4.29 |  3.48 |  1.91 |  2.73 |  2.00 |  3.08 |  3.54 |  4.96 |  1.34 |  4.63 |  1.93 |  1.24 |  3.34 |  4.41 |  4.61 |  1.38 |  3.43 |
|        23 |  2.19 |  3.10 |  2.32 |  2.39 |  2.09 |  1.38 |  1.24 |  5.37 |  3.34 |  3.02 |  3.22 |  1.52 |  1.60 |  3.75 |  2.09 |  2.51 |  3.39 |  2.46 |  2.06 |  6.34 |  3.94 |  1.99 |  3.80 |  2.13 |  2.10 |  1.53 |  1.68 |  2.27 |  2.33 |  2.75 |  4.33 |  2.53 |  3.91 |  1.81 |  1.90 |  4.42 |  3.36 |  3.90 |  2.18 |  2.74 |
|        24 |  1.70 |  2.22 |  3.71 |  3.00 |  2.01 |  3.62 |  2.91 |  3.74 |  5.01 |  4.34 |  1.58 |  1.82 |  2.48 |  3.79 |  2.56 |  1.49 |  4.23 |  3.37 |  2.37 |  8.44 |  1.93 |  2.10 |  3.01 |  1.59 |  2.05 |  1.46 |  2.33 |  2.10 |  2.66 |  1.59 |  2.38 |  2.65 |  1.22 |  1.55 |  2.78 |  5.64 |  1.30 |  2.62 |  3.12 |  3.27 |
|        25 |  1.68 |  4.29 |  4.93 |  2.75 |  2.63 |  4.37 |  3.18 |  2.23 |  5.01 |  4.87 |  1.53 |  2.86 |  3.03 |  4.29 |  2.43 |  1.49 |  6.12 |  4.51 |  2.25 |  8.75 |  1.39 |  2.69 |  3.03 |  1.34 |  1.59 |  2.36 |  2.99 |  3.14 |  3.24 |  1.61 |  1.06 |  2.19 |  2.90 |  1.35 |  4.36 |  6.01 |  1.28 |  2.58 |  3.63 |  2.60 |
|        26 |  3.05 |  5.49 |  5.55 |  2.41 |  4.22 |  5.14 |  3.10 |  1.63 |  5.02 |  5.69 |  2.84 |  4.42 |  3.64 |  5.07 |  1.38 |  1.50 |  7.72 |  5.26 |  2.52 |  9.38 |  0.57 |  3.40 |  2.89 |  1.65 |  1.72 |  2.76 |  4.32 |  3.81 |  3.87 |  1.89 |  2.84 |  1.68 |  4.17 |  1.46 |  4.97 |  7.30 |  0.98 |  1.36 |  3.88 |  2.31 |
|        27 |  3.41 |  5.37 |  5.64 |  2.40 |  4.45 |  5.08 |  3.72 |  1.47 |  4.14 |  5.67 |  2.91 |  4.47 |  3.98 |  5.10 |  2.06 |  2.58 |  7.88 |  5.23 |  2.86 |  9.44 |  1.14 |  3.58 |  3.45 |  1.67 |  1.45 |  2.49 |  5.14 |  3.60 |  4.82 |  1.94 |  3.61 |  1.70 |  4.17 |  2.39 |  5.26 |  7.27 |  0.61 |  1.78 |  3.59 |  2.73 |
|        28 |  3.37 |  3.90 |  5.43 |  2.54 |  4.10 |  6.13 |  3.73 |  2.18 |  4.65 |  5.39 |  2.71 |  4.69 |  4.00 |  5.59 |  2.77 |  4.01 |  7.54 |  4.86 |  3.65 |  8.29 |  2.31 |  3.93 |  4.62 |  1.51 |  1.52 |  3.28 |  5.38 |  3.11 |  5.25 |  2.56 |  3.74 |  1.77 |  4.30 |  2.91 |  6.09 |  6.38 |  1.26 |  2.10 |  3.71 |  4.22 |
|        29 |  2.81 |  4.11 |  5.00 |  3.09 |  3.58 |  6.14 |  2.95 |  2.32 |  4.99 |  5.24 |  3.05 |  4.78 |  3.50 |  5.64 |  2.49 |  4.16 |  7.32 |  4.79 |  3.93 |  8.18 |  2.60 |  3.39 |  4.62 |  1.53 |  2.18 |  3.26 |  5.70 |  4.29 |  6.20 |  3.25 |  3.37 |  1.78 |  4.29 |  3.45 |  6.81 |  7.02 |  1.40 |  2.72 |  3.59 |  4.25 |
|        30 |  3.11 |  4.19 |  4.46 |  3.44 |  4.78 |  5.77 |  2.36 |  2.36 |  5.31 |  4.79 |  4.60 |  4.72 |  3.97 |  5.66 |  1.68 |  4.74 |  7.07 |  5.72 |  4.70 |  6.21 |  2.40 |  4.69 |  4.03 |  2.48 |  2.32 |  3.00 |  6.42 |  4.97 |  6.63 |  3.78 |  4.11 |  2.48 |  5.25 |  3.40 |  8.27 |  7.19 |  2.97 |  2.67 |  4.10 |  3.16 |
|        31 |  7.27 |  8.11 |  9.20 |  6.21 |  5.91 |  9.80 |  8.01 |  4.28 |  9.98 |  9.53 |  8.43 |  7.94 |  8.47 |  7.89 |  6.37 |  8.61 | 10.15 | 10.18 |  8.36 |  8.90 |  6.04 |  8.40 |  8.81 |  4.38 |  4.83 |  5.39 |  9.13 |  5.45 |  8.07 |  7.66 |  9.23 |  5.98 |  8.56 |  5.66 | 12.03 | 10.80 |  5.80 |  5.05 |  6.35 |  5.49 |
|        32 | 12.01 | 14.53 | 14.35 | 11.86 | 12.49 | 14.29 | 11.42 |  9.68 | 14.76 | 12.46 | 13.38 | 12.38 | 12.79 | 12.70 | 12.58 | 12.89 | 14.34 | 15.75 | 13.62 | 13.84 | 10.94 | 11.37 | 13.70 | 10.28 |  9.80 | 10.39 | 14.74 | 13.75 | 10.21 | 12.23 | 14.28 | 10.58 | 13.39 | 13.86 | 15.00 | 14.74 | 12.10 | 11.33 | 11.16 | 12.58 |
|        33 | 13.51 | 17.01 | 15.70 | 13.73 | 15.32 | 18.07 | 12.17 | 11.69 | 18.31 | 12.91 | 15.56 | 15.31 | 13.66 | 15.64 | 16.24 | 14.61 | 17.30 | 18.40 | 16.12 | 15.48 | 13.99 | 11.69 | 16.66 | 11.69 | 12.25 | 12.04 | 18.45 | 17.29 | 11.96 | 15.29 | 15.02 | 12.56 | 15.59 | 16.27 | 16.69 | 18.15 | 12.81 | 13.98 | 13.26 | 15.90 |
|        34 | 15.84 | 18.94 | 15.90 | 15.56 | 17.19 | 21.41 | 12.38 | 13.08 | 20.75 | 13.60 | 15.59 | 17.22 | 13.30 | 18.49 | 18.29 | 17.38 | 19.34 | 19.85 | 18.14 | 17.27 | 17.58 | 12.53 | 18.86 | 13.83 | 12.36 | 15.54 | 19.93 | 20.34 | 12.69 | 17.34 | 14.95 | 14.68 | 16.71 | 16.88 | 19.01 | 19.69 | 12.33 | 14.62 | 14.52 | 18.59 |
|        35 | 18.48 | 19.87 | 15.20 | 16.66 | 17.94 | 23.26 | 13.26 | 14.28 | 23.57 | 14.85 | 14.89 | 17.24 | 13.17 | 20.08 | 19.85 | 20.58 | 21.32 | 21.81 | 20.46 | 18.71 | 17.74 | 14.13 | 20.10 | 15.74 | 12.91 | 18.01 | 19.94 | 22.14 | 14.22 | 17.24 | 18.63 | 16.70 | 16.70 | 18.27 | 20.98 | 20.57 | 11.50 | 15.37 | 14.40 | 21.06 |
|        36 | 20.05 | 21.19 | 14.89 | 16.82 | 18.13 | 23.27 | 13.73 | 15.14 | 23.68 | 15.36 | 16.97 | 17.50 | 12.89 | 20.88 | 20.06 | 23.54 | 22.12 | 24.29 | 21.48 | 19.00 | 16.93 | 14.26 | 20.69 | 17.99 | 13.80 | 18.89 | 19.66 | 22.26 | 14.77 | 18.31 | 20.52 | 18.15 | 18.09 | 19.66 | 22.09 | 20.70 | 11.50 | 16.20 | 14.30 | 22.27 |
|        37 | 19.95 | 21.35 | 12.18 | 16.73 | 18.43 | 23.22 | 13.52 | 15.77 | 22.11 | 15.24 | 16.89 | 17.41 | 11.53 | 20.64 | 19.97 | 24.27 | 21.56 | 24.62 | 21.43 | 18.24 | 16.29 | 13.63 | 20.56 | 19.85 | 14.20 | 17.55 | 20.07 | 22.14 | 13.84 | 19.88 | 21.02 | 17.64 | 19.12 | 19.89 | 22.11 | 20.27 | 11.05 | 16.79 | 12.44 | 22.19 |
|        38 | 17.77 | 21.32 |  9.69 | 14.86 | 17.45 | 21.93 | 11.23 | 16.06 | 21.27 | 11.70 | 16.18 | 17.30 |  8.84 | 20.10 | 20.22 | 24.19 | 21.10 | 23.55 | 19.50 | 15.28 | 15.14 | 11.23 | 19.88 | 19.90 | 13.13 | 16.38 | 19.76 | 18.07 | 11.48 | 20.11 | 21.03 | 16.34 | 18.55 | 19.32 | 20.97 | 18.96 | 10.78 | 17.79 | 11.07 | 21.09 |
|        39 | 16.90 | 20.32 |  8.97 | 14.37 | 18.02 | 21.56 |  7.97 | 15.77 | 20.65 | 10.48 | 16.03 | 15.91 |  8.79 | 18.84 | 20.08 | 21.38 | 20.51 | 23.33 | 19.65 | 13.03 | 16.82 |  8.26 | 18.78 | 18.18 | 12.37 | 16.40 | 17.48 | 18.76 | 10.52 | 19.46 | 19.07 | 16.27 | 16.53 | 18.69 | 19.25 | 17.43 | 10.39 | 18.48 |  9.74 | 21.17 |
|        40 | 15.85 | 16.96 |  8.09 | 14.47 | 17.80 | 21.29 |  9.93 | 15.11 | 19.58 |  9.48 | 15.07 | 16.10 |  7.10 | 18.51 | 19.46 | 18.88 | 19.23 | 21.51 | 18.90 | 10.72 | 17.28 |  9.79 | 18.38 | 17.54 | 11.94 | 15.10 | 16.60 | 18.58 | 10.66 | 17.51 | 17.92 | 16.47 | 16.59 | 16.35 | 18.05 | 15.58 | 10.39 | 17.93 | 10.09 | 20.23 |
|        41 | 13.66 | 14.51 |  7.93 | 12.65 | 14.51 | 17.87 |  9.61 | 13.04 | 14.91 |  8.74 | 12.84 | 14.77 |  7.98 | 17.50 | 16.56 | 15.27 | 15.97 | 18.37 | 16.91 | 10.65 | 14.57 |  9.64 | 16.49 | 16.08 | 11.19 | 12.40 | 15.48 | 16.88 |  7.52 | 15.30 | 15.28 | 14.97 | 15.89 | 14.93 | 13.27 | 14.21 |  9.92 | 15.13 |  9.92 | 17.65 |
|        42 |  9.87 | 11.07 |  7.34 |  8.06 |  6.85 | 13.12 |  8.41 | 10.25 |  9.33 |  8.28 |  8.34 | 10.26 |  8.94 | 13.46 | 10.81 | 10.13 | 11.10 | 13.80 | 12.40 |  8.20 |  9.74 |  7.38 | 10.29 |  8.64 |  6.92 |  8.04 | 10.04 | 10.43 |  6.70 | 11.57 | 10.78 | 10.16 | 11.19 | 10.76 | 11.54 |  9.81 |  5.99 | 10.34 |  8.38 | 13.01 |
|        43 |  6.50 | 10.36 |  8.46 |  8.09 |  5.07 | 11.56 |  8.32 |  9.95 |  9.31 |  8.38 |  7.56 |  8.10 |  8.87 | 10.91 |  8.46 |  9.52 |  9.45 | 11.08 | 10.80 |  7.06 |  9.18 |  7.84 |  8.21 |  9.01 |  7.19 |  6.65 |  6.61 |  8.40 |  6.70 | 12.02 |  9.65 | 10.74 |  9.22 |  9.00 | 10.82 |  7.72 |  5.63 |  8.85 |  8.14 | 11.91 |
|        44 |  4.97 |  7.64 |  8.26 |  6.00 |  4.62 | 10.71 |  6.65 |  8.22 |  9.11 |  6.19 |  5.47 |  5.83 |  7.14 |  9.88 |  7.66 |  6.60 |  7.03 |  8.91 |  8.70 |  5.75 |  6.51 |  6.34 |  6.72 |  7.43 |  6.54 |  5.87 |  5.15 |  6.69 |  4.91 | 12.11 |  6.40 | 10.13 |  8.01 |  6.61 |  9.99 |  6.37 |  5.32 |  6.24 |  5.60 | 10.44 |
|        45 |  4.55 |  8.55 |  5.71 |  4.80 |  2.16 |  9.38 |  3.62 |  5.55 |  8.11 |  4.29 |  4.09 |  5.30 |  3.12 |  9.13 |  7.72 |  6.43 |  6.58 |  7.60 |  7.00 |  3.43 |  5.25 |  4.26 |  6.99 |  5.06 |  4.84 |  2.64 |  3.78 |  6.18 |  2.27 | 11.82 |  5.34 |  8.00 |  7.50 |  6.73 |  9.33 |  6.33 |  3.10 |  5.04 |  4.13 |  7.93 |
|        46 |  3.37 |  8.83 |  3.98 |  4.92 |  2.57 |  7.49 |  1.98 |  5.25 |  6.30 |  4.10 |  2.83 |  5.52 |  3.39 |  7.94 |  7.04 |  6.39 |  6.98 |  7.33 |  5.45 |  3.32 |  5.71 |  3.05 |  6.83 |  4.86 |  3.31 |  1.96 |  2.50 |  4.35 |  3.09 | 10.85 |  5.03 |  6.85 |  6.12 |  6.78 |  9.04 |  4.95 |  2.04 |  5.87 |  4.27 |  7.57 |
|        47 |  3.52 |  7.79 |  4.54 |  4.17 |  2.57 |  6.87 |  0.64 |  6.28 |  5.87 |  2.70 |  3.83 |  5.60 |  3.87 |  7.94 |  7.11 |  5.45 |  7.41 |  7.21 |  3.90 |  3.34 |  5.90 |  2.18 |  6.09 |  4.58 |  4.52 |  1.82 |  3.16 |  4.06 |  3.37 |  9.76 |  3.74 |  7.39 |  5.73 |  5.43 |  8.99 |  4.88 |  1.73 |  5.66 |  3.93 |  7.56 |
|        48 |  3.69 |  6.17 |  3.69 |  4.04 |  3.81 |  6.21 |  1.01 |  6.34 |  4.85 |  2.64 |  3.84 |  3.25 |  3.81 |  8.10 |  6.52 |  5.86 |  6.72 |  6.76 |  3.40 |  4.35 |  4.90 |  1.94 |  4.74 |  4.87 |  5.24 |  2.32 |  3.20 |  3.93 |  2.73 |  8.99 |  3.18 |  6.96 |  5.20 |  6.09 |  7.45 |  4.43 |  1.92 |  5.43 |  3.48 |  7.34 |
|        51 |  2.75 |  6.41 |  1.40 |  2.42 |  4.93 |  5.14 |  1.65 |  4.65 |  2.85 |  1.68 |  4.05 |  4.40 |  1.92 |  5.37 |  4.85 |  5.64 |  6.21 |  7.41 |  5.10 |  3.03 |  4.31 |  2.79 |  4.83 |  2.20 |  3.84 |  1.66 |  1.93 |  3.79 |  1.69 | 14.94 |  4.19 |  2.16 |  5.09 |  5.40 | 10.48 |  4.88 |  1.88 |  4.06 |  4.08 |  6.39 |
|        54 |  2.91 |  4.91 |  1.09 |  1.30 |  3.63 |  5.93 |  1.03 |  2.10 | 10.83 | 14.18 |  3.30 |  3.61 |  4.17 |  5.89 |  6.61 |  5.18 |  6.16 |  6.13 |  4.49 |  6.00 |  5.29 |  7.08 |  5.46 |  1.86 |  0.88 |  1.97 | 12.45 |  3.04 |  7.31 |  9.61 |  4.89 |  2.50 |  5.23 |  3.42 | 15.66 |  5.18 |  2.06 |  3.94 |  6.23 |  5.65 |
|        57 | 20.14 |  6.59 | 11.21 | 15.55 |  5.85 |  9.80 |  8.62 | 13.42 | 15.90 | 10.55 |  6.26 |  8.38 | 15.25 | 11.17 | 12.71 |  9.62 | 13.14 |  7.47 |  7.66 | 15.36 | 12.62 | 19.52 | 11.55 |  7.83 | 11.61 |  8.16 | 11.58 |  9.91 | 13.64 |  8.74 |  7.71 |  8.14 | 11.43 |  9.41 | 10.42 | 10.46 | 11.52 | 11.40 | 10.87 | 12.19 |
|        60 | 22.91 |  8.64 | 17.17 | 25.06 | 22.65 |  7.68 | 36.28 | 21.31 | 15.58 | 29.30 | 27.04 | 12.54 | 24.89 | 21.01 |  7.92 |  8.59 | 12.50 | 18.47 | 14.50 | 22.59 | 21.09 | 23.30 |  6.99 | 22.51 | 16.29 | 18.88 |  3.04 | 12.97 | 38.33 | 23.66 | 24.32 | 14.83 |  6.49 |  7.85 | 35.03 |  6.48 | 20.19 |  4.94 | 15.80 | 17.79 |
|        63 | 32.47 |  6.25 | 24.09 | 33.82 | 22.30 |  7.36 | 36.24 | 21.06 | 29.21 | 26.22 | 34.06 | 24.84 | 30.09 | 25.10 |  8.63 | 14.01 |  6.44 | 15.64 | 22.14 | 27.02 | 15.06 | 35.73 |  3.51 | 16.92 | 25.76 | 16.10 | 17.27 | 11.82 | 37.88 | 23.18 | 22.45 | 22.36 | 17.45 |  7.73 | 39.64 |  9.09 | 20.73 |  6.27 | 29.17 |  5.63 |
|        66 | 25.99 |  8.85 | 11.77 |  7.46 |  8.62 |  5.51 | 18.96 | 13.85 | 21.93 | 21.57 |  8.87 |  3.13 | 20.84 | 25.57 |  5.58 | 13.47 |  5.36 |  7.79 |  7.64 | 22.92 | 13.76 | 17.58 |  4.17 | 10.01 |  1.40 | 12.40 | 24.27 |  6.28 | 18.15 | 18.79 | 13.55 |  8.22 | 14.92 |  4.32 | 25.65 |  6.26 |  4.22 |  6.44 | 23.81 | 10.86 |
|        69 | 24.06 | 17.55 | 15.51 |  3.94 | 18.87 |  2.43 | 15.06 | 14.21 | 16.58 | 13.40 | 20.12 |  7.59 | 15.05 | 19.85 |  8.16 | 14.53 |  2.42 |  8.62 |  8.54 | 14.06 | 10.49 | 11.38 | 17.85 |  7.80 |  3.40 |  9.32 | 17.03 | 15.18 | 12.00 | 12.34 | 11.88 | 16.65 | 18.08 |  7.22 | 20.08 |  2.07 |  2.59 |  6.51 | 13.49 | 18.77 |
|        72 | 18.82 | 14.67 | 15.80 | 10.49 |  3.67 |  7.12 | 13.00 | 11.42 | 17.48 |  9.72 | 13.27 |  6.20 | 13.00 | 13.66 |  4.60 | 17.17 |  5.37 | 11.73 |  4.06 | 10.93 |  8.24 | 10.58 |  8.34 |  7.10 |  3.81 | 12.22 | 14.09 | 13.48 |  9.07 | 13.77 |  9.95 |  8.98 | 10.05 |  3.62 | 24.27 | 10.36 | 12.12 | 17.95 | 10.45 | 16.55 |
|        78 | 27.63 | 15.92 | 12.24 |  6.08 |  4.63 |  1.55 | 13.88 | 11.13 | 15.94 | 13.00 | 15.69 |  2.24 |  4.65 | 14.49 | 11.49 | 14.23 |  4.04 |  7.81 |  7.22 | 10.85 |  4.07 |  0.93 |  2.06 |  4.99 |  7.64 | 13.10 | 16.71 | 16.83 |  2.64 | 19.01 |  4.64 |  5.63 | 12.00 |  3.69 | 21.78 | 17.25 |  6.17 | 10.82 |  9.30 | 33.39 |
|        84 | 27.66 | 23.37 | 20.28 | 10.59 | 19.44 | 35.17 | 31.70 | 22.46 | 18.17 | 29.09 | 28.11 | 22.53 | 18.00 | 26.81 | 31.28 | 25.50 | 14.84 | 10.00 | 29.24 | 22.05 | 13.96 |  8.93 | 25.23 | 12.54 | 15.84 | 20.91 | 23.37 | 36.24 | 11.47 | 39.04 | 21.01 | 24.69 | 15.13 | 12.40 | 29.65 |  2.94 | 15.32 | 15.10 |  9.43 | 42.91 |
|        90 | 13.90 | 16.52 | 11.11 |  7.88 |  4.70 | 23.24 | 19.36 |  9.32 |  3.65 |  4.36 | 12.69 |  3.54 |  5.07 |  4.92 | 11.37 |  7.75 | 10.89 |  8.63 | 11.28 |  4.61 | 14.04 |  9.32 | 10.42 |  6.20 |  5.08 |  3.87 |  5.44 | 14.54 |  6.62 | 18.71 | 14.64 | 13.56 |  4.45 |  4.11 | 18.84 | 11.93 | 13.21 |  4.51 |  8.69 | 21.47 |
|        96 |  9.45 |  5.90 |  8.70 |  7.46 |  6.99 | 16.65 | 11.80 |  6.81 |  2.62 |  3.91 |  4.44 | 11.25 |  4.50 |  5.65 |  4.52 |  5.21 | 10.56 |  6.40 | 13.21 |  5.48 |  6.44 |  3.97 | 10.77 |  7.20 |  2.39 |  1.60 |  5.22 |  5.02 |  2.91 | 11.43 | 17.02 | 11.20 | 11.11 |  9.33 | 11.09 | 10.98 |  3.74 | 20.57 |  8.54 | 16.46 |
|       102 |  7.28 |  3.67 |  7.95 |  8.82 |  7.05 | 10.77 | 11.19 |  4.45 |  2.83 |  4.19 |  5.23 | 21.07 |  8.23 |  2.94 |  4.60 |  3.42 |  6.41 |  7.85 | 14.17 | 11.80 |  2.26 |  9.25 | 13.88 |  8.96 |  3.67 |  6.37 |  6.45 |  2.20 |  7.57 | 10.69 | 23.85 | 23.21 | 21.50 |  6.32 |  7.84 | 13.71 |  8.01 | 13.94 |  9.84 | 15.54 |
|       108 | 10.41 | 18.81 | 24.22 | 26.75 | 21.11 | 22.37 | 24.43 | 10.48 | 17.25 | 21.08 | 17.78 | 24.27 | 28.41 | 28.44 | 17.85 | 17.96 | 35.78 | 25.15 | 19.54 | 27.68 | 27.05 | 26.59 | 35.10 | 32.37 | 19.49 | 25.25 | 29.19 |  8.09 | 31.04 |  7.44 | 24.63 | 25.25 | 27.31 | 24.29 |  8.43 | 15.77 | 25.03 | 28.81 | 29.60 | 18.82 |
|       114 |  8.04 | 14.26 | 11.20 | 11.74 | 11.30 |  4.82 |  9.76 |  9.13 |  6.71 |  9.40 |  5.42 |  7.20 | 14.48 | 13.37 |  8.17 |  6.63 |  9.55 | 10.19 |  7.84 | 18.67 | 14.45 | 16.00 | 13.13 | 15.80 |  9.59 | 15.56 | 12.82 |  8.40 | 12.90 |  2.66 |  4.55 |  7.46 |  8.44 | 10.80 |  6.35 |  8.18 | 10.68 | 12.38 | 15.54 |  8.47 |
|       120 |  5.70 |  9.34 |  4.82 | 11.92 |  6.67 |  8.61 |  3.71 |  1.56 |  2.38 |  7.02 |  2.48 |  7.01 |  8.67 | 11.79 |  1.91 |  4.36 |  8.36 |  6.46 |  6.71 |  7.77 |  9.07 |  8.64 |  8.52 | 12.14 |  1.95 | 11.01 |  9.87 |  4.98 |  8.51 |  6.13 |  2.30 |  2.76 |  5.74 |  7.66 |  1.36 |  7.19 | 13.70 | 10.76 |  9.04 |  2.14 |
