# variable: Temperature at 850hPa
# units: degree celsius
# 
| fcst_hour |     1 |     2 |     3 |     4 |     5 |     6 |     7 |     8 |     9 |    10 |    11 |    12 |    13 |    14 |    15 |   16 |    17 |    18 |    19 |    20 |    21 |    22 |    23 |    24 |    25 |    26 |    27 |    28 |    29 |    30 |    31 |    32 |    33 |    34 |    35 |   36 |    37 |    38 |    39 |    40 |
|         0 |  9.92 |  9.36 |  9.50 |  9.75 | 10.01 |  9.56 |  9.65 |  9.61 |  9.49 |  8.40 |  9.52 |  9.31 |  9.33 |  8.50 |  9.23 | 9.04 |  9.69 |  9.42 |  9.47 |  9.23 |  9.32 |  9.58 |  9.63 |  9.31 |  9.74 |  9.02 |  9.15 |  9.26 |  9.65 |  9.28 |  9.21 |  9.69 |  9.53 |  9.74 |  9.36 | 9.22 |  9.47 |  9.10 |  9.21 |  8.94 |
|         1 |  9.84 |  9.05 |  9.37 |  9.61 |  9.87 |  9.35 |  9.49 |  9.44 |  9.28 |  8.15 |  9.42 |  9.11 |  8.98 |  8.23 |  8.69 | 8.85 |  9.53 |  9.20 |  9.25 |  9.07 |  9.05 |  9.37 |  9.38 |  8.97 |  9.29 |  8.40 |  8.83 |  9.06 |  9.44 |  9.21 |  8.96 |  9.30 |  9.40 |  9.40 |  9.24 | 9.04 |  9.30 |  8.83 |  9.07 |  8.73 |
|         2 |  9.83 |  8.79 |  9.18 |  9.48 |  9.36 |  9.09 |  9.49 |  9.34 |  9.21 |  8.02 |  9.11 |  8.99 |  8.77 |  8.04 |  8.06 | 8.71 |  9.44 |  8.98 |  9.02 |  8.92 |  8.89 |  9.09 |  9.22 |  8.51 |  9.15 |  8.51 |  8.68 |  9.05 |  9.13 |  8.95 |  8.74 |  9.26 |  9.34 |  9.12 |  8.81 | 9.07 |  9.22 |  8.69 |  8.95 |  8.73 |
|         3 |  9.79 |  8.63 |  9.14 |  9.30 |  9.19 |  8.93 |  9.38 |  9.06 |  9.23 |  7.98 |  8.58 |  9.07 |  8.49 |  8.10 |  8.27 | 8.51 |  9.27 |  8.71 |  8.97 |  8.95 |  8.83 |  8.99 |  9.08 |  8.47 |  9.12 |  8.88 |  8.55 |  8.98 |  8.96 |  8.78 |  8.74 |  9.20 |  9.24 |  9.22 |  8.16 | 9.13 |  9.12 |  8.61 |  8.93 |  8.72 |
|         4 |  9.79 |  8.88 |  9.17 |  9.13 |  9.27 |  9.00 |  9.35 |  8.84 |  9.12 |  8.11 |  8.56 |  9.13 |  8.64 |  8.20 |  8.72 | 8.15 |  9.05 |  8.68 |  8.94 |  8.98 |  8.83 |  8.96 |  8.90 |  8.52 |  9.02 |  9.07 |  8.30 |  8.73 |  8.61 |  8.87 |  8.65 |  9.10 |  9.25 |  9.35 |  8.15 | 9.05 |  8.84 |  8.55 |  8.91 |  8.60 |
|         5 |  9.75 |  9.20 |  9.15 |  8.63 |  9.23 |  8.80 |  9.32 |  9.06 |  8.93 |  7.96 |  7.97 |  8.73 |  8.34 |  7.82 |  8.58 | 7.83 |  8.83 |  8.61 |  8.85 |  8.79 |  8.71 |  8.96 |  8.67 |  8.20 |  8.98 |  9.26 |  7.91 |  8.53 |  8.45 |  8.80 |  8.08 |  8.62 |  9.31 |  9.22 |  7.66 | 8.78 |  8.43 |  8.06 |  8.67 |  8.21 |
|         6 |  9.59 |  9.42 |  9.25 |  8.14 |  9.24 |  8.61 |  9.25 |  8.99 |  8.51 |  8.18 |  7.70 |  8.21 |  7.96 |  8.21 |  8.30 | 7.92 |  8.58 |  8.55 |  8.54 |  7.90 |  8.10 |  8.90 |  8.43 |  7.99 |  8.79 |  9.14 |  7.60 |  8.33 |  8.12 |  8.76 |  7.67 |  8.28 |  9.33 |  9.07 |  7.50 | 8.43 |  8.12 |  8.06 |  8.17 |  7.92 |
|         7 |  9.23 |  9.25 |  9.31 |  7.97 |  9.38 |  8.43 |  9.19 |  9.06 |  8.06 |  8.65 |  7.67 |  7.86 |  7.65 |  8.58 |  8.65 | 8.09 |  8.23 |  8.20 |  8.01 |  7.88 |  8.13 |  8.76 |  8.10 |  8.01 |  8.14 |  9.01 |  7.96 |  7.92 |  8.00 |  8.71 |  7.80 |  8.16 |  9.32 |  8.80 |  7.30 | 8.26 |  8.58 |  8.67 |  8.12 |  8.01 |
|         8 |  8.66 |  8.58 |  9.36 |  8.31 |  8.87 |  8.26 |  9.07 |  8.54 |  8.03 |  8.79 |  7.75 |  7.96 |  8.01 |  8.45 |  8.79 | 7.95 |  8.39 |  8.18 |  8.11 |  8.46 |  8.37 |  8.36 |  7.90 |  8.26 |  8.19 |  9.05 |  8.41 |  7.72 |  8.70 |  9.22 |  8.30 |  8.16 |  9.32 |  8.34 |  7.33 | 8.49 |  9.07 |  8.73 |  8.46 |  8.08 |
|         9 |  8.53 |  8.31 |  9.17 |  8.66 |  8.62 |  8.73 |  8.98 |  8.64 |  8.29 |  8.82 |  7.84 |  8.28 |  8.32 |  8.43 |  8.79 | 8.11 |  9.03 |  8.30 |  8.43 |  9.01 |  8.76 |  8.49 |  8.09 |  8.57 |  8.78 |  8.71 |  8.79 |  7.79 |  8.79 |  9.06 |  8.66 |  8.04 |  9.26 |  8.50 |  7.47 | 8.53 |  8.92 |  8.91 |  8.84 |  8.43 |
|        10 |  9.06 |  8.32 |  9.44 |  9.00 |  8.64 |  8.54 |  8.82 |  8.47 |  9.05 |  9.06 |  7.97 |  8.64 |  8.73 |  8.85 |  8.94 | 9.17 |  9.17 |  8.24 |  8.46 |  9.19 |  9.04 |  8.93 |  8.84 |  9.04 |  9.13 |  8.89 |  8.73 |  8.29 |  8.78 |  9.36 |  9.00 |  7.95 |  9.28 |  8.78 |  7.77 | 8.22 |  9.05 |  8.90 |  8.83 |  8.76 |
|        11 |  9.38 |  9.06 |  9.47 |  9.34 |  9.58 |  9.33 |  9.27 |  9.10 |  9.62 |  9.32 |  8.61 |  9.23 |  9.02 |  9.16 |  9.24 | 8.98 |  9.50 |  8.82 |  9.11 |  9.58 |  9.42 |  9.28 |  9.22 |  9.57 |  9.36 |  9.51 |  9.10 |  8.69 |  8.90 |  9.75 |  9.06 |  9.06 |  9.42 |  9.30 |  8.55 | 8.14 |  9.46 |  9.58 |  9.31 |  9.13 |
|        12 |  9.57 |  9.61 |  9.86 |  9.92 |  9.63 |  9.39 |  9.61 |  9.56 |  9.89 |  9.28 |  9.34 |  9.55 |  9.92 |  9.55 |  9.64 | 9.35 |  9.44 |  9.37 | 10.13 |  9.79 |  9.71 |  9.70 |  9.60 |  9.61 |  9.67 |  9.70 |  9.85 |  9.66 |  9.43 |  9.95 |  9.54 |  9.92 | 10.11 |  9.67 |  9.15 | 9.06 |  9.57 |  9.48 |  9.56 |  9.44 |
|        13 | 10.24 | 10.08 | 10.00 |  9.96 | 10.39 |  9.50 |  9.45 |  9.74 |  9.90 |  9.74 |  9.50 |  9.87 |  9.50 |  9.82 |  9.95 | 9.87 |  9.61 |  9.82 |  9.77 |  9.86 |  9.70 |  9.85 |  9.68 |  9.96 |  9.63 |  9.97 |  9.46 |  9.13 |  9.38 | 10.30 | 10.99 | 10.35 | 10.49 |  9.87 |  9.22 | 9.47 |  9.77 |  9.01 |  9.80 | 10.01 |
|        14 | 10.41 | 10.15 |  9.63 |  9.99 |  9.89 |  9.68 |  9.71 |  9.31 |  9.76 |  9.72 |  9.54 |  9.87 |  9.12 |  9.74 | 10.13 | 9.98 |  9.88 | 10.01 |  9.53 | 10.00 | 10.13 | 10.22 | 10.19 |  9.84 |  9.86 | 10.04 |  9.18 |  9.40 |  9.14 | 10.05 | 10.28 | 10.10 | 10.31 |  9.62 |  9.61 | 8.75 | 10.19 |  9.31 |  9.69 | 10.40 |
|        15 | 10.22 |  9.94 |  9.92 | 10.10 |  9.45 | 10.45 | 10.19 | 10.53 |  9.85 |  9.92 |  9.34 |  9.59 | 10.09 |  9.37 |  9.94 | 9.80 |  9.96 |  9.95 |  9.33 |  9.67 |  9.23 |  9.82 |  9.80 |  9.54 |  9.73 |  9.79 |  9.52 |  9.69 |  9.79 | 10.17 |  9.66 |  9.95 | 10.26 |  9.76 |  9.33 | 9.91 |  9.83 |  9.11 |  9.59 | 10.21 |
|        16 |  9.90 |  9.81 | 10.07 |  9.82 | 10.12 | 10.51 |  9.40 |  9.45 | 10.73 |  9.79 |  9.81 |  9.44 |  9.97 | 10.15 |  9.58 | 9.52 | 10.00 | 10.00 |  9.71 |  9.62 | 10.21 |  9.88 |  9.19 |  9.78 |  9.61 |  9.59 | 10.09 |  9.21 |  9.73 | 10.37 |  9.56 |  9.82 | 10.32 | 10.06 |  9.86 | 9.21 |  9.97 |  9.76 | 10.22 |  9.93 |
|        17 | 10.17 | 10.35 |  9.64 |  9.60 |  9.67 | 10.10 |  9.36 |  9.57 | 10.11 | 10.03 |  9.58 |  9.99 |  9.01 |  9.36 | 10.21 | 9.04 |  9.53 |  9.79 |  9.27 |  9.94 | 10.13 |  9.77 |  9.37 | 10.26 | 10.16 | 10.05 | 10.46 |  9.50 |  9.29 | 10.04 |  9.74 | 10.04 |  9.99 | 10.04 | 10.08 | 9.18 | 10.03 |  9.32 | 10.01 |  9.81 |
|        18 | 10.05 | 10.13 |  9.88 |  9.71 |  9.30 |  9.64 |  9.60 |  9.77 |  9.47 | 10.04 |  9.59 | 10.39 |  9.51 |  9.31 |  9.12 | 9.00 |  9.42 |  9.75 |  9.84 |  9.95 |  9.84 |  9.53 |  9.33 |  9.94 | 10.30 |  9.85 | 10.83 |  9.46 |  9.33 |  9.92 |  9.49 |  9.81 |  9.75 |  9.89 | 10.30 | 9.53 |  9.52 |  8.99 |  9.45 |  9.47 |
|        19 |  9.67 |  9.69 | 10.22 |  9.98 |  9.42 |  9.45 | 10.02 |  9.71 |  9.86 |  9.86 |  9.58 | 10.36 |  8.58 |  9.39 | 10.00 | 9.57 |  9.83 |  9.68 | 10.04 |  9.67 |  9.74 | 10.15 |  9.25 | 10.13 | 10.16 |  9.33 | 10.75 |  9.08 |  9.36 |  9.69 |  9.51 |  9.96 | 10.33 |  9.82 | 10.12 | 9.43 |  9.04 |  8.62 |  9.35 | 10.03 |
|        20 |  9.89 |  9.31 |  9.94 |  9.06 |  8.85 |  8.96 |  9.54 |  8.95 | 10.10 |  9.96 |  8.52 |  9.48 |  8.16 |  8.75 |  9.90 | 9.56 |  9.99 |  9.50 | 10.16 |  9.41 |  9.49 |  9.34 |  8.71 |  9.63 | 10.32 |  8.83 | 10.44 |  8.69 |  9.04 |  8.86 |  9.09 |  9.60 | 10.11 |  9.92 |  9.86 | 9.79 |  8.69 |  8.11 |  8.45 | 10.16 |
|        21 |  9.51 |  8.78 |  9.14 |  8.61 |  8.85 |  8.36 |  9.54 |  8.59 |  9.20 |  9.86 |  8.27 |  9.12 |  7.77 |  8.58 |  9.22 | 9.07 |  8.65 |  9.39 |  9.08 |  8.83 |  8.70 |  8.60 |  8.24 |  9.59 |  9.64 |  8.72 |  9.38 |  8.58 |  8.56 |  8.67 |  8.64 |  8.68 |  8.95 |  9.72 |  9.14 | 8.74 |  8.75 |  7.81 |  8.46 |  9.38 |
|        22 |  8.11 |  8.34 |  8.93 |  8.17 |  8.44 |  7.96 |  8.32 |  9.21 |  8.31 |  8.72 |  8.30 |  8.67 |  7.62 |  8.86 |  8.87 | 8.78 |  8.88 |  8.57 |  8.67 |  8.34 |  8.83 |  8.87 |  7.89 |  9.03 |  9.12 |  7.90 |  8.79 |  8.08 |  8.35 |  6.63 |  8.84 |  8.77 |  8.69 |  9.06 |  8.44 | 9.02 |  8.57 |  7.58 |  8.38 |  9.04 |
|        23 |  8.32 |  8.06 |  8.57 |  7.35 |  8.48 |  7.21 |  7.92 |  7.87 |  8.47 |  8.69 |  7.84 |  8.79 |  6.91 |  8.28 |  8.78 | 8.90 |  8.55 |  8.71 |  8.11 |  8.11 |  9.05 |  8.48 |  7.53 |  8.82 |  8.95 |  7.35 |  8.39 |  7.40 |  7.96 |  5.23 |  9.06 |  7.98 |  9.15 |  8.95 |  9.30 | 8.56 |  8.32 |  7.26 |  7.89 |  9.21 |
|        24 |  8.54 |  7.66 |  8.51 |  6.54 |  7.60 |  6.47 |  7.53 |  6.26 |  7.49 |  8.93 |  6.84 |  7.60 |  5.92 |  7.10 |  8.27 | 8.53 |  8.39 |  8.50 |  8.20 |  7.29 |  8.56 |  7.27 |  6.88 |  7.87 |  8.62 |  6.65 |  7.63 |  6.68 |  6.94 |  4.63 |  8.40 |  8.00 |  8.27 |  8.75 |  8.90 | 7.93 |  7.88 |  6.93 |  7.36 |  9.22 |
|        25 |  8.36 |  7.14 |  7.94 |  6.14 |  6.45 |  5.71 |  7.23 |  5.33 |  6.48 |  8.25 |  5.72 |  6.12 |  5.11 |  5.59 |  7.34 | 7.57 |  7.73 |  8.01 |  7.20 |  6.56 |  8.12 |  6.03 |  6.05 |  6.84 |  8.78 |  5.79 |  6.64 |  5.70 |  5.82 |  4.47 |  7.16 |  7.15 |  6.73 |  8.28 |  7.73 | 7.40 |  7.11 |  6.22 |  6.76 |  8.11 |
|        26 |  7.75 |  6.75 |  6.99 |  5.76 |  5.45 |  5.00 |  6.41 |  5.05 |  5.47 |  8.10 |  5.11 |  4.89 |  4.66 |  5.01 |  6.09 | 6.61 |  6.65 |  7.12 |  6.21 |  5.99 |  7.85 |  5.27 |  5.10 |  6.29 |  8.43 |  5.39 |  5.80 |  5.22 |  5.11 |  4.72 |  5.35 |  5.99 |  5.32 |  8.15 |  6.22 | 6.58 |  6.72 |  5.50 |  5.90 |  6.71 |
|        27 |  6.93 |  6.17 |  6.23 |  5.39 |  4.88 |  4.64 |  5.85 |  4.79 |  4.97 |  7.98 |  4.85 |  4.24 |  4.57 |  5.01 |  5.04 | 5.77 |  6.09 |  6.27 |  5.53 |  5.49 |  7.58 |  4.96 |  4.17 |  5.71 |  8.15 |  4.99 |  5.10 |  4.75 |  4.83 |  4.94 |  4.46 |  4.89 |  4.67 |  7.35 |  5.51 | 6.04 |  6.74 |  5.00 |  5.20 |  5.79 |
|        28 |  6.50 |  5.88 |  5.61 |  5.16 |  4.63 |  4.47 |  5.55 |  4.60 |  4.88 |  7.36 |  4.92 |  4.09 |  4.57 |  5.16 |  4.59 | 5.22 |  5.67 |  5.86 |  5.05 |  5.19 |  7.07 |  4.97 |  4.03 |  5.42 |  7.75 |  4.58 |  4.11 |  4.44 |  4.78 |  4.88 |  4.22 |  4.84 |  4.43 |  6.84 |  5.17 | 5.36 |  6.47 |  4.75 |  4.84 |  5.37 |
|        29 |  6.38 |  5.66 |  5.23 |  4.94 |  4.64 |  4.37 |  5.44 |  4.46 |  4.88 |  7.12 |  4.98 |  4.08 |  4.59 |  5.21 |  4.57 | 5.09 |  5.21 |  5.68 |  4.89 |  5.03 |  6.54 |  5.02 |  4.13 |  5.30 |  7.21 |  4.44 |  3.72 |  4.18 |  4.85 |  4.80 |  4.15 |  4.93 |  4.43 |  6.55 |  5.05 | 5.27 |  6.62 |  4.78 |  4.72 |  5.21 |
|        30 |  6.21 |  5.56 |  5.04 |  4.79 |  4.74 |  4.18 |  5.29 |  4.52 |  4.88 |  7.06 |  5.06 |  4.18 |  4.84 |  5.43 |  4.68 | 5.30 |  4.87 |  5.67 |  4.46 |  5.00 |  6.46 |  4.94 |  4.12 |  5.24 |  6.72 |  4.52 |  3.76 |  4.14 |  5.01 |  4.64 |  4.27 |  4.78 |  4.49 |  6.25 |  5.17 | 5.43 |  7.09 |  4.89 |  4.66 |  5.17 |
|        31 |  6.25 |  5.82 |  5.03 |  4.74 |  4.90 |  4.25 |  5.19 |  4.63 |  4.90 |  7.04 |  5.25 |  4.31 |  4.80 |  5.68 |  4.76 | 5.40 |  5.18 |  5.65 |  4.02 |  5.03 |  6.74 |  4.90 |  3.90 |  5.28 |  6.90 |  4.91 |  3.92 |  4.23 |  5.27 |  4.46 |  4.64 |  4.91 |  4.72 |  5.89 |  5.31 | 5.48 |  7.02 |  5.15 |  4.67 |  5.01 |
|        32 |  6.57 |  5.98 |  4.86 |  4.86 |  5.25 |  4.59 |  5.25 |  4.62 |  4.89 |  7.14 |  5.39 |  4.52 |  4.81 |  5.68 |  4.90 | 5.47 |  5.99 |  5.81 |  4.04 |  5.14 |  6.99 |  5.09 |  4.41 |  5.51 |  7.60 |  5.30 |  4.17 |  4.33 |  5.64 |  4.38 |  4.79 |  5.14 |  4.90 |  6.14 |  5.46 | 6.00 |  6.94 |  5.43 |  4.90 |  5.06 |
|        33 |  6.96 |  6.18 |  4.82 |  5.02 |  5.44 |  5.02 |  5.36 |  4.55 |  4.97 |  7.21 |  5.59 |  4.56 |  5.27 |  5.85 |  5.18 | 5.71 |  6.77 |  6.19 |  4.59 |  5.38 |  7.21 |  5.41 |  5.09 |  5.90 |  7.70 |  5.82 |  4.54 |  4.49 |  6.23 |  4.56 |  4.90 |  5.87 |  5.07 |  6.43 |  5.59 | 6.81 |  7.40 |  5.50 |  5.56 |  5.50 |
|        34 |  7.34 |  6.28 |  4.96 |  4.94 |  5.65 |  5.45 |  5.68 |  4.30 |  5.13 |  7.33 |  5.94 |  4.71 |  5.95 |  6.16 |  5.57 | 5.94 |  7.19 |  6.79 |  5.27 |  5.84 |  7.68 |  5.71 |  5.40 |  6.33 |  7.79 |  6.64 |  4.89 |  4.70 |  6.97 |  4.97 |  5.26 |  6.67 |  5.35 |  6.77 |  5.69 | 7.14 |  7.67 |  5.67 |  6.21 |  5.91 |
|        35 |  7.80 |  6.53 |  5.14 |  5.17 |  5.79 |  5.86 |  6.06 |  4.37 |  5.39 |  7.30 |  6.26 |  4.99 |  6.41 |  6.74 |  6.04 | 6.25 |  7.74 |  7.36 |  5.76 |  6.19 |  8.31 |  5.84 |  5.40 |  6.63 |  8.19 |  7.15 |  5.13 |  5.06 |  7.49 |  5.49 |  5.95 |  7.59 |  5.63 |  7.51 |  5.92 | 7.30 |  7.73 |  6.12 |  6.74 |  6.32 |
|        36 |  8.18 |  7.01 |  5.21 |  5.56 |  6.05 |  6.50 |  6.36 |  4.78 |  5.77 |  7.23 |  6.69 |  5.50 |  6.87 |  7.63 |  6.52 | 6.67 |  8.27 |  8.06 |  6.56 |  6.47 |  8.80 |  5.91 |  5.68 |  7.09 |  8.84 |  8.02 |  5.36 |  5.43 |  7.77 |  5.93 |  6.62 |  8.30 |  5.71 |  8.30 |  6.38 | 7.69 |  7.91 |  6.65 |  7.25 |  6.56 |
|        37 |  8.47 |  7.42 |  5.44 |  5.90 |  6.52 |  7.30 |  6.74 |  5.24 |  5.95 |  7.36 |  7.11 |  5.87 |  7.38 |  8.27 |  6.68 | 7.38 |  8.66 |  8.34 |  7.42 |  6.99 |  8.98 |  5.95 |  6.42 |  7.57 |  9.26 |  8.37 |  5.34 |  5.88 |  8.11 |  6.29 |  7.26 |  8.47 |  5.83 |  8.86 |  6.79 | 8.19 |  8.09 |  7.26 |  7.81 |  6.80 |
|        38 |  8.58 |  7.70 |  5.57 |  6.26 |  7.03 |  7.92 |  7.17 |  5.61 |  5.97 |  7.76 |  7.72 |  6.08 |  7.86 |  8.74 |  7.21 | 7.83 |  9.05 |  8.67 |  7.78 |  7.52 |  9.10 |  6.28 |  7.19 |  8.02 |  9.60 |  8.72 |  5.81 |  6.34 |  8.37 |  6.70 |  7.44 |  8.57 |  6.36 |  9.12 |  6.95 | 8.72 |  8.44 |  7.60 |  8.29 |  7.07 |
|        39 |  8.70 |  7.88 |  5.65 |  6.65 |  7.45 |  8.31 |  7.69 |  5.82 |  5.99 |  7.92 |  7.90 |  6.51 |  8.20 |  8.45 |  7.55 | 7.89 |  9.13 |  8.82 |  7.95 |  7.85 |  9.55 |  7.49 |  7.38 |  8.50 |  9.96 |  9.31 |  6.27 |  6.46 |  8.60 |  7.08 |  7.67 |  8.81 |  7.00 |  9.31 |  7.22 | 9.11 |  8.78 |  8.12 |  8.68 |  7.31 |
|        40 |  9.03 |  8.04 |  5.95 |  7.30 |  7.66 |  8.43 |  7.82 |  5.77 |  6.08 |  7.76 |  8.06 |  7.17 |  8.41 |  8.38 |  8.06 | 7.82 |  9.08 |  9.15 |  8.14 |  8.35 |  9.84 |  8.29 |  7.37 |  8.80 | 10.33 |  9.40 |  6.16 |  6.62 |  8.78 |  7.20 |  7.89 |  8.79 |  7.29 |  9.48 |  7.53 | 9.22 |  9.02 |  8.58 |  8.96 |  7.43 |
|        41 |  9.34 |  8.14 |  6.07 |  7.73 |  7.71 |  8.62 |  8.01 |  5.78 |  6.11 |  7.86 |  7.96 |  7.37 |  8.88 |  8.57 |  8.25 | 7.67 |  9.28 |  9.46 |  8.39 |  8.44 | 10.14 |  8.46 |  7.26 |  8.79 | 10.43 |  9.83 |  5.86 |  6.69 |  8.91 |  7.51 |  7.89 |  8.88 |  7.48 |  9.60 |  7.74 | 9.24 |  9.07 |  8.87 |  9.36 |  7.55 |
|        42 |  9.49 |  8.16 |  6.10 |  7.86 |  7.69 |  8.77 |  8.30 |  6.21 |  6.06 |  7.86 |  7.89 |  7.07 |  9.14 |  8.66 |  8.49 | 7.40 |  9.48 |  9.67 |  8.63 |  8.86 | 10.09 |  8.48 |  7.04 |  8.68 | 10.21 |  9.82 |  5.87 |  6.67 |  8.95 |  7.92 |  7.70 |  8.93 |  7.62 |  9.71 |  7.95 | 9.27 |  9.01 |  9.09 |  9.51 |  7.93 |
|        43 |  9.53 |  8.07 |  6.32 |  8.02 |  7.67 |  8.95 |  8.40 |  6.83 |  6.09 |  7.99 |  7.81 |  6.86 |  9.18 |  8.81 |  8.64 | 7.30 |  9.30 |  9.58 |  8.79 |  9.02 |  9.94 |  8.39 |  6.79 |  8.71 | 10.00 | 10.02 |  5.91 |  6.65 |  8.93 |  7.99 |  8.08 |  9.02 |  7.47 |  9.70 |  8.00 | 9.40 |  8.94 |  9.07 |  9.67 |  7.92 |
|        44 |  9.55 |  8.01 |  6.41 |  8.23 |  7.68 |  9.21 |  8.51 |  7.11 |  6.18 |  7.91 |  7.86 |  6.69 |  8.97 |  8.77 |  8.70 | 7.25 |  8.94 |  9.43 |  8.82 |  9.24 | 10.02 |  8.50 |  6.78 |  8.84 | 10.21 | 10.11 |  6.14 |  6.75 |  8.99 |  8.06 |  7.85 |  8.76 |  7.45 |  9.68 |  7.92 | 9.33 |  8.84 |  8.90 |  9.87 |  7.88 |
|        45 |  9.54 |  8.09 |  6.41 |  8.52 |  7.90 |  9.03 |  8.69 |  7.10 |  6.22 |  7.91 |  7.98 |  6.90 |  9.03 |  8.95 |  8.83 | 7.54 |  8.95 |  9.44 |  8.80 |  9.47 |  9.97 |  8.68 |  6.79 |  9.02 | 10.30 | 10.19 |  5.90 |  6.80 |  9.08 |  8.13 |  7.61 |  9.16 |  7.40 |  9.69 |  7.90 | 9.13 |  8.92 |  8.79 |  9.94 |  7.88 |
|        46 |  9.41 |  8.09 |  6.89 |  8.73 |  7.96 |  8.44 |  8.86 |  7.05 |  6.21 |  7.27 |  8.34 |  7.03 |  8.81 |  8.88 |  8.71 | 7.80 |  9.24 |  9.18 |  8.81 |  9.41 | 10.04 |  8.85 |  6.74 |  9.00 |  9.75 | 10.45 |  5.72 |  6.98 |  8.98 |  8.44 |  7.46 |  9.05 |  7.45 |  9.51 |  7.99 | 8.57 |  8.67 |  8.74 |  9.76 |  7.90 |
|        47 |  9.27 |  7.98 |  7.31 |  8.94 |  7.97 |  8.19 |  9.01 |  6.80 |  6.20 |  7.06 |  8.51 |  7.04 |  8.13 |  8.97 |  8.57 | 7.76 |  8.82 |  9.44 |  8.72 |  9.28 |  9.40 |  8.83 |  6.95 |  9.20 |  9.63 |  9.41 |  5.09 |  7.10 |  9.00 |  8.84 |  7.68 |  8.63 |  7.52 |  9.52 |  7.68 | 8.56 |  8.57 |  8.43 |  9.56 |  7.90 |
|        48 |  9.18 |  8.08 |  7.66 |  9.22 |  7.46 |  8.02 |  8.80 |  6.56 |  6.20 |  6.80 |  8.57 |  7.09 |  7.57 |  9.19 |  8.41 | 7.53 |  8.01 |  8.69 |  8.81 |  9.55 |  8.58 |  8.86 |  7.04 |  8.93 |  9.01 |  8.58 |  4.65 |  7.20 |  8.85 |  8.83 |  7.80 |  8.30 |  7.40 |  9.30 |  7.55 | 8.03 |  7.84 |  8.08 | 10.94 |  7.79 |
|        51 |  7.22 |  7.64 |  7.97 |  7.59 |  5.17 |  5.62 |  6.84 |  5.41 |  6.55 |  5.05 |  7.94 |  6.25 |  6.85 |  7.46 |  6.56 | 6.55 |  7.36 |  6.65 |  5.61 |  7.81 |  6.29 |  7.71 |  6.90 |  6.89 |  7.04 |  6.09 |  4.63 |  6.37 |  7.32 |  7.79 |  6.63 |  6.80 |  7.77 |  6.68 |  6.78 | 6.34 |  5.58 |  8.07 |  7.37 |  7.91 |
|        54 |  6.05 |  6.15 |  6.27 |  6.45 |  4.94 |  6.65 |  6.19 |  5.30 |  6.27 |  4.02 |  5.71 |  4.00 |  5.74 |  6.30 |  6.89 | 4.95 |  7.88 |  6.85 |  4.33 |  8.06 |  5.70 |  8.18 |  4.87 |  5.55 |  8.31 |  5.22 |  4.73 |  4.49 |  6.27 |  6.93 |  5.55 |  4.85 |  5.72 |  6.77 |  5.44 | 4.88 |  6.37 |  5.54 |  5.47 |  5.99 |
|        57 |  5.57 |  4.78 |  6.36 |  6.32 |  4.51 |  5.92 |  5.57 |  3.12 |  5.79 |  3.15 |  7.13 |  4.25 |  4.40 |  5.82 |  6.55 | 3.84 |  6.81 |  6.96 |  3.91 |  5.84 |  5.48 |  7.97 |  5.76 |  5.31 |  6.83 |  4.54 |  4.59 |  5.15 |  5.63 |  6.29 |  6.39 |  3.36 |  6.72 |  5.57 |  5.11 | 5.39 |  6.07 |  5.42 |  4.56 |  5.88 |
|        60 |  4.85 |  5.12 |  6.09 |  5.69 |  4.20 |  5.73 |  4.83 |  2.21 |  6.44 |  4.05 |  5.99 |  5.45 |  1.82 |  6.12 |  6.25 | 5.28 |  4.98 |  5.92 |  1.40 |  4.61 |  5.99 |  7.46 |  5.83 |  5.02 |  7.42 |  4.94 |  4.02 |  4.76 |  6.22 |  4.50 |  4.29 |  4.61 |  6.24 |  5.30 |  4.33 | 5.03 |  5.80 |  5.06 |  3.68 |  6.44 |
|        63 |  2.61 |  6.24 |  4.75 |  3.84 |  2.37 |  5.28 |  4.20 |  2.78 |  7.10 |  4.52 |  4.40 |  5.10 |  2.74 |  6.63 |  3.93 | 5.46 |  2.69 |  5.27 |  2.22 |  3.53 |  6.94 |  5.01 |  5.28 |  4.72 |  5.47 |  4.09 |  3.31 |  4.29 |  5.67 |  3.48 |  3.51 |  5.44 |  6.09 |  2.42 |  3.61 | 4.64 |  5.17 |  3.79 |  3.14 |  7.40 |
|        66 |  2.13 |  4.66 |  3.17 |  2.97 |  1.80 |  3.95 |  2.66 |  2.29 |  6.11 |  4.85 |  3.37 |  2.05 |  2.55 |  5.58 |  2.80 | 5.31 |  2.33 |  2.42 |  0.79 |  3.30 |  6.22 |  3.19 |  2.17 |  3.42 |  2.73 |  3.35 |  2.33 |  1.73 |  3.30 |  3.20 |  1.74 |  4.77 |  3.48 |  1.37 |  2.27 | 3.45 |  1.02 |  2.92 |  2.14 |  6.97 |
|        69 |  1.19 |  2.09 |  2.60 |  2.53 |  0.62 |  2.51 |  1.40 |  2.28 |  4.49 |  4.81 |  2.11 |  1.82 |  1.37 |  3.70 |  2.06 | 2.51 |  1.88 |  1.46 | -0.24 |  2.44 |  5.94 |  2.68 |  1.25 |  1.62 |  1.83 |  2.44 |  1.94 |  0.33 |  1.29 |  2.59 |  0.92 |  3.57 |  2.26 |  0.92 |  1.22 | 2.47 | -0.37 |  2.02 |  1.43 |  6.48 |
|        72 | -0.09 |  1.80 |  1.94 |  1.79 |  0.02 |  2.40 |  0.71 |  1.15 |  2.74 |  4.62 |  1.44 |  1.03 |  0.60 |  2.69 |  1.56 | 0.63 |  1.22 | -0.21 | -0.30 |  1.98 |  5.91 |  1.97 |  0.50 |  0.71 |  1.12 |  2.00 |  0.88 | -0.08 | -0.09 |  0.53 | -0.33 |  2.15 |  1.43 |  1.49 |  0.77 | 2.81 | -1.75 |  0.85 |  0.06 |  4.96 |
|        78 | -0.79 |  2.48 |  1.97 |  1.22 | -0.63 |  2.43 |  1.57 |  0.83 |  1.82 |  4.58 | -0.20 |  1.09 |  0.07 |  2.81 |  2.24 | 2.63 |  0.04 |  0.34 | -0.29 |  1.16 |  7.62 |  0.56 |  0.47 |  0.27 |  1.15 |  1.59 |  2.12 |  0.69 |  0.25 | -0.07 |  0.40 |  1.54 |  0.98 | -0.93 |  2.28 | 4.72 | -2.16 | -0.04 |  1.04 |  4.06 |
|        84 | -0.18 |  4.90 |  4.70 |  3.60 |  0.46 |  4.83 |  4.69 |  1.99 |  3.46 |  5.40 |  1.69 |  2.83 |  1.27 |  5.47 |  4.95 | 5.37 |  1.57 |  1.01 |  3.48 |  1.45 |  9.22 |  2.21 |  2.35 |  1.16 |  3.40 |  3.10 |  4.54 |  3.06 |  3.46 |  3.19 |  3.68 |  3.13 |  1.29 |  0.87 |  5.96 | 7.73 |  0.14 |  1.38 |  3.38 |  5.21 |
|        90 |  0.88 |  6.30 |  5.89 |  5.37 |  2.16 |  6.89 |  6.05 |  4.60 |  5.44 |  5.90 |  4.30 |  5.29 |  3.12 |  6.67 |  6.41 | 7.23 |  2.18 |  2.32 |  5.59 |  2.64 |  8.88 |  3.84 |  4.58 |  2.78 |  7.21 |  5.72 |  6.85 |  4.52 |  4.82 |  5.18 |  4.72 |  4.84 |  3.74 |  3.07 |  7.01 | 7.83 |  3.20 |  1.75 |  6.01 |  5.84 |
|        96 |  1.51 |  5.31 |  6.68 |  6.87 |  3.82 |  6.56 |  7.46 |  7.32 |  6.99 |  6.44 |  6.31 |  5.88 |  3.99 |  8.56 |  7.54 | 8.21 |  5.21 |  2.66 |  6.86 |  2.88 |  8.12 |  4.14 |  6.57 |  2.17 |  9.51 |  6.68 |  6.83 |  6.43 |  6.82 |  6.54 |  6.17 |  5.75 |  6.56 |  5.62 |  6.97 | 7.12 |  5.72 |  1.73 |  8.52 |  7.14 |
|       102 |  2.90 |  5.75 |  7.59 |  7.03 |  4.92 |  7.16 |  6.96 |  8.06 |  7.40 |  6.35 |  6.98 |  6.83 |  6.02 |  8.01 |  6.97 | 8.75 |  6.54 |  3.26 |  7.67 |  4.49 |  8.53 |  5.88 |  7.92 |  4.31 | 10.78 |  7.18 |  5.22 |  7.01 |  8.36 |  7.22 |  7.28 |  5.89 |  7.68 |  6.09 |  9.28 | 7.08 |  7.68 |  2.15 |  7.92 |  8.53 |
|       108 |  6.66 |  7.49 |  7.21 |  5.78 |  5.34 |  9.03 |  8.27 |  8.20 |  9.72 |  6.37 |  7.51 |  7.94 |  6.86 |  8.36 |  8.22 | 8.84 |  7.28 |  8.02 |  8.56 |  7.19 |  8.88 |  8.42 |  6.77 |  6.86 | 10.94 |  8.13 |  6.61 |  7.82 |  9.52 |  8.50 |  9.01 |  7.49 |  8.81 |  7.10 |  9.72 | 8.05 |  9.51 |  4.01 |  9.44 | 10.63 |
|       114 |  7.63 |  8.64 |  8.42 |  7.69 |  6.72 | 10.11 |  9.86 |  8.23 |  9.34 |  7.11 |  7.35 |  9.72 |  8.07 | 10.05 |  7.76 | 8.68 |  7.11 | 10.04 |  6.71 |  8.07 | 10.39 |  9.97 |  6.55 |  7.88 | 10.08 |  9.08 |  7.87 |  9.05 |  9.96 | 10.01 | 10.59 |  7.13 |  8.82 |  8.75 | 10.25 | 8.14 |  7.25 |  5.96 |  7.88 |  9.80 |
|       120 |  8.21 |  8.14 |  9.35 |  7.94 |  7.20 |  8.80 | 11.04 |  8.15 |  9.81 |  7.12 |  6.72 |  8.10 |  8.19 | 11.40 |  7.23 | 8.98 |  8.04 |  9.98 |  5.72 | 10.73 |  9.66 |  9.10 |  6.68 |  8.20 |  8.77 |  8.11 |  8.08 |  9.70 | 10.61 | 11.22 |  9.58 |  6.97 |  7.65 |  9.25 | 10.80 | 7.97 |  5.74 |  8.38 |  7.58 | 10.17 |
