# variable: Momentary Wind Speed at 10m
# units: km/h
# 
| fcst_hour |     1 |    2 |     3 |     4 |     5 |     6 |     7 |     8 |     9 |    10 |    11 |    12 |    13 |    14 |   15 |    16 |    17 |    18 |    19 |    20 |    21 |   22 |    23 |    24 |    25 |    26 |    27 |    28 |    29 |    30 |    31 |   32 |    33 |   34 |    35 |    36 |    37 |    38 |    39 |    40 |
|         0 |  3.46 | 2.56 |  2.11 |  3.17 |  2.40 |  3.89 |  2.19 |  1.54 |  2.88 |  3.38 |  2.88 |  2.51 |  2.95 |  2.88 | 2.48 |  0.82 |  2.76 |  1.96 |  3.11 |  2.67 |  1.56 | 3.51 |  4.70 |  2.47 |  3.29 |  2.93 |  1.93 |  2.94 |  2.04 |  1.28 |  3.70 | 3.21 |  3.51 | 3.03 |  3.95 |  3.10 |  2.26 |  2.81 |  2.42 |  1.61 |
|         1 |  3.01 | 2.39 |  2.09 |  2.43 |  2.71 |  3.23 |  2.13 |  0.87 |  2.68 |  2.96 |  2.42 |  2.61 |  2.85 |  2.72 | 2.19 |  1.07 |  2.55 |  1.83 |  3.45 |  2.16 |  1.27 | 2.92 |  4.02 |  2.21 |  2.98 |  2.37 |  2.26 |  3.29 |  2.05 |  0.80 |  3.27 | 2.75 |  3.24 | 2.17 |  4.09 |  3.04 |  2.34 |  2.38 |  2.29 |  1.80 |
|         2 |  3.79 | 3.34 |  2.68 |  3.07 |  3.34 |  3.44 |  2.78 |  1.45 |  3.08 |  3.09 |  2.76 |  2.42 |  3.43 |  3.22 | 2.76 |  2.66 |  3.24 |  3.00 |  3.88 |  1.84 |  2.59 | 3.22 |  3.80 |  2.70 |  3.13 |  2.70 |  3.28 |  3.73 |  2.88 |  1.92 |  3.72 | 2.80 |  3.42 | 2.55 |  4.18 |  3.32 |  3.11 |  3.00 |  2.71 |  3.09 |
|         3 |  4.47 | 3.53 |  3.07 |  3.46 |  3.88 |  3.59 |  3.48 |  2.95 |  4.44 |  3.53 |  3.09 |  3.40 |  3.51 |  3.66 | 3.59 |  2.96 |  3.47 |  3.50 |  3.95 |  2.21 |  3.26 | 3.57 |  4.21 |  2.97 |  3.77 |  2.75 |  3.90 |  4.55 |  3.27 |  2.03 |  3.75 | 3.21 |  3.59 | 3.40 |  4.13 |  4.05 |  3.43 |  2.96 |  2.78 |  3.52 |
|         4 |  4.45 | 3.55 |  3.06 |  3.28 |  3.60 |  3.07 |  3.47 |  3.58 |  4.17 |  3.63 |  2.99 |  3.03 |  3.13 |  3.78 | 3.69 |  3.03 |  4.03 |  2.75 |  4.14 |  2.42 |  3.78 | 3.42 |  4.04 |  3.16 |  3.83 |  2.92 |  4.04 |  4.24 |  3.50 |  2.73 |  3.34 | 2.74 |  3.27 | 3.55 |  3.77 |  3.60 |  3.57 |  3.41 |  2.83 |  3.77 |
|         5 |  3.89 | 3.12 |  3.63 |  3.16 |  3.60 |  3.21 |  3.45 |  3.51 |  4.32 |  3.12 |  2.90 |  3.31 |  3.08 |  3.61 | 3.86 |  3.52 |  3.49 |  2.81 |  3.48 |  2.24 |  4.02 | 3.06 |  3.93 |  3.41 |  4.10 |  3.29 |  3.82 |  4.36 |  3.15 |  2.94 |  2.91 | 2.84 |  3.44 | 3.86 |  3.42 |  3.20 |  3.44 |  3.57 |  2.53 |  3.93 |
|         6 |  3.54 | 2.97 |  2.42 |  2.96 |  3.24 |  2.66 |  2.97 |  3.22 |  2.64 |  3.02 |  2.75 |  3.03 |  2.70 |  3.00 | 3.49 |  2.59 |  2.64 |  2.02 |  2.41 |  1.59 |  3.38 | 2.47 |  3.48 |  2.49 |  3.69 |  2.92 |  3.40 |  4.11 |  2.47 |  2.21 |  2.44 | 1.96 |  3.10 | 3.38 |  2.58 |  2.70 |  2.81 |  2.89 |  2.14 |  3.46 |
|         7 |  2.75 | 2.49 |  2.11 |  2.66 |  2.34 |  2.29 |  2.35 |  2.36 |  2.47 |  2.24 |  2.19 |  3.21 |  2.77 |  2.43 | 3.00 |  2.46 |  2.79 |  2.02 |  2.28 |  2.04 |  2.88 | 2.09 |  3.05 |  2.63 |  3.38 |  2.37 |  2.81 |  3.14 |  2.48 |  2.73 |  1.92 | 2.05 |  2.88 | 2.72 |  2.48 |  2.60 |  3.05 |  2.38 |  1.83 |  2.37 |
|         8 |  1.68 | 1.49 |  1.37 |  1.24 |  1.52 |  2.44 |  1.16 |  2.26 |  1.13 |  0.96 |  1.44 |  2.33 |  1.41 |  1.47 | 2.76 |  1.27 |  1.63 |  1.51 |  1.16 |  1.11 |  1.97 | 1.49 |  2.30 |  1.17 |  2.35 |  1.43 |  1.33 |  2.63 |  2.65 |  1.73 |  1.27 | 1.11 |  1.82 | 1.78 |  0.73 |  1.42 |  1.27 |  1.18 |  0.84 |  1.01 |
|         9 |  2.04 | 2.41 |  1.95 |  2.54 |  2.02 |  0.75 |  2.71 |  3.10 |  1.66 |  2.20 |  2.25 |  2.24 |  2.74 |  3.24 | 1.72 |  2.04 |  2.21 |  1.87 |  2.36 |  1.66 |  2.17 | 2.46 |  1.30 |  1.70 |  3.10 |  2.43 |  2.77 |  2.19 |  2.48 |  2.25 |  2.73 | 2.20 |  1.44 | 1.85 |  2.72 |  2.51 |  2.15 |  2.20 |  1.85 |  2.43 |
|        10 |  2.18 | 1.36 |  1.94 |  2.62 |  1.53 |  1.31 |  2.91 |  2.13 |  1.86 |  1.55 |  2.62 |  2.30 |  2.23 |  2.16 | 1.75 |  1.24 |  1.48 |  0.51 |  1.15 |  1.19 |  1.69 | 1.05 |  1.19 |  0.53 |  2.19 |  1.54 |  1.37 |  1.26 |  2.87 |  1.52 |  2.38 | 0.59 |  0.96 | 2.17 |  1.81 |  1.73 |  1.47 |  1.45 |  1.46 |  1.64 |
|        11 |  2.04 | 0.96 |  1.98 |  2.55 |  2.62 |  2.58 |  4.04 |  2.58 |  2.08 |  1.10 |  2.34 |  3.59 |  3.27 |  4.09 | 2.38 |  2.49 |  1.38 |  0.90 |  1.27 |  1.63 |  2.02 | 0.80 |  1.16 |  0.81 |  1.30 |  1.68 |  2.62 |  1.45 |  2.97 |  2.32 |  4.39 | 2.11 |  1.58 | 2.44 |  2.78 |  2.57 |  0.82 |  1.31 |  1.83 |  1.97 |
|        12 |  3.11 | 0.98 |  1.48 |  5.25 |  3.43 |  4.07 |  6.19 |  3.40 |  2.81 |  1.24 |  3.00 |  5.42 |  4.64 |  4.32 | 3.03 |  3.51 |  2.28 |  0.73 |  3.27 |  2.96 |  2.27 | 0.83 |  1.99 |  2.16 |  2.40 |  3.08 |  3.50 |  2.44 |  3.76 |  2.37 |  7.02 | 3.53 |  1.97 | 4.25 |  5.13 |  5.49 |  0.72 |  1.87 |  2.16 |  3.92 |
|        13 |  3.09 | 1.49 |  1.83 |  6.15 |  4.68 |  5.68 |  7.05 |  4.26 |  3.35 |  2.02 |  3.19 |  5.41 |  5.67 |  5.99 | 3.94 |  3.72 |  2.89 |  1.19 |  4.53 |  2.73 |  3.21 | 1.02 |  2.70 |  3.59 |  1.99 |  3.46 |  4.26 |  4.24 |  4.48 |  3.72 |  7.06 | 5.31 |  2.01 | 5.03 |  6.00 |  6.97 |  1.86 |  2.76 |  4.06 |  5.11 |
|        14 |  4.10 | 1.46 |  1.78 |  6.16 |  4.01 |  5.51 |  6.75 |  4.42 |  3.05 |  2.42 |  3.20 |  5.28 |  5.29 |  6.51 | 3.62 |  3.74 |  2.85 |  1.69 |  4.77 |  2.52 |  3.43 | 1.73 |  2.44 |  3.91 |  1.40 |  4.09 |  5.30 |  4.72 |  4.15 |  3.75 |  6.51 | 5.61 |  1.93 | 5.16 |  5.83 |  6.93 |  1.71 |  2.80 |  4.22 |  5.63 |
|        15 |  2.47 | 0.84 |  1.58 |  4.31 |  2.20 |  3.69 |  3.66 |  3.30 |  2.54 |  1.46 |  1.90 |  3.84 |  3.11 |  4.03 | 2.20 |  2.95 |  2.20 |  1.77 |  3.72 |  1.92 |  2.69 | 1.05 |  1.35 |  2.73 |  0.36 |  3.23 |  3.21 |  3.27 |  2.29 |  2.33 |  4.18 | 4.06 |  0.75 | 3.36 |  3.79 |  4.50 |  2.61 |  2.43 |  3.17 |  3.74 |
|        16 |  1.47 | 1.20 |  0.86 |  3.23 |  1.00 |  3.54 |  2.94 |  2.68 |  3.17 |  0.65 |  2.22 |  2.41 |  2.24 |  2.46 | 2.21 |  2.66 |  2.35 |  2.12 |  3.31 |  2.66 |  2.29 | 1.44 |  2.23 |  2.76 |  1.49 |  2.26 |  1.28 |  2.56 |  1.78 |  1.72 |  4.06 | 3.38 |  1.69 | 2.70 |  2.81 |  3.22 |  2.06 |  1.83 |  2.82 |  3.06 |
|        17 |  1.74 | 3.74 |  2.64 |  2.16 |  2.51 |  3.65 |  2.66 |  3.21 |  2.20 |  1.99 |  2.20 |  1.65 |  3.07 |  3.79 | 2.46 |  3.15 |  3.60 |  1.39 |  3.23 |  3.23 |  3.25 | 3.26 |  1.27 |  3.26 |  2.22 |  2.71 |  1.50 |  2.32 |  2.08 |  2.15 |  3.28 | 2.78 |  2.56 | 3.06 |  4.33 |  3.14 |  0.76 |  1.35 |  3.42 |  3.74 |
|        18 |  1.62 | 2.71 |  3.63 |  3.19 |  1.52 |  4.11 |  4.44 |  2.92 |  1.23 |  3.02 |  1.51 |  1.43 |  2.15 |  2.80 | 2.67 |  2.31 |  2.33 |  0.93 |  2.49 |  1.48 |  2.97 | 3.22 |  1.35 |  1.17 |  2.88 |  2.44 |  3.26 |  2.47 |  2.09 |  1.49 |  3.04 | 0.91 |  2.84 | 2.41 |  1.85 |  2.76 |  1.72 |  0.48 |  2.40 |  2.42 |
|        19 |  2.05 | 1.85 |  1.27 |  4.90 |  2.16 |  4.98 |  5.96 |  4.62 |  1.70 |  2.66 |  1.80 |  0.99 |  4.76 |  2.88 | 2.93 |  2.48 |  2.39 |  1.68 |  2.93 |  1.51 |  3.46 | 3.53 |  2.38 |  1.18 |  2.74 |  3.30 |  2.35 |  1.95 |  2.37 |  3.70 |  3.32 | 0.38 |  2.63 | 3.72 |  1.60 |  3.68 |  4.54 |  2.27 |  3.86 |  2.92 |
|        20 |  4.43 | 3.41 |  2.71 |  4.63 |  2.47 |  5.25 |  5.53 |  5.47 |  2.06 |  2.87 |  1.71 |  1.73 |  4.97 |  3.36 | 4.10 |  3.68 |  3.12 |  3.08 |  4.85 |  3.23 |  5.51 | 4.43 |  2.45 |  2.15 |  3.62 |  4.34 |  3.33 |  3.60 |  4.17 |  5.17 |  5.02 | 1.27 |  3.27 | 5.24 |  2.46 |  4.92 |  3.60 |  2.97 |  4.97 |  3.16 |
|        21 |  5.22 | 4.12 |  4.22 |  4.79 |  3.19 |  5.56 |  5.48 |  5.34 |  2.05 |  4.19 |  2.32 |  2.41 |  5.61 |  3.93 | 5.58 |  4.11 |  4.32 |  4.51 |  5.20 |  4.23 |  5.74 | 5.44 |  3.72 |  3.15 |  4.15 |  4.54 |  3.70 |  4.96 |  5.44 |  5.28 |  4.41 | 2.58 |  4.04 | 5.71 |  3.04 |  4.40 |  3.96 |  3.87 |  5.35 |  4.58 |
|        22 |  5.26 | 4.79 |  4.02 |  4.58 |  4.08 |  5.10 |  5.33 |  4.87 |  2.10 |  4.91 |  3.49 |  2.87 |  5.43 |  4.05 | 5.67 |  4.50 |  4.86 |  4.32 |  5.99 |  5.20 |  6.20 | 5.72 |  4.69 |  3.64 |  4.32 |  4.61 |  4.70 |  5.05 |  4.94 |  5.26 |  4.29 | 3.43 |  4.42 | 5.33 |  4.08 |  4.32 |  4.36 |  3.73 |  5.07 |  5.70 |
|        23 |  4.91 | 4.75 |  4.36 |  3.97 |  3.79 |  4.80 |  5.70 |  4.83 |  3.07 |  4.60 |  3.72 |  3.64 |  4.93 |  4.31 | 5.30 |  3.89 |  4.47 |  4.35 |  6.01 |  5.62 |  6.12 | 5.68 |  5.46 |  4.44 |  4.86 |  4.25 |  4.41 |  5.23 |  4.60 |  5.24 |  4.51 | 3.83 |  4.39 | 5.81 |  3.80 |  4.46 |  4.87 |  4.33 |  4.71 |  6.56 |
|        24 |  5.02 | 4.12 |  4.28 |  4.14 |  4.06 |  4.81 |  6.16 |  4.82 |  3.60 |  4.17 |  3.87 |  4.13 |  4.19 |  4.26 | 5.43 |  3.77 |  5.18 |  4.64 |  5.97 |  5.74 |  5.99 | 5.21 |  5.39 |  3.82 |  4.55 |  4.24 |  4.75 |  5.27 |  4.49 |  5.03 |  3.77 | 3.73 |  4.51 | 5.29 |  3.81 |  3.98 |  4.90 |  4.61 |  4.48 |  6.24 |
|        25 |  4.60 | 3.60 |  4.51 |  4.40 |  3.91 |  4.71 |  6.63 |  4.70 |  4.14 |  4.21 |  3.77 |  3.73 |  4.27 |  4.06 | 5.81 |  3.46 |  5.39 |  4.85 |  6.24 |  6.09 |  6.49 | 5.05 |  4.99 |  3.37 |  4.55 |  4.04 |  5.03 |  5.38 |  4.12 |  4.79 |  3.92 | 3.34 |  4.75 | 5.59 |  4.48 |  3.70 |  4.20 |  4.60 |  4.52 |  6.07 |
|        26 |  4.30 | 3.58 |  4.72 |  4.88 |  3.78 |  4.86 |  6.32 |  4.61 |  4.26 |  3.85 |  3.16 |  3.46 |  4.63 |  4.66 | 5.33 |  3.57 |  5.27 |  4.74 |  6.50 |  6.16 |  6.77 | 4.91 |  5.04 |  3.39 |  4.97 |  3.93 |  4.81 |  5.41 |  3.95 |  4.81 |  4.05 | 2.84 |  5.19 | 6.46 |  4.82 |  4.12 |  4.39 |  4.62 |  4.62 |  6.04 |
|        27 |  4.22 | 3.64 |  4.96 |  5.00 |  3.66 |  4.84 |  5.78 |  4.41 |  3.85 |  4.40 |  2.66 |  3.05 |  4.68 |  5.23 | 5.47 |  4.67 |  4.86 |  4.49 |  6.59 |  5.91 |  6.60 | 4.81 |  4.72 |  3.32 |  5.37 |  4.74 |  5.37 |  5.31 |  4.02 |  4.48 |  4.11 | 2.34 |  5.22 | 6.54 |  4.79 |  4.70 |  4.58 |  4.74 |  4.64 |  6.05 |
|        28 |  4.19 | 2.92 |  4.50 |  5.30 |  3.23 |  4.69 |  5.89 |  4.56 |  4.07 |  4.65 |  3.38 |  3.42 |  4.96 |  5.95 | 5.68 |  4.80 |  4.42 |  4.68 |  6.47 |  5.73 |  6.75 | 4.99 |  4.70 |  3.19 |  5.31 |  4.89 |  5.54 |  4.88 |  4.08 |  4.43 |  4.18 | 2.31 |  4.89 | 6.41 |  4.97 |  5.00 |  5.11 |  5.07 |  5.03 |  6.32 |
|        29 |  4.47 | 3.58 |  4.22 |  5.43 |  3.79 |  4.77 |  5.59 |  4.74 |  3.68 |  4.49 |  3.55 |  3.37 |  5.14 |  6.51 | 5.35 |  6.04 |  4.57 |  4.85 |  6.00 |  5.58 |  6.39 | 4.65 |  4.95 |  3.00 |  5.24 |  4.79 |  5.71 |  4.82 |  4.51 |  3.98 |  4.65 | 3.19 |  5.04 | 5.88 |  5.27 |  6.41 |  5.38 |  5.43 |  5.48 |  6.29 |
|        30 |  4.30 | 4.25 |  4.33 |  6.36 |  4.34 |  4.33 |  5.53 |  4.51 |  3.80 |  4.09 |  4.09 |  3.59 |  5.06 |  6.57 | 5.17 |  6.81 |  4.88 |  4.69 |  5.40 |  5.37 |  6.24 | 3.98 |  5.08 |  3.50 |  5.14 |  4.69 |  5.50 |  5.02 |  4.78 |  4.03 |  5.06 | 3.70 |  5.40 | 5.56 |  5.49 |  7.52 |  5.36 |  5.69 |  5.54 |  6.67 |
|        31 |  4.08 | 4.55 |  4.65 |  7.17 |  4.71 |  4.41 |  5.38 |  4.64 |  3.61 |  4.48 |  3.69 |  3.49 |  5.01 |  6.13 | 4.87 |  7.00 |  4.93 |  4.16 |  5.43 |  5.58 |  6.96 | 3.39 |  5.29 |  3.34 |  5.31 |  4.58 |  5.63 |  6.04 |  5.10 |  4.84 |  5.02 | 3.34 |  5.26 | 5.20 |  5.99 |  7.39 |  5.31 |  5.85 |  5.06 |  7.07 |
|        32 |  4.00 | 4.85 |  5.02 |  7.38 |  5.16 |  5.12 |  5.85 |  4.48 |  3.46 |  5.67 |  2.99 |  3.34 |  4.93 |  5.98 | 4.85 |  7.68 |  5.62 |  4.04 |  6.10 |  6.79 |  6.93 | 3.36 |  5.67 |  3.01 |  5.66 |  4.69 |  6.19 |  6.47 |  5.68 |  5.09 |  4.50 | 3.42 |  5.10 | 4.88 |  6.93 |  7.75 |  5.05 |  6.80 |  5.03 |  7.92 |
|        33 |  5.47 | 6.58 |  5.40 |  8.48 |  6.10 |  7.17 |  6.65 |  5.71 |  4.94 |  6.64 |  3.00 |  4.97 |  6.98 |  7.72 | 6.66 |  8.58 |  7.53 |  4.79 |  8.44 |  8.52 |  7.44 | 4.32 |  4.89 |  3.31 |  5.85 |  7.49 |  8.68 |  6.30 |  6.61 |  5.91 |  6.29 | 5.68 |  6.06 | 4.27 |  8.53 | 10.48 |  5.81 |  8.42 |  6.96 | 11.70 |
|        34 |  7.01 | 6.02 |  6.18 | 10.29 |  6.99 | 10.52 |  8.31 |  7.54 |  6.50 | 10.44 |  5.53 |  6.32 |  9.31 | 10.19 | 6.86 | 12.24 |  9.58 |  7.67 | 10.81 |  9.98 |  9.22 | 6.54 |  6.90 |  3.21 |  9.18 |  9.82 | 13.36 | 10.59 |  8.56 |  7.04 |  8.56 | 7.67 |  8.54 | 7.62 | 10.07 | 12.52 |  8.61 | 10.14 | 12.28 | 12.82 |
|        35 |  8.19 | 7.59 |  6.53 | 13.90 |  8.17 | 11.05 |  8.27 | 10.26 |  9.66 | 15.23 |  8.78 | 11.73 | 11.32 | 14.06 | 6.53 | 14.38 | 10.48 |  9.93 | 13.76 | 12.33 |  9.75 | 8.31 |  9.08 |  3.55 | 10.34 | 11.63 | 12.69 | 10.88 | 10.10 |  9.12 | 10.20 | 9.50 | 11.77 | 8.13 | 11.89 | 14.23 | 11.02 | 10.37 | 11.58 | 13.36 |
|        36 |  9.40 | 7.08 |  7.14 | 15.08 |  9.21 | 12.57 | 12.06 | 11.99 | 11.77 | 16.35 |  8.91 | 11.95 | 11.42 | 15.11 | 6.09 | 16.01 | 11.11 |  9.15 | 13.50 | 10.94 | 10.10 | 9.50 | 10.01 |  3.95 |  9.54 | 11.51 | 11.77 | 10.80 | 11.31 |  9.32 |  8.66 | 9.99 |  9.10 | 7.58 | 12.20 | 15.14 | 12.21 | 11.28 | 12.26 | 13.62 |
|        37 | 11.18 | 6.76 |  8.06 | 15.45 |  6.45 | 12.70 | 11.09 | 12.84 | 12.71 | 15.56 |  7.36 |  9.80 | 11.55 | 14.90 | 4.91 | 15.21 | 11.28 |  7.36 | 13.03 | 11.28 | 11.48 | 9.60 | 10.79 |  3.30 | 14.69 | 11.75 | 11.31 | 10.64 | 13.45 | 11.21 |  8.58 | 9.57 |  9.36 | 7.88 | 13.56 | 15.36 | 13.06 | 13.02 | 12.82 | 14.08 |
|        38 |  9.36 | 7.60 |  7.53 | 13.23 |  6.58 | 10.39 | 10.40 | 11.84 |  9.38 | 12.89 |  5.73 |  6.98 | 10.20 | 13.10 | 4.06 | 11.73 | 10.41 |  6.86 | 11.48 | 13.24 | 10.37 | 8.62 |  9.15 |  1.07 | 11.35 | 10.25 |  9.94 |  8.97 | 11.97 | 10.21 |  8.15 | 8.69 |  9.57 | 7.89 | 12.55 | 13.58 | 12.72 | 12.57 | 11.20 | 13.23 |
|        39 |  7.94 | 7.48 |  6.30 | 10.52 |  6.55 |  6.60 |  8.62 | 10.64 |  6.12 | 10.38 |  6.98 |  7.10 |  8.21 | 10.29 | 3.40 |  9.60 |  8.88 |  6.10 |  8.73 | 11.57 |  8.31 | 8.10 |  7.36 |  1.96 |  8.63 |  8.42 |  8.05 |  6.03 |  9.88 |  8.46 |  6.73 | 7.61 |  9.21 | 6.48 | 10.76 | 11.11 | 11.39 |  9.90 |  8.93 | 11.14 |
|        40 |  5.73 | 5.79 |  4.58 |  7.34 |  5.73 |  4.51 |  6.34 |  7.00 |  5.01 |  5.79 |  4.79 |  6.01 |  4.47 |  6.70 | 1.91 |  7.27 |  5.20 |  5.70 |  4.94 |  8.34 |  5.93 | 5.42 |  4.19 |  2.26 |  5.83 |  4.97 |  5.19 |  4.43 |  6.29 |  4.61 |  5.32 | 4.75 |  6.26 | 4.06 |  6.89 |  6.88 |  6.26 |  5.74 |  5.36 |  6.61 |
|        41 |  4.93 | 4.79 |  4.18 |  6.49 |  4.84 |  4.78 |  5.88 |  5.35 |  4.65 |  5.10 |  4.23 |  5.28 |  5.06 |  5.71 | 3.30 |  6.08 |  4.82 |  4.97 |  4.89 |  6.20 |  5.53 | 4.83 |  4.25 |  1.95 |  5.69 |  5.35 |  4.59 |  3.96 |  5.70 |  4.95 |  5.16 | 4.14 |  5.19 | 4.46 |  5.99 |  6.26 |  5.26 |  5.73 |  5.27 |  5.76 |
|        42 |  4.76 | 4.54 |  4.45 |  5.91 |  4.61 |  4.16 |  5.85 |  5.29 |  4.66 |  5.18 |  4.25 |  5.28 |  3.99 |  5.53 | 3.19 |  6.07 |  4.33 |  4.49 |  4.85 |  5.75 |  5.61 | 4.12 |  4.19 |  1.87 |  5.42 |  3.96 |  4.56 |  3.15 |  5.75 |  4.28 |  4.66 | 4.02 |  4.59 | 3.73 |  5.55 |  5.88 |  5.18 |  5.68 |  5.34 |  5.21 |
|        43 |  3.96 | 3.59 |  3.80 |  5.67 |  4.19 |  3.75 |  5.26 |  4.69 |  3.78 |  4.80 |  3.39 |  4.78 |  3.58 |  5.10 | 1.71 |  5.63 |  3.87 |  4.00 |  5.00 |  5.78 |  5.16 | 4.05 |  2.27 |  1.20 |  5.58 |  4.02 |  3.94 |  3.27 |  5.71 |  4.21 |  4.36 | 3.61 |  4.68 | 2.75 |  4.75 |  4.83 |  5.63 |  5.34 |  5.20 |  5.59 |
|        44 |  3.96 | 4.86 |  3.37 |  5.07 |  3.81 |  3.65 |  5.09 |  4.01 |  3.69 |  4.37 |  3.29 |  4.33 |  3.02 |  5.24 | 2.56 |  4.93 |  3.58 |  3.78 |  5.04 |  4.71 |  4.84 | 3.29 |  1.11 |  1.95 |  5.34 |  3.43 |  3.54 |  2.56 |  5.29 |  3.01 |  3.93 | 3.41 |  4.30 | 2.87 |  4.07 |  4.40 |  4.69 |  4.94 |  4.65 |  5.03 |
|        45 |  4.09 | 3.13 |  2.93 |  4.39 |  3.25 |  2.30 |  4.93 |  3.78 |  3.72 |  3.71 |  2.70 |  3.79 |  3.11 |  4.61 | 1.93 |  4.33 |  3.25 |  3.27 |  5.12 |  4.16 |  4.28 | 2.78 |  1.73 |  3.21 |  4.89 |  4.02 |  2.80 |  2.20 |  4.46 |  2.59 |  3.48 | 3.06 |  3.98 | 2.05 |  3.65 |  4.24 |  4.18 |  4.50 |  4.09 |  4.74 |
|        46 |  2.82 | 3.18 |  3.18 |  3.74 |  2.98 |  1.31 |  3.79 |  3.62 |  3.30 |  3.52 |  2.79 |  3.70 |  2.61 |  4.37 | 0.99 |  3.89 |  3.34 |  3.45 |  4.21 |  3.02 |  4.15 | 3.13 |  1.48 |  3.73 |  4.30 |  3.09 |  2.82 |  1.90 |  3.78 |  2.60 |  3.50 | 2.74 |  3.55 | 1.20 |  3.46 |  4.07 |  4.21 |  4.01 |  4.23 |  4.68 |
|        47 |  2.73 | 3.30 |  2.89 |  3.90 |  2.15 |  2.64 |  3.68 |  3.28 |  3.29 |  3.73 |  2.35 |  3.16 |  2.59 |  3.99 | 0.39 |  3.96 |  3.41 |  2.70 |  3.30 |  2.59 |  3.56 | 2.44 |  0.91 |  4.58 |  4.34 |  2.32 |  2.95 |  3.43 |  3.17 |  2.05 |  2.95 | 2.79 |  3.15 | 0.87 |  3.24 |  4.24 |  3.85 |  3.84 |  3.28 |  4.55 |
|        48 |  3.42 | 2.74 |  2.10 |  3.33 |  2.19 |  1.79 |  3.18 |  2.65 |  3.47 |  2.65 |  2.04 |  3.23 |  2.47 |  4.17 | 0.91 |  4.05 |  3.54 |  2.12 |  3.33 |  1.72 |  2.97 | 2.31 |  0.09 |  3.73 |  4.34 |  2.26 |  2.51 |  1.31 |  1.97 |  2.43 |  2.63 | 2.46 |  2.99 | 1.37 |  2.57 |  4.20 |  3.59 |  3.84 |  3.82 |  3.91 |
|        51 |  2.33 | 0.62 |  0.20 |  3.79 |  1.20 |  0.88 |  4.17 |  2.08 |  3.34 |  2.70 |  2.13 |  2.53 |  1.39 |  3.19 | 0.33 |  2.57 |  3.59 |  1.62 |  3.74 |  2.83 |  2.04 | 1.52 |  2.32 |  3.55 |  4.61 |  1.97 |  1.74 |  2.14 |  1.87 |  1.03 |  1.83 | 2.15 |  1.85 | 1.20 |  2.32 |  3.43 |  2.51 |  3.65 |  3.22 |  3.10 |
|        54 |  0.85 | 2.83 |  2.88 |  2.15 |  2.87 |  1.95 |  2.69 |  1.93 |  1.60 |  2.42 |  4.59 |  1.53 |  1.86 |  3.41 | 2.55 |  1.15 |  2.08 |  2.90 |  3.13 |  1.65 |  1.58 | 1.52 |  3.89 |  4.74 |  3.53 |  1.33 |  1.52 |  4.05 |  2.30 |  2.39 |  1.35 | 1.17 |  1.48 | 1.95 |  1.84 |  2.83 |  2.44 |  2.85 |  1.83 |  2.29 |
|        57 |  0.95 | 5.72 |  7.91 |  0.80 |  7.44 |  4.58 |  1.25 |  1.23 |  2.01 |  1.78 |  6.83 |  2.90 |  5.17 |  2.12 | 5.60 |  1.72 |  1.57 |  8.45 |  1.74 |  0.66 |  3.29 | 3.50 |  7.45 |  9.18 |  5.91 |  3.24 |  5.11 |  8.26 |  2.25 |  3.23 |  3.28 | 3.23 |  3.98 | 5.95 |  1.67 |  2.36 |  1.20 |  1.80 |  0.43 |  0.43 |
|        60 |  3.15 | 8.75 | 10.66 |  2.67 |  9.72 |  8.46 |  5.52 |  2.97 |  4.60 |  3.65 | 10.64 |  5.69 |  7.41 |  1.43 | 6.27 |  6.65 |  5.72 |  9.88 |  2.12 |  5.09 |  8.27 | 6.03 | 11.19 | 12.77 |  6.24 |  6.15 |  8.84 | 11.77 |  2.87 |  8.69 |  6.58 | 5.63 |  8.76 | 8.87 |  3.70 |  2.15 |  3.57 |  1.56 |  5.92 |  5.16 |
|        63 |  5.71 | 7.42 | 10.37 |  5.20 | 10.45 |  9.07 |  6.95 |  4.85 |  7.07 |  4.41 | 11.13 |  6.08 |  7.96 |  3.80 | 7.23 |  8.39 |  6.52 | 10.14 |  5.38 |  6.62 |  9.48 | 8.27 | 11.44 | 11.43 |  0.75 |  6.89 |  9.16 | 12.55 |  5.41 |  8.56 |  7.95 | 7.16 |  9.55 | 9.18 |  5.81 |  8.15 |  4.03 |  2.22 |  7.41 |  6.72 |
|        66 |  3.52 | 4.85 |  5.15 |  4.21 |  5.92 |  4.56 |  4.49 |  3.61 |  4.20 |  4.10 |  5.47 |  3.71 |  4.02 |  3.18 | 5.35 |  5.47 |  3.98 |  6.01 |  3.79 |  3.99 |  5.32 | 3.87 |  7.03 |  6.69 |  3.10 |  3.44 |  4.91 |  7.88 |  4.13 |  4.15 |  5.00 | 4.71 |  4.99 | 5.03 |  3.15 |  5.24 |  3.79 |  3.91 |  4.32 |  3.94 |
|        69 |  2.11 | 3.92 |  4.59 |  3.63 |  4.92 |  4.31 |  3.72 |  2.38 |  4.13 |  3.27 |  5.20 |  2.36 |  2.49 |  1.62 | 4.52 |  4.48 |  2.98 |  5.40 |  3.67 |  3.24 |  4.38 | 3.66 |  5.93 |  5.52 |  3.58 |  1.34 |  3.57 |  7.19 |  3.32 |  3.25 |  3.76 | 3.94 |  4.92 | 3.54 |  1.76 |  4.72 |  1.77 |  1.53 |  3.77 |  3.38 |
|        72 |  0.95 | 3.36 |  4.92 |  4.28 |  4.91 |  3.80 |  3.70 |  2.32 |  4.01 |  3.21 |  5.02 |  2.77 |  2.33 |  1.12 | 2.85 |  4.55 |  3.01 |  5.44 |  3.49 |  3.02 |  3.03 | 3.25 |  3.81 |  4.97 |  2.96 |  2.03 |  2.21 |  5.08 |  2.92 |  1.49 |  2.78 | 3.88 |  3.51 | 1.96 |  2.05 |  5.38 |  1.56 |  3.53 |  2.72 |  2.73 |
|        78 |  1.82 | 1.61 |  3.83 |  3.33 |  3.14 |  3.97 |  3.35 |  2.26 |  2.14 |  2.08 |  3.44 |  3.45 |  1.40 |  2.11 | 1.81 |  3.75 |  3.21 |  3.21 |  4.62 |  3.94 |  2.80 | 1.87 |  2.41 |  1.96 |  3.30 |  1.61 |  1.02 |  4.43 |  3.96 |  2.13 |  0.84 | 4.67 |  1.26 | 0.22 |  3.32 |  5.84 |  1.00 |  4.40 |  0.45 |  1.44 |
|        84 |  1.84 | 1.66 |  3.01 |  3.19 |  4.60 |  3.07 |  2.66 |  3.56 |  1.08 |  4.64 |  3.96 |  5.28 |  0.50 |  2.44 | 2.21 |  4.95 |  2.73 |  5.44 | 10.75 |  4.15 |  3.31 | 2.40 |  0.94 |  4.65 |  3.14 |  0.95 |  1.27 |  5.52 |  5.48 |  0.16 |  2.76 | 7.34 |  1.31 | 1.91 |  6.14 |  9.14 |  0.86 | 10.03 |  1.70 |  0.70 |
|        90 |  1.22 | 3.50 |  2.80 |  2.55 |  3.04 |  1.53 |  1.39 |  2.83 |  2.70 |  2.73 |  1.65 |  2.32 |  2.59 |  0.29 | 3.50 |  2.46 |  3.18 |  1.91 |  4.76 |  1.92 |  2.96 | 3.12 |  1.64 |  3.46 |  2.42 |  2.32 |  2.18 |  4.60 |  4.04 |  1.22 |  3.42 | 2.49 |  2.46 | 3.41 |  2.04 |  2.69 |  2.66 |  5.21 |  2.52 |  2.44 |
|        96 |  1.51 | 1.48 |  1.78 |  1.65 |  0.41 |  3.18 |  1.88 |  1.80 |  0.87 |  1.09 |  2.02 |  2.74 |  1.37 |  2.34 | 2.32 |  0.56 |  1.18 |  1.32 |  1.84 |  3.12 |  1.66 | 1.32 |  2.05 |  1.23 |  2.27 |  0.95 |  1.50 |  2.06 |  1.31 |  1.16 |  1.50 | 0.62 |  0.95 | 1.86 |  1.78 |  0.51 |  1.49 |  0.55 |  2.26 |  1.68 |
|       102 |  0.56 | 1.83 |  1.00 |  0.58 |  1.74 |  3.18 |  1.96 |  2.16 |  1.16 |  2.14 |  1.45 |  3.68 |  0.63 |  2.74 | 2.88 |  1.66 |  1.45 |  1.06 |  0.81 |  2.27 |  1.04 | 1.57 |  0.79 |  1.77 |  0.96 |  0.85 |  0.71 |  1.58 |  1.52 |  1.66 |  1.16 | 1.24 |  2.40 | 1.77 |  1.16 |  0.60 |  0.42 |  0.86 |  1.45 |  1.16 |
|       108 |  2.14 | 1.78 |  2.60 |  1.59 |  3.49 |  6.16 |  2.86 |  5.86 |  0.93 |  4.01 |  1.81 |  2.44 |  1.98 |  7.87 | 2.29 |  1.77 |  4.63 |  2.09 |  1.83 |  0.99 |  3.71 | 1.02 |  3.07 |  1.37 |  4.23 |  1.10 |  0.39 |  4.61 |  0.38 |  2.78 |  1.05 | 2.29 |  8.37 | 1.81 |  7.34 |  0.61 |  2.95 |  1.47 |  1.75 |  2.96 |
|       114 |  2.84 | 3.17 |  3.10 |  0.63 |  2.89 |  5.71 |  3.60 |  5.49 |  2.95 |  3.00 |  3.09 |  2.54 |  1.77 |  6.80 | 3.01 |  3.80 |  3.18 |  2.05 |  2.92 |  1.25 |  3.45 | 1.29 |  0.35 |  4.26 |  0.66 |  2.14 |  0.85 |  4.50 |  3.58 |  2.16 |  2.44 | 3.24 |  4.01 | 0.68 |  4.22 |  4.24 |  3.13 |  2.42 |  4.13 |  2.40 |
|       120 |  2.44 | 1.72 |  2.26 |  4.31 |  2.56 |  4.37 |  7.21 |  7.06 |  4.81 |  2.81 |  1.21 |  2.60 |  3.93 |  6.04 | 1.51 |  2.15 |  3.85 |  2.21 |  1.01 |  4.80 |  0.80 | 5.14 |  6.26 |  6.00 |  2.90 |  6.41 |  6.33 |  3.07 |  1.29 |  2.40 |  6.98 | 0.52 |  1.26 | 8.67 |  1.63 |  4.08 |  9.29 |  3.18 |  3.25 |  1.92 |
