# variable: Momentary Wind Speed at 10m
# units: km/h
# 
| fcst_hour |     1 |     2 |     3 |     4 |    5 |     6 |     7 |    8 |    9 |    10 |    11 |    12 |    13 |   14 |   15 |   16 |   17 |    18 |    19 |   20 |    21 |   22 |    23 |    24 |    25 |    26 |    27 |    28 |   29 |    30 |    31 |   32 |   33 |    34 |   35 |    36 |    37 |    38 |   39 |    40 |
|         0 |  8.54 | 10.36 |  8.41 | 10.89 | 6.90 |  9.90 |  8.81 | 9.04 | 8.00 |  8.33 |  6.57 |  9.08 |  9.19 | 8.88 | 7.26 | 6.71 | 7.03 |  6.85 |  8.11 | 9.42 |  6.15 | 8.47 |  8.10 |  7.52 |  8.19 |  8.36 |  8.01 |  8.60 | 8.01 | 10.20 |  6.91 | 7.26 | 9.18 |  8.39 | 7.91 |  7.22 |  6.95 |  7.78 | 6.62 |  7.42 |
|         1 |  7.99 |  9.07 |  7.86 |  8.40 | 6.07 |  9.14 |  7.83 | 8.12 | 7.35 |  7.73 |  5.96 |  8.39 |  8.61 | 7.93 | 6.47 | 6.16 | 6.37 |  6.46 |  7.57 | 9.08 |  5.66 | 7.28 |  7.31 |  6.52 |  7.73 |  8.09 |  7.38 |  7.41 | 6.82 |  9.10 |  6.21 | 6.23 | 8.48 |  7.54 | 7.70 |  7.04 |  6.07 |  7.01 | 6.34 |  6.61 |
|         2 |  7.12 |  8.42 |  6.94 |  7.19 | 5.35 |  8.19 |  6.95 | 7.16 | 6.52 |  7.24 |  5.63 |  7.28 |  7.16 | 6.79 | 5.67 | 5.60 | 5.69 |  5.82 |  6.56 | 8.51 |  5.06 | 6.42 |  6.35 |  5.66 |  6.90 |  7.18 |  6.36 |  6.63 | 6.13 |  8.54 |  5.71 | 5.22 | 7.52 |  6.61 | 6.88 |  6.57 |  5.44 |  6.15 | 5.82 |  5.78 |
|         3 |  6.41 |  8.55 |  6.53 |  6.87 | 5.32 |  7.38 |  6.30 | 6.52 | 5.26 |  6.87 |  5.20 |  6.52 |  6.27 | 5.87 | 5.43 | 5.31 | 5.58 |  5.44 |  5.99 | 8.20 |  4.46 | 6.29 |  5.83 |  5.12 |  6.89 |  6.28 |  6.10 |  6.41 | 5.91 |  8.18 |  5.51 | 4.97 | 7.06 |  5.93 | 6.57 |  6.07 |  5.04 |  6.05 | 5.74 |  6.00 |
|         4 |  5.58 |  8.23 |  6.22 |  6.75 | 5.15 |  7.27 |  6.04 | 6.31 | 4.39 |  6.62 |  5.06 |  5.88 |  5.93 | 4.93 | 5.57 | 4.84 | 5.63 |  5.73 |  5.42 | 7.54 |  4.18 | 6.16 |  5.61 |  4.96 |  6.71 |  5.41 |  5.97 |  6.04 | 6.08 |  7.72 |  5.12 | 5.18 | 6.82 |  5.86 | 6.22 |  5.69 |  4.87 |  5.57 | 5.52 |  5.73 |
|         5 |  5.20 |  7.38 |  6.25 |  6.36 | 5.20 |  6.44 |  6.13 | 6.12 | 4.05 |  5.44 |  4.08 |  5.17 |  5.23 | 4.58 | 5.25 | 4.37 | 5.18 |  5.42 |  5.08 | 6.50 |  4.00 | 5.68 |  5.23 |  4.65 |  6.02 |  4.80 |  5.76 |  6.05 | 6.17 |  6.82 |  4.60 | 4.89 | 5.92 |  5.81 | 5.82 |  5.61 |  4.47 |  4.87 | 5.34 |  5.34 |
|         6 |  3.99 |  6.43 |  5.51 |  4.94 | 4.12 |  5.25 |  5.44 | 5.05 | 2.88 |  5.22 |  3.72 |  3.63 |  4.99 | 5.26 | 4.49 | 3.66 | 4.17 |  4.37 |  4.26 | 6.08 |  3.43 | 4.93 |  4.77 |  3.82 |  4.54 |  4.31 |  5.23 |  5.29 | 5.47 |  5.43 |  4.06 | 4.10 | 6.03 |  4.53 | 4.95 |  4.95 |  3.46 |  3.80 | 4.32 |  4.54 |
|         7 |  3.42 |  6.64 |  4.97 |  3.39 | 3.30 |  4.47 |  4.11 | 4.45 | 2.15 |  4.10 |  2.93 |  2.44 |  4.19 | 4.57 | 3.35 | 2.56 | 3.40 |  3.03 |  3.22 | 6.24 |  1.93 | 3.63 |  4.52 |  2.95 |  4.29 |  3.55 |  4.64 |  4.20 | 4.18 |  4.96 |  3.34 | 3.26 | 4.81 |  3.22 | 3.79 |  3.45 |  2.57 |  3.06 | 3.01 |  3.22 |
|         8 |  2.81 |  6.45 |  6.40 |  4.03 | 2.60 |  3.77 |  4.46 | 4.36 | 1.99 |  4.15 |  2.01 |  1.74 |  4.72 | 4.60 | 2.56 | 1.68 | 3.46 |  2.33 |  3.87 | 5.67 |  1.74 | 3.61 |  5.31 |  2.36 |  4.08 |  3.15 |  3.81 |  6.25 | 4.67 |  4.83 |  2.80 | 2.11 | 3.68 |  3.23 | 3.80 |  3.05 |  1.64 |  2.07 | 1.92 |  3.79 |
|         9 |  3.41 |  7.25 |  6.62 |  5.33 | 3.31 |  3.23 |  4.44 | 4.56 | 3.28 |  6.57 |  2.60 |  1.57 |  4.31 | 4.14 | 3.22 | 2.22 | 3.96 |  1.56 |  5.05 | 6.81 |  2.56 | 2.31 |  4.48 |  3.69 |  5.95 |  4.70 |  3.72 |  6.48 | 6.65 |  4.18 |  3.39 | 3.49 | 2.35 |  1.80 | 4.52 |  5.29 |  3.10 |  3.88 | 3.10 |  3.13 |
|        10 |  3.09 |  6.69 |  6.01 |  5.12 | 1.73 |  2.09 |  3.83 | 4.39 | 2.82 |  5.05 |  2.78 |  3.00 |  3.68 | 2.39 | 3.70 | 1.90 | 3.52 |  1.75 |  4.37 | 6.11 |  3.37 | 2.22 |  3.65 |  3.54 |  5.14 |  4.44 |  4.46 |  7.39 | 6.54 |  2.85 |  3.17 | 2.93 | 1.95 |  2.01 | 3.88 |  4.88 |  1.80 |  1.87 | 1.38 |  2.65 |
|        11 |  3.87 |  3.39 |  4.62 |  2.03 | 1.88 |  3.46 |  3.47 | 4.27 | 4.03 |  2.88 |  4.94 |  5.20 |  3.49 | 3.88 | 2.39 | 3.26 | 2.46 |  4.11 |  3.24 | 4.35 |  6.93 | 4.11 |  3.61 |  4.40 |  1.75 |  4.49 |  2.82 |  5.50 | 5.03 |  2.88 |  4.14 | 2.93 | 3.07 |  5.34 | 2.76 |  3.66 |  3.72 |  4.00 | 2.81 |  5.11 |
|        12 |  5.35 |  2.69 |  2.87 |  2.81 | 5.32 |  5.70 |  5.93 | 3.75 | 5.05 |  3.78 |  7.10 |  7.50 |  5.17 | 6.80 | 4.76 | 6.26 | 2.93 |  6.00 |  3.20 | 2.87 |  9.37 | 5.13 |  5.93 |  6.89 |  0.87 |  3.68 |  3.20 |  2.92 | 1.88 |  5.11 |  6.77 | 3.89 | 5.64 |  7.33 | 3.86 |  4.13 |  5.95 |  6.52 | 4.86 |  7.34 |
|        13 |  6.45 |  2.36 |  4.01 |  4.72 | 7.07 |  6.96 |  7.37 | 4.04 | 6.77 |  4.82 |  8.46 |  8.28 |  7.89 | 7.44 | 7.26 | 8.29 | 5.98 |  7.63 |  6.54 | 3.16 | 10.40 | 6.55 |  7.93 |  8.48 |  3.99 |  5.47 |  5.89 |  3.59 | 1.61 |  7.25 |  8.72 | 4.34 | 8.58 |  8.25 | 5.96 |  5.78 |  7.99 |  7.80 | 5.44 |  7.99 |
|        14 |  8.13 |  4.46 |  5.34 |  6.57 | 8.39 |  8.53 |  8.15 | 5.70 | 7.82 |  6.29 | 10.04 |  8.92 |  9.16 | 9.03 | 8.47 | 9.39 | 7.45 |  8.72 |  8.70 | 4.54 | 10.69 | 8.08 |  8.68 |  9.24 |  6.85 |  7.71 |  7.92 |  5.78 | 3.68 |  8.65 |  9.49 | 7.05 | 9.58 |  9.83 | 7.72 |  6.99 |  9.38 |  8.61 | 7.19 |  8.50 |
|        15 |  8.94 |  5.72 |  5.67 |  6.73 | 8.59 |  8.94 |  7.57 | 6.91 | 7.65 |  7.13 | 10.13 |  8.75 |  8.83 | 8.89 | 8.57 | 8.65 | 7.61 |  9.62 |  8.59 | 6.10 |  9.66 | 8.11 |  8.60 |  8.39 |  7.77 |  8.69 |  8.39 |  6.74 | 5.28 |  8.34 |  9.43 | 7.47 | 8.97 |  9.47 | 8.24 |  7.14 |  9.40 |  8.58 | 7.59 |  8.16 |
|        16 |  7.03 |  5.17 |  4.90 |  4.75 | 5.96 |  7.16 |  6.57 | 5.94 | 6.08 |  5.18 |  6.92 |  7.41 |  6.26 | 6.18 | 6.24 | 5.85 | 5.21 |  6.99 |  5.25 | 5.97 |  6.25 | 6.53 |  6.32 |  5.82 |  5.57 |  7.11 |  7.02 |  5.22 | 4.42 |  6.57 |  6.93 | 5.02 | 7.48 |  7.81 | 5.93 |  5.41 |  6.18 |  6.10 | 5.53 |  6.50 |
|        17 |  5.91 |  4.83 |  4.62 |  4.68 | 5.01 |  6.06 |  6.20 | 5.93 | 4.96 |  4.95 |  6.15 |  6.86 |  5.55 | 5.39 | 5.55 | 5.42 | 4.81 |  5.84 |  4.96 | 5.10 |  5.52 | 5.60 |  5.39 |  5.12 |  4.81 |  5.90 |  5.31 |  4.76 | 4.31 |  5.65 |  5.81 | 4.48 | 6.59 |  6.75 | 4.95 |  5.34 |  5.04 |  5.20 | 4.96 |  6.08 |
|        18 |  4.76 |  4.01 |  4.40 |  4.26 | 4.35 |  5.76 |  5.42 | 4.92 | 4.25 |  4.68 |  5.52 |  6.10 |  5.07 | 4.88 | 4.94 | 4.98 | 4.26 |  5.03 |  4.70 | 4.31 |  4.64 | 4.88 |  5.17 |  4.93 |  4.21 |  5.24 |  4.46 |  4.15 | 4.08 |  5.38 |  5.41 | 3.92 | 6.38 |  6.01 | 4.35 |  4.59 |  4.81 |  4.33 | 4.57 |  5.27 |
|        19 |  4.45 |  3.98 |  4.17 |  4.25 | 3.88 |  5.47 |  5.10 | 4.36 | 4.28 |  4.10 |  5.09 |  5.50 |  5.08 | 4.88 | 5.06 | 5.19 | 4.23 |  5.10 |  4.68 | 3.85 |  4.89 | 5.49 |  5.05 |  4.89 |  4.33 |  4.86 |  4.65 |  4.16 | 3.74 |  5.78 |  5.60 | 3.95 | 5.96 |  5.70 | 4.28 |  4.40 |  4.60 |  3.98 | 4.61 |  5.15 |
|        20 |  4.96 |  4.49 |  4.27 |  4.68 | 4.52 |  5.98 |  5.16 | 4.63 | 4.74 |  4.49 |  5.48 |  5.62 |  5.30 | 5.42 | 5.01 | 5.31 | 4.62 |  5.34 |  4.89 | 4.54 |  5.45 | 5.03 |  5.25 |  5.06 |  5.05 |  5.29 |  5.11 |  4.30 | 4.06 |  5.91 |  5.91 | 4.27 | 6.03 |  6.06 | 4.79 |  4.35 |  4.67 |  4.45 | 4.90 |  5.57 |
|        21 |  5.09 |  4.72 |  4.41 |  4.96 | 5.21 |  6.34 |  5.64 | 4.45 | 4.88 |  4.86 |  5.69 |  5.79 |  5.85 | 5.74 | 5.29 | 5.43 | 4.86 |  5.75 |  5.28 | 4.97 |  5.90 | 5.22 |  6.00 |  5.70 |  4.79 |  5.68 |  5.06 |  4.60 | 4.52 |  6.16 |  6.15 | 4.27 | 6.33 |  6.62 | 5.62 |  4.44 |  5.37 |  5.08 | 4.79 |  5.89 |
|        22 |  5.65 |  5.20 |  4.54 |  5.53 | 5.27 |  6.90 |  6.12 | 4.91 | 5.61 |  5.50 |  6.41 |  6.52 |  6.50 | 6.35 | 5.80 | 5.98 | 5.26 |  6.32 |  5.66 | 5.33 |  6.30 | 5.80 |  6.74 |  6.11 |  5.45 |  6.22 |  5.66 |  5.06 | 4.81 |  6.75 |  6.51 | 5.04 | 7.20 |  7.04 | 5.82 |  4.97 |  6.17 |  5.31 | 5.35 |  6.56 |
|        23 |  6.18 |  5.39 |  4.73 |  5.90 | 5.77 |  7.31 |  6.42 | 5.64 | 5.87 |  5.29 |  6.80 |  6.82 |  6.66 | 6.65 | 6.11 | 6.54 | 6.13 |  6.85 |  5.60 | 5.32 |  7.25 | 6.20 |  7.12 |  6.53 |  6.15 |  6.71 |  6.22 |  5.52 | 4.92 |  7.37 |  6.79 | 5.22 | 7.68 |  8.07 | 5.34 |  5.95 |  6.34 |  5.51 | 5.92 |  7.04 |
|        24 |  6.69 |  5.74 |  5.49 |  6.34 | 6.38 |  7.58 |  6.49 | 6.47 | 6.06 |  5.46 |  7.24 |  6.80 |  6.70 | 6.80 | 6.24 | 6.89 | 6.60 |  6.36 |  5.56 | 5.99 |  7.53 | 6.65 |  7.36 |  6.61 |  6.14 |  7.11 |  6.79 |  5.97 | 5.60 |  7.69 |  6.85 | 5.54 | 7.92 |  8.06 | 5.70 |  6.09 |  6.75 |  5.73 | 6.07 |  6.80 |
|        25 |  6.72 |  6.27 |  5.79 |  6.52 | 6.06 |  7.20 |  6.98 | 6.38 | 6.08 |  5.19 |  7.14 |  6.79 |  7.01 | 6.25 | 5.82 | 6.84 | 6.48 |  5.71 |  5.62 | 6.32 |  7.51 | 7.07 |  7.61 |  6.82 |  6.12 |  6.43 |  6.85 |  6.12 | 5.90 |  7.32 |  6.57 | 5.80 | 7.43 |  7.04 | 6.19 |  5.93 |  7.05 |  5.51 | 6.02 |  6.33 |
|        26 |  6.60 |  6.54 |  5.74 |  6.73 | 5.74 |  6.77 |  6.94 | 5.83 | 6.11 |  4.76 |  7.25 |  5.94 |  6.78 | 6.24 | 5.12 | 7.03 | 6.53 |  5.13 |  5.38 | 6.59 |  7.97 | 7.37 |  7.56 |  6.68 |  6.08 |  6.37 |  6.58 |  5.83 | 5.72 |  6.83 |  6.36 | 5.50 | 6.93 |  7.33 | 5.98 |  5.58 |  6.69 |  5.04 | 5.84 |  6.17 |
|        27 |  6.40 |  6.55 |  5.74 |  6.28 | 5.08 |  6.43 |  6.85 | 6.01 | 5.94 |  4.34 |  7.43 |  4.84 |  7.16 | 5.73 | 4.55 | 6.50 | 6.38 |  4.23 |  4.52 | 6.88 |  7.69 | 7.52 |  7.32 |  6.48 |  6.00 |  6.28 |  5.94 |  5.35 | 5.56 |  6.07 |  5.67 | 4.95 | 6.86 |  6.73 | 5.48 |  5.06 |  6.05 |  4.75 | 5.63 |  5.69 |
|        28 |  6.09 |  6.15 |  5.58 |  6.42 | 4.34 |  5.54 |  6.30 | 6.10 | 5.68 |  4.17 |  6.90 |  4.08 |  6.39 | 4.85 | 4.31 | 6.07 | 6.02 |  3.83 |  4.23 | 6.34 |  7.45 | 7.03 |  6.61 |  6.11 |  5.74 |  5.27 |  5.28 |  4.56 | 5.14 |  4.97 |  5.07 | 4.35 | 5.69 |  6.14 | 5.01 |  4.30 |  5.26 |  4.00 | 5.00 |  5.15 |
|        29 |  4.89 |  5.49 |  5.26 |  6.01 | 4.08 |  4.65 |  5.96 | 5.28 | 5.24 |  3.89 |  6.36 |  3.87 |  5.73 | 4.08 | 3.76 | 5.07 | 5.76 |  3.59 |  4.27 | 5.69 |  7.12 | 6.49 |  6.14 |  5.67 |  5.10 |  4.17 |  4.34 |  3.63 | 4.49 |  4.26 |  4.78 | 3.88 | 4.19 |  5.15 | 4.60 |  3.53 |  4.45 |  3.33 | 4.38 |  4.59 |
|        30 |  4.00 |  4.74 |  4.84 |  5.07 | 3.70 |  4.45 |  5.45 | 4.32 | 4.86 |  3.57 |  5.49 |  3.37 |  5.39 | 3.21 | 3.10 | 4.83 | 5.25 |  3.14 |  4.09 | 5.17 |  6.91 | 6.02 |  5.13 |  5.32 |  4.42 |  3.32 |  4.09 |  3.00 | 3.70 |  3.62 |  4.38 | 3.52 | 3.69 |  3.92 | 4.25 |  3.10 |  3.48 |  2.50 | 4.12 |  4.39 |
|        31 |  3.03 |  3.43 |  4.38 |  4.28 | 3.21 |  4.03 |  4.46 | 3.99 | 4.31 |  2.74 |  4.60 |  2.17 |  4.69 | 2.98 | 2.42 | 4.08 | 4.25 |  2.76 |  3.24 | 4.60 |  6.76 | 5.22 |  4.12 |  4.62 |  3.56 |  2.62 |  3.35 |  2.38 | 2.78 |  3.06 |  3.75 | 3.22 | 3.06 |  3.09 | 3.21 |  2.19 |  3.17 |  2.06 | 3.10 |  3.71 |
|        32 |  2.61 |  2.31 |  4.16 |  4.10 | 2.27 |  4.66 |  3.77 | 4.39 | 4.02 |  2.25 |  4.21 |  1.58 |  4.63 | 2.78 | 1.56 | 3.59 | 3.90 |  2.26 |  2.94 | 4.75 |  8.05 | 5.55 |  4.14 |  4.73 |  3.11 |  2.51 |  2.67 |  1.93 | 1.98 |  3.34 |  3.23 | 2.81 | 2.21 |  3.34 | 2.96 |  1.47 |  2.41 |  1.53 | 2.50 |  3.71 |
|        33 |  4.79 |  3.69 |  7.27 |  6.50 | 5.13 |  6.10 |  5.98 | 7.30 | 7.11 |  3.53 |  7.49 |  3.25 |  7.81 | 4.90 | 2.70 | 6.74 | 7.50 |  4.16 |  4.74 | 5.86 | 10.40 | 7.22 |  6.32 |  6.97 |  6.24 |  3.17 |  5.55 |  3.63 | 3.29 |  3.55 |  5.77 | 5.03 | 3.81 |  4.60 | 4.20 |  1.39 |  5.07 |  2.47 | 4.36 |  6.06 |
|        34 |  4.23 |  3.57 |  7.25 |  5.18 | 5.64 |  6.20 |  5.62 | 7.46 | 6.96 |  3.09 |  6.71 |  2.43 |  7.25 | 4.28 | 2.03 | 6.34 | 6.82 |  3.45 |  4.69 | 5.20 |  9.16 | 6.83 |  6.75 |  5.41 |  6.51 |  2.87 |  5.14 |  3.61 | 3.57 |  2.60 |  4.97 | 4.00 | 3.45 |  3.70 | 3.90 |  1.79 |  4.36 |  3.16 | 3.47 |  5.29 |
|        35 |  3.28 |  2.83 |  6.05 |  3.25 | 3.77 |  5.75 |  4.59 | 6.31 | 6.37 |  2.57 |  5.22 |  1.73 |  6.56 | 3.27 | 0.92 | 5.48 | 5.94 |  3.18 |  2.80 | 3.66 |  6.77 | 6.06 |  5.55 |  3.67 |  5.82 |  2.80 |  3.75 |  2.93 | 2.86 |  2.33 |  3.76 | 2.05 | 3.14 |  1.86 | 3.00 |  1.42 |  3.06 |  2.82 | 2.52 |  4.02 |
|        36 |  2.02 |  2.78 |  4.96 |  2.42 | 2.80 |  4.91 |  3.23 | 4.43 | 4.73 |  3.28 |  2.80 |  1.47 |  5.06 | 2.83 | 1.07 | 4.16 | 4.69 |  3.05 |  1.96 | 1.33 |  4.02 | 5.10 |  4.03 |  2.11 |  3.74 |  2.16 |  2.83 |  2.01 | 3.09 |  2.17 |  1.62 | 1.69 | 2.37 |  0.58 | 3.34 |  0.25 |  2.83 |  1.66 | 2.72 |  2.63 |
|        37 |  1.76 |  1.99 |  4.35 |  2.35 | 2.73 |  3.24 |  3.34 | 3.69 | 3.41 |  4.15 |  1.75 |  1.51 |  4.01 | 2.35 | 0.69 | 4.03 | 4.03 |  2.72 |  1.02 | 0.89 |  3.20 | 5.10 |  3.31 |  2.34 |  2.74 |  0.50 |  2.39 |  0.98 | 2.85 |  1.94 |  1.41 | 0.83 | 1.79 |  1.08 | 1.96 |  0.69 |  2.59 |  0.62 | 2.90 |  2.85 |
|        38 |  1.17 |  1.36 |  3.81 |  2.30 | 2.79 |  3.10 |  3.90 | 2.75 | 2.99 |  2.62 |  2.80 |  1.98 |  3.40 | 1.88 | 1.44 | 3.99 | 3.09 |  1.80 |  1.78 | 0.13 |  4.22 | 4.58 |  2.42 |  2.35 |  2.63 |  0.76 |  2.24 |  2.16 | 3.44 |  2.24 |  1.94 | 0.61 | 2.34 |  1.83 | 1.14 |  1.73 |  1.36 |  1.53 | 3.35 |  3.03 |
|        39 |  1.67 |  1.57 |  3.25 |  3.14 | 2.57 |  3.33 |  3.64 | 2.32 | 2.01 |  2.94 |  2.82 |  2.85 |  3.53 | 2.17 | 2.23 | 3.36 | 2.63 |  2.22 |  2.47 | 0.55 |  3.50 | 3.81 |  2.35 |  2.36 |  2.43 |  1.71 |  2.74 |  2.67 | 3.65 |  2.41 |  2.29 | 1.22 | 2.25 |  0.99 | 1.88 |  2.35 |  1.99 |  2.46 | 3.09 |  2.83 |
|        40 |  1.45 |  1.87 |  3.27 |  3.13 | 3.15 |  2.05 |  3.23 | 2.30 | 2.56 |  2.63 |  3.13 |  3.19 |  3.58 | 2.44 | 1.65 | 3.11 | 2.56 |  2.56 |  2.20 | 1.09 |  3.88 | 3.78 |  2.96 |  2.22 |  2.76 |  1.39 |  2.56 |  3.14 | 3.53 |  2.22 |  2.61 | 1.19 | 2.62 |  1.28 | 2.18 |  2.71 |  2.04 |  2.48 | 3.22 |  2.26 |
|        41 |  1.11 |  1.59 |  3.05 |  2.17 | 3.04 |  1.38 |  1.51 | 1.13 | 2.75 |  2.01 |  2.23 |  2.90 |  3.32 | 2.21 | 1.23 | 2.96 | 1.22 |  2.09 |  1.75 | 1.90 |  3.87 | 3.63 |  1.99 |  1.39 |  1.50 |  1.66 |  1.69 |  2.95 | 3.13 |  1.50 |  2.49 | 0.19 | 1.80 |  2.99 | 2.24 |  2.58 |  0.90 |  2.46 | 3.17 |  0.74 |
|        42 |  0.75 |  1.45 |  1.33 |  1.18 | 2.20 |  1.64 |  0.67 | 0.62 | 1.89 |  0.75 |  1.70 |  1.84 |  2.04 | 1.41 | 1.99 | 1.90 | 0.52 |  0.61 |  0.50 | 3.20 |  2.96 | 2.56 |  1.62 |  1.06 |  0.78 |  1.69 |  0.56 |  1.42 | 1.66 |  0.10 |  0.50 | 1.17 | 0.87 |  1.54 | 1.86 |  1.04 |  0.62 |  2.44 | 2.14 |  1.30 |
|        43 |  1.42 |  1.85 |  1.28 |  1.48 | 2.02 |  2.66 |  1.63 | 1.77 | 2.20 |  1.41 |  2.26 |  1.03 |  1.92 | 0.64 | 1.39 | 0.91 | 0.93 |  0.42 |  0.85 | 3.07 |  1.64 | 1.95 |  2.34 |  1.40 |  1.06 |  1.69 |  1.25 |  0.39 | 1.56 |  0.81 |  0.71 | 2.21 | 0.60 |  0.95 | 0.82 |  0.38 |  0.91 |  1.26 | 1.19 |  1.71 |
|        44 |  1.85 |  2.23 |  1.62 |  1.85 | 2.06 |  2.63 |  2.38 | 2.60 | 2.49 |  1.81 |  2.80 |  1.47 |  2.31 | 0.73 | 1.50 | 1.06 | 1.64 |  1.85 |  1.09 | 3.32 |  0.64 | 1.10 |  2.03 |  1.55 |  2.11 |  1.98 |  1.78 |  1.44 | 2.55 |  1.27 |  1.17 | 3.14 | 1.26 |  1.76 | 1.21 |  0.62 |  1.15 |  0.18 | 2.44 |  3.08 |
|        45 |  1.89 |  2.67 |  2.53 |  1.35 | 2.47 |  2.36 |  3.38 | 2.91 | 2.93 |  1.63 |  2.99 |  2.86 |  2.90 | 1.42 | 1.09 | 2.13 | 1.88 |  1.38 |  2.12 | 3.10 |  1.62 | 1.47 |  2.81 |  1.98 |  3.82 |  2.76 |  1.63 |  1.89 | 3.83 |  1.01 |  1.79 | 2.18 | 1.72 |  1.83 | 2.27 |  1.13 |  1.82 |  1.70 | 2.85 |  2.27 |
|        46 |  2.31 |  2.76 |  2.73 |  1.77 | 2.24 |  2.06 |  2.91 | 3.09 | 2.20 |  1.97 |  2.04 |  3.09 |  2.11 | 2.41 | 1.49 | 1.80 | 2.27 |  1.09 |  2.29 | 3.02 |  1.33 | 1.89 |  2.42 |  2.22 |  3.15 |  2.49 |  2.17 |  2.30 | 3.57 |  0.83 |  2.09 | 2.35 | 1.61 |  1.97 | 2.67 |  2.25 |  2.31 |  2.31 | 2.17 |  2.34 |
|        47 |  2.34 |  2.99 |  2.94 |  2.32 | 2.28 |  2.92 |  2.49 | 3.39 | 2.33 |  2.23 |  1.46 |  3.26 |  1.67 | 2.36 | 1.64 | 1.70 | 2.54 |  2.11 |  1.69 | 3.08 |  1.86 | 1.98 |  2.37 |  1.64 |  2.65 |  2.39 |  1.85 |  2.58 | 3.06 |  1.47 |  1.68 | 2.58 | 1.71 |  2.36 | 3.06 |  2.53 |  2.19 |  2.12 | 1.97 |  2.20 |
|        48 |  2.73 |  3.35 |  2.84 |  1.97 | 2.35 |  2.71 |  2.55 | 3.09 | 2.48 |  1.99 |  1.20 |  3.42 |  2.33 | 2.28 | 1.71 | 1.84 | 2.77 |  1.97 |  1.32 | 2.74 |  1.55 | 1.35 |  2.13 |  1.56 |  2.15 |  2.15 |  1.50 |  2.50 | 2.34 |  1.52 |  1.63 | 2.55 | 1.51 |  2.43 | 2.64 |  2.69 |  2.27 |  2.44 | 2.02 |  2.11 |
|        51 |  2.22 |  2.78 |  2.10 |  2.20 | 1.67 |  1.64 |  2.05 | 2.69 | 2.54 |  1.98 |  1.65 |  2.96 |  1.80 | 2.44 | 2.20 | 1.11 | 2.87 |  1.20 |  1.42 | 1.81 |  1.36 | 1.82 |  1.20 |  2.27 |  2.30 |  2.32 |  1.16 |  2.10 | 1.54 |  1.50 |  1.67 | 2.15 | 1.16 |  2.23 | 2.48 |  1.68 |  1.76 |  1.95 | 2.25 |  1.91 |
|        54 |  2.16 |  2.52 |  1.96 |  2.03 | 1.73 |  2.27 |  1.67 | 2.36 | 3.05 |  2.05 |  1.36 |  3.38 |  1.93 | 1.92 | 0.67 | 1.85 | 2.67 |  1.91 |  1.47 | 0.75 |  1.42 | 1.95 |  0.46 |  2.21 |  1.86 |  2.41 |  1.62 |  2.37 | 0.99 |  1.87 |  2.21 | 2.23 | 3.11 |  1.83 | 2.21 |  2.67 |  1.69 |  1.75 | 1.86 |  1.52 |
|        57 |  2.78 |  3.23 |  3.76 |  2.93 | 1.83 |  2.01 |  3.16 | 3.29 | 1.53 |  2.37 |  2.27 |  2.45 |  2.87 | 3.56 | 2.24 | 1.77 | 1.12 |  3.37 |  2.05 | 2.41 |  2.65 | 1.19 |  1.85 |  2.71 |  4.20 |  3.95 |  1.07 |  3.51 | 1.55 |  2.53 |  2.99 | 1.70 | 3.48 |  2.12 | 3.37 |  3.15 |  2.58 |  3.22 | 2.76 |  1.73 |
|        60 |  6.19 |  5.50 |  8.75 |  6.97 | 4.84 |  2.92 |  3.98 | 5.24 | 2.59 |  8.33 |  5.57 |  6.08 |  3.35 | 5.72 | 8.56 | 5.45 | 2.73 |  7.04 |  2.36 | 4.65 |  7.05 | 1.35 |  1.57 |  3.51 |  9.43 |  8.88 |  2.18 |  8.44 | 7.35 |  5.52 |  7.06 | 2.33 | 8.30 |  6.24 | 5.36 |  8.45 |  4.88 |  8.65 | 5.93 |  4.03 |
|        63 |  3.64 |  3.62 |  3.93 |  4.75 | 2.08 |  2.82 |  3.40 | 3.34 | 1.54 |  4.08 |  3.72 |  2.68 |  2.14 | 3.40 | 4.94 | 3.33 | 2.10 |  5.96 |  2.56 | 3.03 |  3.67 | 0.50 |  2.71 |  1.71 |  4.13 |  4.49 |  1.77 |  6.64 | 5.80 |  3.89 |  4.29 | 1.45 | 4.83 |  3.70 | 2.45 |  5.25 |  2.61 |  5.68 | 3.89 |  3.01 |
|        66 |  2.90 |  3.59 |  4.99 |  5.58 | 2.01 |  3.32 |  2.68 | 3.19 | 1.91 |  5.88 |  3.05 |  2.26 |  1.89 | 2.01 | 4.89 | 5.12 | 4.40 |  5.42 |  2.74 | 2.71 |  4.53 | 2.91 |  3.11 |  3.51 |  6.11 |  6.17 |  4.59 |  5.17 | 4.47 |  3.71 |  4.34 | 3.41 | 4.44 |  2.20 | 2.17 |  4.49 |  1.41 |  5.40 | 3.43 |  2.80 |
|        69 |  5.05 |  3.33 |  3.84 |  4.62 | 4.13 |  4.46 |  5.16 | 3.52 | 2.77 |  5.02 |  5.38 |  3.99 |  3.43 | 4.22 | 3.83 | 5.00 | 3.44 |  4.78 |  4.31 | 3.88 |  4.48 | 3.09 |  4.39 |  4.05 |  5.34 |  5.63 |  3.21 |  4.20 | 4.76 |  3.95 |  4.30 | 3.00 | 4.16 |  4.77 | 3.96 |  5.00 |  4.68 |  4.24 | 4.88 |  5.21 |
|        72 |  4.01 |  4.26 |  3.41 |  4.01 | 4.24 |  3.87 |  4.93 | 4.22 | 3.77 |  3.91 |  4.81 |  3.36 |  3.64 | 2.93 | 3.47 | 4.45 | 4.62 |  3.89 |  4.27 | 3.85 |  4.15 | 4.39 |  4.85 |  3.61 |  4.51 |  4.38 |  4.03 |  4.43 | 4.48 |  4.10 |  4.25 | 3.48 | 3.30 |  4.08 | 4.09 |  5.39 |  0.98 |  4.17 | 4.10 |  3.77 |
|        78 |  3.95 |  3.31 |  3.22 |  4.32 | 4.13 |  4.40 |  4.54 | 3.64 | 3.49 |  4.77 |  4.47 |  4.62 |  3.49 | 4.60 | 4.20 | 2.27 | 5.12 |  3.04 |  3.41 | 4.31 |  4.89 | 6.24 |  4.81 |  2.37 |  3.42 |  4.14 |  5.41 |  7.54 | 4.87 |  5.79 |  5.62 | 3.04 | 3.68 |  2.74 | 3.13 |  5.99 |  3.37 |  4.71 | 5.04 |  5.04 |
|        84 |  4.27 |  2.73 |  9.51 | 10.81 | 3.37 |  6.64 | 12.23 | 4.91 | 5.98 | 14.04 | 11.67 | 11.23 |  6.71 | 8.74 | 9.42 | 2.72 | 5.32 | 10.63 |  9.04 | 7.39 |  7.86 | 6.27 |  3.53 |  1.78 | 11.56 | 12.42 |  6.27 |  9.18 | 7.73 | 10.82 | 14.10 | 5.72 | 7.51 |  1.59 | 5.63 | 11.27 |  8.37 | 11.62 | 9.75 | 14.20 |
|        90 |  2.49 |  2.27 |  3.86 |  4.99 | 2.25 |  3.07 |  4.97 | 4.39 | 4.02 |  4.34 |  6.29 |  5.51 |  3.87 | 5.19 | 6.93 | 1.59 | 3.77 |  4.79 |  2.14 | 4.38 |  3.01 | 2.40 |  2.03 |  3.49 |  5.16 |  4.82 |  3.25 |  5.07 | 3.83 |  4.09 |  5.33 | 2.72 | 4.73 |  1.00 | 3.97 |  5.65 |  5.41 |  5.42 | 4.17 |  5.22 |
|        96 |  4.07 |  3.39 |  2.11 |  1.21 | 2.73 |  2.36 |  2.32 | 2.90 | 2.75 |  3.40 |  5.22 |  4.17 |  0.25 | 3.81 | 3.04 | 2.59 | 1.67 |  3.79 |  2.04 | 2.21 |  1.56 | 3.19 |  3.63 |  4.34 |  3.64 |  2.96 |  4.10 |  0.39 | 3.83 |  1.48 |  3.66 | 1.68 | 1.63 |  5.18 | 2.11 |  3.86 |  4.54 |  3.01 | 1.78 |  3.39 |
|       102 |  4.91 |  6.78 |  4.86 |  3.03 | 6.54 |  7.45 |  2.20 | 1.70 | 1.18 |  2.90 |  3.21 |  2.36 |  4.34 | 3.71 | 1.15 | 5.26 | 1.45 |  1.60 |  5.19 | 1.72 |  4.34 | 4.71 |  5.86 |  6.62 |  3.25 |  1.44 |  5.52 |  5.87 | 3.10 |  0.82 |  0.91 | 4.83 | 4.03 |  5.61 | 3.00 |  1.76 |  4.09 |  0.53 | 2.25 |  2.99 |
|       108 | 11.97 | 11.31 | 11.08 | 12.12 | 9.91 | 11.76 | 11.11 | 2.29 | 7.33 |  1.93 |  2.03 |  0.89 | 10.27 | 8.72 | 2.85 | 6.48 | 3.53 |  4.30 | 14.62 | 4.03 | 11.89 | 8.32 | 10.70 | 14.68 |  1.63 |  1.98 | 13.57 | 10.37 | 6.23 |  3.35 |  9.14 | 8.87 | 7.95 | 11.75 | 9.68 |  3.05 | 14.72 |  6.45 | 7.18 |  3.48 |
|       114 |  5.60 |  5.16 |  5.10 |  6.32 | 6.11 |  6.54 |  5.60 | 3.91 | 4.08 |  3.23 |  1.90 |  2.79 |  5.38 | 5.28 | 3.65 | 3.66 | 3.43 |  2.63 |  6.30 | 4.13 |  6.21 | 3.90 |  6.52 |  8.48 |  3.62 |  3.41 |  5.46 |  7.65 | 3.89 |  2.99 |  5.08 | 4.47 | 5.32 |  6.46 | 5.43 |  4.01 |  7.38 |  3.75 | 5.46 |  1.61 |
|       120 |  2.37 |  1.00 |  5.47 |  6.81 | 1.30 |  4.01 |  5.49 | 3.66 | 6.19 |  2.73 |  3.65 |  1.57 |  3.60 | 4.60 | 1.84 | 2.84 | 1.23 |  1.46 |  5.79 | 0.64 |  4.14 | 0.91 |  4.68 |  8.51 |  3.21 |  1.58 |  0.79 |  5.17 | 4.85 |  1.27 |  1.49 | 2.27 | 1.75 |  7.28 | 4.99 |  4.97 |  6.24 |  1.72 | 2.61 |  1.37 |
