# variable: Temperature at 850hPa
# units: degree celsius
# 
| fcst_hour |     1 |     2 |    3 |     4 |     5 |     6 |     7 |     8 |     9 |    10 |    11 |    12 |    13 |    14 |    15 |    16 |   17 |   18 |   19 |    20 |    21 |    22 |    23 |    24 |    25 |    26 |    27 |    28 |    29 |    30 |    31 |    32 |    33 |    34 |   35 |   36 |   37 |    38 |    39 |   40 |
|         0 |  0.29 |  0.21 | 0.27 |  0.33 | -0.02 | -0.26 |  0.04 |     0 | -0.11 |  0.18 | -0.12 | -0.39 | -0.04 |  0.26 | -0.36 | -0.10 | 0.35 | 0.11 | 0.13 | -0.25 | -0.53 |  0.24 |  0.52 | -0.13 |  0.05 | -0.49 |  0.02 |  0.09 | -0.24 |  0.26 | -0.17 |  0.31 |  0.41 |  0.34 | 0.83 | 0.03 | 0.24 |  0.28 |  0.16 | 0.12 |
|         1 |  0.35 |  0.36 | 0.44 |  0.42 |  0.12 |  0.05 |  0.44 |  0.12 | -0.03 |  0.37 |  0.10 | -0.28 |  0.25 |  0.46 |  0.12 |  0.07 | 0.58 | 0.40 | 0.57 | -0.11 | -0.20 |  0.59 |  0.69 | -0.03 |  0.24 | -0.31 |  0.21 |  0.27 | -0.03 |  0.48 | -0.06 |  0.37 |  0.46 |  0.62 | 0.97 | 0.32 | 0.38 |  0.51 |  0.50 | 0.44 |
|         2 |  0.49 |  0.54 | 0.43 |  0.60 |  0.21 |  0.39 |  0.68 |  0.28 |  0.12 |  0.54 |  0.53 | -0.04 |  0.28 |  0.48 |  0.54 |  0.45 | 0.95 | 0.79 | 0.83 |  0.09 |  0.11 |  0.97 |  1.00 |  0.13 |  0.46 | -0.20 |  0.38 |  0.56 |  0.34 |  0.69 |  0.19 |  0.63 |  0.75 |  0.83 | 1.24 | 0.73 | 0.44 |  0.82 |  0.73 | 0.56 |
|         3 |  0.81 |  1.18 | 0.80 |  0.80 |  0.45 |  0.92 |  0.83 |  0.52 |  0.42 |  0.92 |  0.84 |  0.28 |  0.43 |  0.76 |  0.93 |  0.96 | 1.23 | 0.99 | 1.07 |  0.46 |  0.37 |  1.34 |  1.38 |  0.50 |  0.75 |  0.06 |  0.65 |  0.85 |  0.71 |  1.07 |  0.62 |  0.76 |  1.04 |  1.23 | 1.50 | 1.02 | 0.70 |  1.13 |  1.05 | 0.81 |
|         4 |  1.23 |  1.33 | 1.15 |  1.22 |  0.79 |  1.40 |  1.05 |  0.88 |  0.74 |  1.35 |  1.26 |  0.67 |  0.54 |  1.26 |  1.20 |  1.48 | 1.41 | 1.19 | 1.54 |  0.89 |  0.69 |  1.97 |  1.74 |  1.12 |  1.30 |  0.35 |  0.87 |  1.27 |  0.98 |  1.50 |  1.06 |  1.01 |  1.30 |  1.50 | 1.96 | 1.43 | 0.93 |  1.60 |  1.33 | 1.17 |
|         5 |  1.68 |  1.33 | 2.00 |  1.55 |  1.68 |  1.72 |  1.37 |  1.35 |  1.44 |  1.78 |  1.98 |  1.14 |  1.27 |  1.65 |  1.70 |  2.00 | 1.76 | 1.57 | 2.11 |  1.26 |  1.25 |  2.39 |  1.94 |  1.73 |  1.80 |  0.45 |  1.53 |  1.88 |  1.17 |  1.82 |  1.81 |  1.43 |  1.94 |  1.77 | 2.88 | 1.87 | 1.50 |  2.03 |  1.45 | 1.74 |
|         6 |  2.23 |  2.21 | 3.03 |  1.92 |  2.43 |  1.97 |  1.86 |  2.38 |  2.03 |  2.09 |  2.80 |  1.55 |  1.40 |  1.98 |  2.54 |  2.46 | 2.13 | 2.01 | 2.94 |  1.86 |  1.85 |  2.65 |  2.25 |  1.87 |  2.40 |  0.98 |  2.31 |  2.65 |  1.49 |  2.30 |  2.36 |  2.30 |  2.57 |  2.37 | 3.27 | 2.85 | 2.39 |  2.52 |  2.03 | 2.48 |
|         7 |  3.04 |  3.66 | 3.34 |  2.49 |  2.31 |  2.22 |  2.53 |  2.88 |  2.43 |  2.21 |  3.26 |  2.19 |  1.98 |  2.72 |  2.85 |  2.67 | 2.43 | 2.45 | 2.90 |  2.05 |  2.35 |  3.38 |  2.64 |  2.15 |  2.66 |  2.22 |  2.42 |  3.05 |  1.90 |  2.68 |  1.56 |  3.21 |  2.96 |  3.36 | 3.44 | 3.38 | 3.15 |  3.14 |  2.21 | 2.51 |
|         8 |  3.13 |  3.74 | 3.10 |  3.44 |  2.28 |  2.68 |  2.95 |  3.23 |  2.76 |  2.66 |  3.40 |  2.72 |  2.86 |  3.50 |  2.68 |  3.10 | 2.82 | 2.91 | 2.57 |  2.53 |  2.88 |  3.63 |  2.97 |  2.78 |  2.85 |  3.00 |  2.45 |  3.02 |  2.47 |  3.34 |  2.78 |  3.41 |  2.86 |  3.71 | 3.46 | 3.68 | 3.25 |  3.18 |  3.26 | 2.85 |
|         9 |  3.29 |  3.40 | 3.12 |  4.47 |  3.00 |  2.98 |  3.43 |  3.79 |  3.52 |  3.05 |  3.95 |  2.78 |  3.60 |  3.72 |  2.90 |  3.41 | 4.26 | 3.24 | 3.05 |  3.43 |  3.03 |  3.89 |  3.61 |  3.18 |  2.88 |  2.75 |  2.87 |  3.16 |  2.48 |  3.39 |  2.96 |  3.47 |  2.80 |  3.83 | 3.74 | 3.90 | 3.56 |  3.44 |  3.56 | 3.23 |
|        10 |  3.81 |  3.49 | 3.56 |  4.39 |  3.99 |  3.39 |  3.28 |  3.68 |  3.69 |  3.34 |  4.43 |  3.29 |  3.68 |  3.95 |  3.28 |  3.55 | 4.01 | 3.39 | 3.80 |  3.76 |  3.18 |  4.04 |  3.77 |  3.29 |  3.15 |  3.23 |  3.37 |  3.34 |  2.91 |  3.43 |  4.17 |  3.52 |  3.03 |  3.89 | 4.39 | 3.99 | 3.66 |  3.60 |  3.57 | 3.74 |
|        11 |  4.42 |  3.63 | 4.04 |  4.34 |  3.55 |  3.98 |  3.61 |  3.89 |  3.59 |  3.66 |  4.93 |  3.98 |  3.53 |  4.54 |  3.53 |  3.79 | 3.57 | 3.56 | 4.08 |  4.08 |  3.46 |  3.96 |  4.45 |  3.48 |  3.48 |  3.80 |  4.00 |  3.51 |  3.46 |  3.84 |  4.27 |  3.88 |  3.51 |  4.23 | 4.86 | 4.42 | 4.23 |  3.68 |  3.96 | 3.84 |
|        12 |  5.15 |  3.94 | 4.13 |  4.79 |  3.91 |  4.26 |  4.27 |  4.00 |  3.89 |  3.89 |  5.12 |  4.42 |  4.16 |  4.92 |  3.59 |  4.30 | 3.86 | 3.85 | 4.50 |  4.58 |  3.93 |  4.23 |  4.60 |  4.33 |  3.97 |  4.18 |  4.47 |  3.85 |  3.86 |  4.67 |  4.38 |  4.53 |  4.00 |  4.66 | 4.76 | 5.06 | 4.95 |  3.80 |  4.28 | 4.20 |
|        13 |  5.26 |  4.45 | 4.42 |  5.07 |  4.53 |  4.62 |  4.75 |  4.05 |  4.43 |  3.92 |  5.52 |  4.74 |  4.69 |  5.16 |  3.93 |  4.63 | 4.12 | 4.37 | 4.78 |  5.04 |  4.42 |  4.73 |  4.62 |  5.00 |  4.40 |  4.58 |  4.53 |  4.31 |  4.16 |  5.31 |  4.69 |  5.08 |  4.21 |  5.14 | 4.81 | 5.49 | 5.36 |  3.97 |  4.18 | 4.78 |
|        14 |  5.31 |  4.77 | 4.75 |  5.07 |  4.74 |  4.87 |  5.05 |  4.31 |  4.74 |  4.57 |  5.73 |  5.01 |  5.07 |  5.61 |  4.01 |  4.71 | 4.48 | 4.33 | 4.95 |  5.25 |  4.76 |  5.16 |  4.88 |  5.09 |  4.64 |  4.48 |  4.40 |  4.62 |  4.42 |  5.46 |  5.08 |  5.40 |  4.18 |  5.58 | 4.99 | 5.72 | 5.61 |  4.14 |  3.94 | 5.15 |
|        15 |  5.52 |  4.88 | 5.15 |  5.00 |  4.88 |  5.04 |  5.15 |  4.81 |  5.00 |  5.32 |  5.63 |  5.13 |  5.31 |  5.77 |  4.23 |  4.66 | 4.69 | 4.18 | 4.99 |  5.25 |  4.96 |  5.36 |  5.25 |  5.19 |  4.72 |  4.43 |  4.74 |  4.50 |  4.67 |  5.26 |  5.34 |  5.55 |  4.22 |  5.79 | 5.30 | 5.85 | 5.38 |  4.32 |  3.99 | 5.25 |
|        16 |  5.56 |  5.08 | 5.32 |  5.08 |  5.07 |  5.14 |  5.27 |  4.95 |  5.30 |  5.48 |  5.45 |  5.20 |  5.37 |  5.75 |  4.64 |  4.50 | 4.81 | 4.12 | 4.99 |  5.04 |  5.01 |  5.42 |  5.49 |  5.29 |  4.70 |  4.48 |  5.03 |  4.40 |  4.87 |  5.02 |  5.49 |  5.69 |  4.50 |  5.86 | 5.54 | 5.97 | 5.14 |  4.39 |  4.17 | 5.12 |
|        17 |  5.60 |  4.98 | 5.22 |  5.34 |  5.24 |  5.20 |  5.24 |  5.13 |  5.54 |  5.40 |  5.29 |  5.22 |  5.36 |  5.51 |  4.93 |  4.55 | 4.97 | 4.18 | 4.92 |  4.98 |  5.01 |  5.39 |  5.52 |  5.24 |  4.79 |  4.54 |  4.92 |  4.54 |  5.02 |  5.07 |  5.51 |  5.67 |  4.93 |  5.92 | 5.66 | 5.93 | 5.22 |  4.58 |  4.46 | 5.31 |
|        18 |  5.75 |  4.89 | 5.18 |  5.62 |  5.35 |  5.35 |  5.32 |  5.27 |  5.58 |  5.29 |  5.29 |  5.21 |  5.47 |  5.38 |  4.97 |  4.72 | 5.16 | 4.46 | 4.94 |  5.06 |  4.99 |  5.34 |  5.52 |  5.32 |  4.96 |  4.67 |  4.70 |  4.77 |  5.12 |  5.12 |  5.48 |  5.66 |  5.29 |  5.99 | 5.82 | 5.74 | 5.49 |  4.83 |  4.96 | 5.46 |
|        19 |  5.97 |  4.89 | 5.17 |  5.82 |  5.44 |  5.45 |  5.43 |  5.38 |  5.57 |  5.18 |  5.27 |  5.19 |  5.60 |  5.36 |  5.07 |  5.03 | 5.27 | 4.64 | 5.10 |  5.11 |  5.02 |  5.41 |  5.64 |  5.44 |  5.01 |  4.74 |  4.58 |  5.07 |  5.20 |  5.25 |  5.52 |  5.68 |  5.49 |  6.07 | 5.81 | 5.56 | 5.69 |  5.08 |  5.34 | 5.41 |
|        20 |  6.15 |  4.88 | 5.19 |  5.82 |  5.57 |  5.49 |  5.49 |  5.46 |  5.53 |  5.15 |  5.22 |  5.24 |  5.54 |  5.37 |  5.21 |  5.12 | 5.36 | 4.61 | 5.28 |  5.13 |  4.91 |  5.48 |  5.80 |  5.53 |  5.03 |  4.80 |  4.70 |  5.28 |  5.35 |  5.36 |  5.62 |  5.74 |  5.55 |  6.16 | 5.79 | 5.48 | 5.62 |  5.25 |  5.51 | 5.56 |
|        21 |  6.27 |  4.95 | 5.22 |  5.92 |  5.66 |  5.53 |  5.56 |  5.47 |  5.53 |  5.25 |  5.26 |  5.36 |  5.59 |  5.47 |  5.41 |  5.17 | 5.40 | 4.63 | 5.41 |  5.19 |  4.92 |  5.49 |  5.96 |  5.58 |  5.19 |  4.95 |  4.96 |  5.52 |  5.45 |  5.33 |  5.72 |  5.92 |  5.66 |  6.22 | 5.91 | 5.56 | 5.50 |  5.36 |  5.69 | 5.74 |
|        22 |  6.35 |  5.06 | 5.34 |  5.91 |  5.72 |  5.63 |  5.67 |  5.39 |  5.59 |  5.18 |  5.62 |  5.48 |  5.72 |  5.54 |  5.56 |  5.21 | 5.45 | 4.71 | 5.47 |  5.33 |  4.99 |  5.54 |  6.12 |  5.68 |  5.44 |  5.11 |  5.14 |  5.71 |  5.46 |  5.32 |  5.83 |  6.01 |  5.86 |  6.20 | 6.09 | 5.69 | 5.41 |  5.52 |  5.90 | 5.88 |
|        23 |  6.46 |  5.20 | 5.47 |  5.97 |  5.89 |  5.78 |  5.80 |  5.37 |  5.68 |  5.18 |  5.83 |  5.55 |  5.90 |  5.67 |  5.69 |  5.21 | 5.58 | 4.83 | 5.52 |  5.56 |  5.10 |  5.68 |  6.27 |  5.79 |  5.74 |  5.33 |  5.38 |  5.76 |  5.51 |  5.34 |  5.92 |  6.19 |  6.08 |  6.20 | 6.30 | 5.95 | 5.43 |  5.69 |  6.19 | 5.99 |
|        24 |  6.54 |  5.30 | 5.64 |  6.15 |  6.10 |  5.89 |  5.92 |  5.41 |  5.81 |  5.29 |  5.94 |  5.68 |  6.13 |  5.76 |  5.82 |  5.27 | 5.80 | 4.87 | 5.62 |  5.78 |  5.23 |  5.79 |  6.38 |  5.91 |  5.99 |  5.51 |  5.44 |  5.72 |  5.60 |  5.42 |  6.04 |  6.32 |  6.23 |  6.21 | 6.49 | 6.26 | 5.52 |  6.00 |  6.41 | 6.07 |
|        25 |  6.60 |  5.39 | 5.74 |  6.33 |  6.35 |  6.01 |  6.02 |  5.44 |  5.82 |  5.39 |  5.96 |  5.83 |  6.35 |  5.89 |  5.88 |  5.20 | 5.92 | 5.02 | 5.67 |  5.93 |  5.27 |  5.87 |  6.46 |  5.99 |  6.19 |  5.77 |  5.64 |  5.63 |  5.71 |  5.52 |  6.10 |  6.51 |  6.27 |  6.14 | 6.66 | 6.51 | 5.70 |  6.20 |  6.59 | 6.16 |
|        26 |  6.65 |  5.42 | 5.87 |  6.36 |  6.43 |  6.09 |  6.15 |  5.44 |  5.76 |  5.51 |  5.88 |  5.88 |  6.47 |  5.96 |  5.84 |  5.11 | 6.01 | 5.10 | 5.67 |  5.99 |  5.18 |  5.91 |  6.55 |  6.04 |  6.42 |  6.00 |  5.76 |  5.52 |  5.84 |  5.62 |  6.20 |  6.61 |  6.08 |  6.04 | 6.83 | 6.67 | 5.86 |  6.12 |  6.59 | 6.24 |
|        27 |  6.62 |  5.49 | 6.04 |  6.30 |  6.27 |  6.12 |  6.25 |  5.45 |  5.69 |  5.66 |  5.80 |  5.78 |  6.44 |  5.92 |  5.78 |  5.04 | 6.02 | 5.11 | 5.71 |  5.99 |  5.21 |  5.88 |  6.56 |  6.00 |  6.56 |  6.05 |  5.58 |  5.47 |  5.89 |  5.64 |  6.31 |  6.63 |  5.89 |  5.89 | 6.86 | 6.63 | 5.88 |  6.04 |  6.47 | 6.26 |
|        28 |  6.54 |  5.48 | 6.23 |  6.20 |  6.18 |  6.21 |  6.34 |  5.48 |  5.56 |  5.83 |  5.97 |  5.66 |  6.24 |  5.99 |  5.79 |  5.02 | 6.01 | 5.21 | 5.66 |  6.02 |  5.18 |  5.91 |  6.55 |  5.92 |  6.56 |  6.04 |  5.55 |  5.46 |  5.84 |  5.58 |  6.29 |  6.52 |  5.88 |  5.63 | 6.76 | 6.52 | 5.96 |  5.98 |  6.30 | 6.17 |
|        29 |  6.52 |  5.44 | 6.22 |  6.10 |  6.15 |  6.30 |  6.37 |  5.49 |  5.52 |  5.89 |  5.73 |  5.59 |  5.92 |  6.07 |  5.86 |  4.89 | 6.01 | 5.25 | 5.69 |  6.01 |  5.00 |  5.99 |  6.51 |  5.90 |  6.51 |  6.04 |  5.56 |  5.31 |  5.74 |  5.52 |  6.16 |  6.41 |  5.62 |  5.48 | 6.54 | 6.27 | 6.05 |  5.96 |  6.10 | 5.93 |
|        30 |  6.46 |  5.48 | 6.13 |  5.93 |  6.11 |  6.27 |  6.33 |  5.50 |  5.53 |  5.85 |  5.84 |  5.50 |  5.83 |  6.24 |  5.95 |  4.94 | 5.93 | 5.20 | 5.79 |  6.02 |  4.78 |  5.85 |  6.56 |  5.92 |  6.38 |  6.01 |  5.64 |  5.24 |  5.74 |  5.47 |  6.02 |  6.20 |  5.72 |  5.55 | 6.42 | 6.03 | 6.11 |  5.91 |  6.04 | 5.69 |
|        31 |  6.12 |  5.53 | 6.19 |  5.80 |  6.14 |  6.22 |  6.25 |  5.35 |  5.55 |  5.63 |  5.97 |  5.48 |  5.74 |  6.00 |  6.11 |  4.96 | 5.92 | 5.08 | 5.88 |  5.88 |  4.87 |  5.55 |  6.43 |  5.88 |  6.36 |  5.93 |  5.65 |  5.27 |  5.86 |  5.40 |  6.01 |  6.10 |  5.30 |  5.54 | 6.27 | 5.91 | 6.03 |  5.88 |  5.95 | 5.53 |
|        32 |  5.59 |  5.49 | 6.23 |  5.72 |  6.30 |  6.26 |  6.18 |  5.11 |  5.66 |  5.38 |  5.80 |  5.59 |  5.48 |  5.66 |  6.17 |  4.89 | 5.73 | 4.95 | 5.88 |  5.74 |  4.76 |  5.30 |  6.20 |  5.84 |  6.47 |  5.84 |  5.64 |  5.27 |  5.78 |  5.33 |  6.07 |  6.13 |  5.16 |  5.52 | 6.10 | 5.83 | 5.85 |  5.93 |  5.74 | 5.60 |
|        33 |  5.45 |  5.30 | 5.99 |  5.66 |  6.28 |  6.18 |  6.12 |  4.90 |  5.77 |  5.20 |  5.18 |  5.76 |  5.02 |  5.33 |  6.00 |  4.65 | 5.71 | 4.94 | 5.71 |  5.48 |  4.47 |  5.19 |  6.06 |  5.80 |  6.53 |  5.81 |  5.69 |  4.89 |  5.69 |  5.48 |  5.99 |  6.34 |  5.28 |  5.50 | 6.05 | 5.35 | 5.60 |  5.89 |  5.38 | 5.63 |
|        34 |  5.55 |  5.17 | 5.82 |  5.52 |  6.27 |  5.70 |  6.25 |  4.68 |  5.77 |  5.25 |  4.66 |  5.65 |  4.47 |  4.78 |  5.82 |  4.38 | 5.86 | 5.07 | 5.65 |  5.35 |  4.31 |  5.30 |  5.78 |  6.03 |  6.51 |  5.88 |  5.56 |  4.60 |  5.68 |  5.72 |  5.79 |  6.45 |  5.24 |  5.57 | 6.13 | 5.09 | 5.55 |  5.95 |  4.85 | 5.62 |
|        35 |  5.65 |  5.20 | 5.75 |  5.33 |  6.30 |  5.58 |  6.32 |  4.70 |  5.80 |  5.20 |  4.79 |  5.74 |  4.34 |  4.35 |  5.68 |  4.82 | 5.47 | 5.19 | 5.65 |  5.27 |  4.30 |  5.36 |  5.69 |  5.52 |  6.30 |  6.01 |  5.51 |  4.38 |  5.86 |  5.58 |  5.73 |  6.32 |  4.93 |  5.64 | 6.12 | 5.02 | 5.78 |  6.15 |  4.51 | 5.79 |
|        36 |  6.01 |  5.17 | 5.77 |  5.34 |  6.28 |  5.60 |  6.33 |  4.39 |  6.01 |  4.85 |  5.09 |  5.69 |  4.61 |  3.87 |  5.82 |  5.09 | 5.12 | 5.22 | 5.94 |  5.38 |  4.28 |  4.97 |  5.41 |  5.09 |  6.39 |  6.19 |  5.62 |  3.72 |  5.93 |  5.50 |  5.36 |  6.28 |  4.79 |  5.63 | 6.47 | 4.75 | 6.18 |  6.05 |  4.66 | 5.70 |
|        37 |  6.40 |  5.02 | 5.59 |  5.09 |  6.22 |  5.32 |  6.40 |  3.95 |  6.18 |  4.64 |  4.80 |  5.46 |  4.24 |  3.43 |  5.58 |  4.65 | 5.11 | 5.28 | 6.04 |  5.21 |  3.99 |  4.86 |  5.19 |  4.88 |  6.08 |  6.35 |  5.69 |  3.45 |  5.60 |  5.77 |  5.17 |  6.39 |  5.08 |  5.56 | 6.58 | 4.39 | 6.11 |  5.93 |  4.82 | 5.14 |
|        38 |  6.54 |  4.83 | 5.18 |  4.83 |  6.13 |  4.96 |  6.48 |  3.95 |  6.05 |  4.29 |  4.23 |  5.04 |  3.44 |  2.99 |  4.93 |  4.30 | 4.92 | 5.30 | 5.81 |  4.99 |  4.17 |  4.84 |  5.03 |  4.70 |  5.72 |  6.43 |  5.48 |  3.12 |  5.19 |  5.79 |  5.00 |  6.30 |  4.25 |  5.28 | 6.45 | 4.10 | 6.01 |  5.87 |  4.78 | 4.66 |
|        39 |  6.04 |  4.87 | 4.65 |  4.40 |  5.97 |  4.55 |  6.57 |  3.73 |  5.85 |  4.07 |  3.45 |  4.35 |  3.56 |  3.36 |  4.46 |  4.03 | 4.36 | 5.25 | 5.55 |  4.64 |  4.46 |  4.38 |  4.69 |  4.51 |  5.26 |  6.27 |  5.15 |  3.61 |  4.45 |  5.44 |  4.79 |  5.78 |  3.37 |  4.94 | 6.15 | 3.71 | 5.88 |  5.69 |  5.07 | 3.79 |
|        40 |  5.30 |  4.46 | 4.49 |  3.99 |  5.76 |  4.23 |  6.54 |  3.07 |  5.80 |  4.33 |  3.49 |  4.48 |  4.07 |  3.54 |  4.20 |  3.97 | 4.12 | 5.31 | 5.22 |  4.55 |  4.55 |  4.02 |  4.46 |  4.34 |  5.05 |  6.14 |  4.91 |  3.63 |  4.16 |  5.11 |  4.46 |  5.47 |  3.11 |  4.69 | 5.84 | 3.43 | 5.63 |  5.41 |  4.88 | 3.62 |
|        41 |  4.89 |  4.11 | 4.42 |  3.92 |  5.56 |  4.13 |  6.44 |  3.33 |  5.78 |  4.47 |  3.77 |  4.35 |  4.13 |  3.69 |  4.01 |  4.16 | 4.14 | 5.03 | 4.79 |  4.81 |  4.50 |  4.13 |  3.95 |  3.67 |  4.98 |  6.01 |  4.88 |  3.00 |  3.45 |  4.83 |  4.23 |  5.18 |  3.04 |  4.59 | 5.26 | 3.60 | 5.32 |  5.10 |  4.40 | 3.72 |
|        42 |  4.61 |  3.50 | 4.31 |  3.98 |  5.44 |  4.16 |  6.16 |  3.70 |  5.73 |  4.02 |  3.98 |  4.25 |  3.79 |  3.65 |  3.96 |  4.14 | 3.81 | 4.72 | 4.28 |  4.94 |  4.36 |  4.40 |  3.62 |  3.52 |  4.81 |  5.83 |  4.55 |  3.01 |  2.96 |  4.49 |  3.96 |  4.73 |  2.97 |  4.57 | 4.95 | 3.67 | 5.13 |  4.93 |  4.39 | 3.42 |
|        43 |  4.34 |  3.51 | 4.20 |  3.90 |  5.34 |  4.15 |  5.76 |  3.77 |  5.42 |  3.92 |  3.92 |  4.21 |  3.34 |  3.50 |  4.02 |  3.95 | 3.14 | 4.34 | 4.02 |  4.60 |  4.34 |  4.38 |  3.35 |  3.26 |  4.39 |  5.63 |  4.04 |  3.00 |  3.09 |  4.24 |  3.46 |  4.40 |  2.96 |  4.54 | 4.55 | 3.43 | 5.06 |  4.88 |  3.76 | 3.45 |
|        44 |  4.44 |  3.37 | 4.10 |  3.70 |  5.27 |  4.12 |  5.38 |  3.59 |  5.28 |  4.08 |  3.53 |  4.08 |  3.04 |  3.14 |  4.20 |  3.62 | 2.72 | 4.07 | 3.92 |  4.59 |  4.13 |  4.03 |  3.14 |  3.13 |  4.15 |  5.53 |  3.93 |  2.70 |  3.27 |  4.25 |  3.43 |  4.27 |  3.12 |  4.47 | 4.18 | 3.18 | 4.93 |  4.73 |  3.22 | 3.35 |
|        45 |  4.02 |  3.12 | 4.19 |  3.69 |  5.19 |  4.33 |  5.09 |  3.58 |  5.17 |  4.09 |  3.38 |  3.83 |  3.03 |  2.65 |  4.55 |  3.48 | 2.87 | 3.89 | 3.69 |  4.51 |  4.15 |  3.71 |  3.09 |  3.21 |  4.17 |  5.51 |  3.95 |  2.14 |  3.16 |  4.33 |  3.38 |  4.06 |  3.44 |  4.48 | 4.25 | 3.19 | 4.79 |  4.55 |  3.04 | 3.34 |
|        46 |  3.55 |  3.02 | 4.35 |  3.51 |  5.05 |  4.61 |  4.87 |  3.32 |  5.13 |  4.01 |  3.35 |  3.76 |  3.05 |  2.20 |  4.43 |  3.41 | 2.72 | 3.77 | 3.43 |  4.35 |  3.92 |  3.63 |  3.22 |  3.12 |  4.35 |  5.52 |  3.94 |  1.75 |  3.13 |  4.31 |  3.17 |  3.92 |  3.43 |  4.54 | 4.32 | 3.12 | 4.72 |  4.50 |  2.96 | 3.04 |
|        47 |  3.37 |  2.75 | 4.21 |  3.15 |  4.88 |  4.72 |  4.64 |  2.93 |  5.18 |  3.83 |  3.38 |  3.54 |  3.07 |  2.40 |  4.43 |  3.34 | 2.54 | 3.67 | 3.28 |  4.45 |  3.65 |  3.75 |  3.30 |  3.06 |  4.08 |  5.39 |  4.04 |  1.69 |  3.13 |  4.36 |  3.31 |  3.86 |  3.29 |  4.72 | 4.46 | 2.98 | 4.71 |  4.51 |  2.25 | 3.00 |
|        48 |  3.27 |  2.33 | 4.10 |  2.76 |  4.85 |  4.93 |  4.58 |  2.78 |  5.21 |  3.74 |  3.49 |  3.28 |  3.00 |  2.65 |  4.48 |  3.25 | 2.28 | 3.59 | 3.24 |  4.78 |  3.66 |  3.69 |  3.19 |  2.77 |  3.97 |  5.30 |  4.18 |  1.75 |  3.12 |  4.37 |  3.38 |  3.93 |  3.17 |  4.65 | 4.28 | 2.87 | 4.64 |  4.51 |  1.99 | 2.87 |
|        51 |  3.15 |  2.92 | 4.11 |  2.58 |  4.52 |  4.85 |  4.66 |  3.36 |  4.97 |  4.00 |  3.10 |  2.17 |  2.98 |  2.77 |  4.37 |  3.51 | 2.26 | 3.77 | 3.38 |  4.63 |  4.30 |  3.70 |  2.97 |  2.30 |  3.22 |  4.70 |  3.43 |  1.69 |  3.00 |  4.55 |  3.48 |  3.56 |  3.15 |  4.86 | 4.32 | 2.96 | 4.94 |  4.19 |  1.29 | 2.24 |
|        54 |  3.48 |  2.69 | 3.67 |  2.84 |  4.84 |  4.79 |  4.46 |  2.42 |  5.22 |  3.30 |  2.01 |  1.70 |  1.83 |  2.58 |  3.98 |  3.49 | 1.95 | 3.54 | 3.23 |  3.30 |  3.07 |  3.33 |  2.95 |  2.23 |  3.07 |  4.66 |  3.71 |  1.70 |  2.63 |  4.32 |  3.34 |  3.96 |  3.20 |  4.91 | 3.89 | 2.37 | 4.64 |  3.93 |  1.54 | 1.87 |
|        57 |  3.74 |  2.44 | 3.50 |  2.75 |  4.84 |  4.99 |  4.36 |  2.41 |  5.49 |  2.40 |  2.07 |  0.98 |  1.43 |  2.55 |  3.83 |  3.29 | 1.87 | 3.46 | 3.35 |  3.30 |  2.58 |  3.55 |  3.44 |  2.21 |  2.54 |  4.66 |  3.64 |  2.31 |  2.63 |  4.47 |  3.24 |  3.35 |  1.58 |  3.29 | 3.56 | 1.61 | 4.52 |  3.55 |  2.38 | 2.08 |
|        60 |  4.30 |  2.26 | 3.74 |  2.73 |  4.91 |  4.97 |  4.41 |  2.72 |  5.80 |  2.86 |  2.95 |  1.20 |  2.33 |  2.95 |  4.08 |  3.10 | 2.52 | 2.76 | 2.98 |  2.86 |  3.33 |  3.72 |  3.83 |  2.60 |  3.26 |  5.05 |  3.76 |  3.10 |  3.03 |  4.66 |  3.46 |  2.90 |  1.65 |  4.27 | 4.34 | 2.41 | 4.77 |  4.10 |  2.93 | 2.97 |
|        63 |  4.15 |  2.51 | 4.12 |  2.49 |  5.17 |  5.20 |  3.50 |  3.39 |  6.14 |  3.35 |  2.87 |  1.60 |  2.93 |  3.50 |  4.46 |  3.04 | 3.42 | 2.26 | 3.79 |  3.60 |  3.68 |  4.13 |  3.99 |  1.95 |  3.15 |  4.83 |  3.99 |  3.85 |  3.74 |  4.11 |  3.02 |  3.53 |  2.68 |  4.18 | 3.96 | 2.71 | 4.86 |  3.81 |  3.19 | 3.64 |
|        66 |  4.26 |  3.56 | 4.05 |  2.34 |  5.13 |  4.97 |  4.35 |  3.97 |  6.09 |  3.86 |  4.28 |  1.65 |  3.63 |  3.33 |  3.19 |  2.77 | 3.66 | 3.14 | 3.88 |  3.40 |  3.40 |  4.06 |  4.20 |  2.95 |  3.84 |  4.94 |  3.73 |  3.45 |  3.33 |  4.11 |  3.77 |  3.55 |  2.32 |  4.09 | 4.31 | 2.91 | 5.19 |  3.51 |  3.78 | 4.10 |
|        69 |  4.23 |  3.84 | 4.13 |  2.61 |  5.08 |  4.84 |  4.54 |  3.37 |  6.00 |  3.23 |  3.61 |  1.48 |  3.13 |  3.01 |  2.98 |  2.99 | 4.49 | 2.43 | 3.77 |  2.63 |  2.86 |  4.01 |  4.56 |  2.70 |  3.80 |  5.23 |  3.12 |  3.85 |  3.29 |  4.09 |  3.58 |  2.89 |  2.88 |  3.15 | 4.41 | 3.19 | 4.89 |  2.78 |  4.13 | 4.17 |
|        72 |  4.56 |  4.10 | 3.79 |  2.51 |  5.68 |  4.75 |  4.50 |  2.82 |  5.78 |  3.72 |  3.82 |  2.27 |  3.94 |  2.18 |  3.87 |  3.40 | 5.79 | 2.41 | 3.42 |  1.88 |  1.93 |  3.69 |  4.68 |  2.82 |  3.32 |  5.51 |  2.49 |  3.96 |  2.51 |  4.16 |  3.11 |  1.78 |  3.20 |  2.69 | 4.11 | 3.16 | 4.65 |  2.52 |  4.52 | 3.76 |
|        78 |  5.03 |  4.81 | 3.58 |  2.59 |  6.60 |  5.27 |  4.93 |  2.46 |  5.85 |  7.67 |  4.69 |  6.18 |  4.90 |  1.29 |  5.06 |  5.71 | 6.17 | 2.27 | 3.14 |  3.36 |  1.68 |  3.21 |  5.36 |  3.64 |  2.59 |  5.60 |  1.33 |  4.18 |  2.86 |  4.14 |  1.76 |  3.68 |  4.30 |  3.45 | 4.79 | 3.09 | 4.39 |  1.56 |  5.72 | 2.70 |
|        84 |  5.88 |  5.08 | 4.09 |  3.92 |  7.86 |  6.82 |  6.16 |  5.50 |  7.37 |  9.56 |  6.02 |  7.01 |  6.81 |  5.22 |  6.29 |  7.26 | 7.92 | 2.87 | 5.11 |  6.35 |  6.59 |  5.24 |  7.08 |  5.64 |  5.67 |  7.05 |  1.48 |  6.37 |  6.17 |  5.38 |  1.90 |  7.38 |  6.54 |  5.97 | 6.74 | 3.83 | 5.54 |  4.34 |  7.09 | 4.49 |
|        90 |  6.37 |  4.95 | 4.68 |  2.90 |  8.45 |  8.65 |  6.17 |  7.08 |  9.47 | 10.49 |  8.89 |  7.49 |  6.92 |  8.88 |  7.96 |  7.63 | 7.25 | 3.83 | 4.76 |  6.69 |  7.97 |  6.77 |  8.95 |  5.49 |  9.21 |  7.04 |  3.78 |  8.76 |  7.51 |  7.81 |  1.66 |  8.83 |  8.01 |  7.55 | 7.45 | 4.84 | 6.18 |  6.56 |  8.03 | 3.59 |
|        96 |  7.52 |  6.18 | 4.94 |  3.83 |  9.38 | 10.65 |  6.75 |  7.77 |  9.97 | 10.02 |  9.59 |  8.58 |  7.73 |  9.26 |  8.81 |  7.37 | 5.82 | 4.89 | 7.94 |  6.86 |  8.61 |  6.10 |  9.00 |  6.81 |  9.24 |  6.96 |  5.47 |  9.09 |  7.96 |  9.65 |  2.56 |  9.96 |  7.14 | 10.09 | 7.23 | 7.75 | 6.54 |  9.04 |  8.83 | 6.96 |
|       102 |  7.91 |  7.28 | 6.29 |  6.00 |  9.67 | 10.46 |  7.29 |  8.87 |  9.67 |  9.00 |  9.25 |  7.36 | 10.77 |  9.34 |  8.52 | 10.41 | 6.41 | 5.46 | 9.47 |  7.47 |  8.80 |  5.42 |  9.09 |  7.94 |  8.18 |  6.68 |  9.15 |  9.44 |  9.14 |  9.85 |  5.63 | 10.15 |  5.56 | 10.16 | 7.50 | 7.00 | 5.96 |  9.02 |  9.11 | 6.12 |
|       108 |  9.18 |  8.72 | 8.49 |  6.89 |  9.52 | 11.10 |  8.23 |  9.84 |  8.52 |  8.50 |  9.09 |  8.21 | 11.63 | 10.67 |  8.18 |  9.05 | 7.75 | 6.41 | 8.81 |  8.28 |  9.18 |  7.64 | 10.86 |  9.21 | 10.69 |  7.62 | 10.53 | 11.13 | 11.06 | 10.72 |  8.78 |  9.69 |  5.44 | 10.18 | 7.61 | 8.13 | 6.10 | 10.24 |  9.94 | 6.38 |
|       114 | 10.58 |  9.42 | 8.84 |  8.54 |  8.73 |  9.87 |  9.64 | 11.29 |  9.09 |  9.63 |  9.58 |  9.01 | 11.73 | 11.29 |  7.00 |  9.58 | 7.98 | 6.93 | 8.80 |  9.10 |  8.74 |  9.23 | 10.53 | 11.41 | 10.60 |  8.91 | 10.52 | 11.60 |  9.87 |  9.81 | 10.45 |  9.94 | 10.88 | 11.11 | 8.94 | 9.09 | 6.92 | 10.70 | 10.90 | 8.03 |
|       120 |  9.69 | 11.11 | 9.80 | 10.32 | 10.07 | 10.25 | 10.02 | 10.56 |  7.58 | 11.05 | 10.46 | 10.06 | 11.66 |  9.26 | 10.67 | 10.54 | 8.19 | 8.86 | 8.95 |  9.58 |  8.82 | 10.38 |  8.58 | 10.99 |  8.72 |  7.94 |  9.07 | 11.34 | 11.05 |  9.92 | 11.71 |  9.82 | 12.31 | 12.15 | 8.53 | 9.33 | 8.97 | 10.50 | 11.92 | 8.82 |
