# variable: Temperature at 850hPa
# units: degree celsius
# 
| fcst_hour |     1 |     2 |     3 |     4 |     5 |     6 |     7 |     8 |     9 |    10 |    11 |    12 |    13 |    14 |    15 |    16 |    17 |    18 |    19 |    20 |   21 |    22 |    23 |    24 |    25 |    26 |    27 |    28 |    29 |    30 |    31 |    32 |    33 |    34 |    35 |    36 |    37 |    38 |    39 |    40 |
|         0 |  6.10 |  5.56 |  5.50 |  6.37 |  6.36 |  5.75 |  5.92 |  5.40 |  5.52 |  5.95 |  5.55 |  5.97 |  6.02 |  5.79 |  5.75 |  5.54 |  6.57 |  6.46 |  6.51 |  6.51 | 5.06 |  5.34 |  6.27 |  5.98 |  6.09 |  6.53 |  6.34 |  5.21 |  5.99 |  5.84 |  5.38 |  5.84 |  5.92 |  5.51 |  5.66 |  6.15 |  5.36 |  6.31 |  5.80 |  5.37 |
|         1 |  6.11 |  5.46 |  5.57 |  6.31 |  6.37 |  5.75 |  6.01 |  5.43 |  5.61 |  5.89 |  5.52 |  5.89 |  6.03 |  5.65 |  5.67 |  5.48 |  6.50 |  6.34 |  6.45 |  6.52 | 4.98 |  5.36 |  6.38 |  5.93 |  6.05 |  6.53 |  6.16 |  5.29 |  6.01 |  5.80 |  5.28 |  5.93 |  5.95 |  5.47 |  5.83 |  6.16 |  5.37 |  6.42 |  5.88 |  5.39 |
|         2 |  6.08 |  5.70 |  5.63 |  6.22 |  6.41 |  5.82 |  6.08 |  5.57 |  5.60 |  5.95 |  5.72 |  5.92 |  5.94 |  5.74 |  5.76 |  5.49 |  6.46 |  6.37 |  6.39 |  6.61 | 4.95 |  5.40 |  6.52 |  5.79 |  5.98 |  6.62 |  6.16 |  5.20 |  6.08 |  5.68 |  5.26 |  5.89 |  6.06 |  5.47 |  5.92 |  6.25 |  5.36 |  6.31 |  5.87 |  5.48 |
|         3 |  6.05 |  5.79 |  5.73 |  6.00 |  6.23 |  5.82 |  6.14 |  5.53 |  5.49 |  6.00 |  5.78 |  5.89 |  5.77 |  5.77 |  5.75 |  5.33 |  6.34 |  6.26 |  6.33 |  6.62 | 4.81 |  5.39 |  6.54 |  5.74 |  5.93 |  6.60 |  6.15 |  5.14 |  6.03 |  5.62 |  5.25 |  5.91 |  6.09 |  5.34 |  5.92 |  6.22 |  5.34 |  6.26 |  5.85 |  5.41 |
|         4 |  5.96 |  5.69 |  5.79 |  5.83 |  6.00 |  5.85 |  6.12 |  5.50 |  5.33 |  5.99 |  5.85 |  5.91 |  5.61 |  5.72 |  5.75 |  5.18 |  6.27 |  6.13 |  6.31 |  6.66 | 4.69 |  5.38 |  6.49 |  5.74 |  5.95 |  6.58 |  6.19 |  5.07 |  5.98 |  5.57 |  5.40 |  5.91 |  6.02 |  5.19 |  5.97 |  6.20 |  5.48 |  6.22 |  5.82 |  5.39 |
|         5 |  5.81 |  5.58 |  5.78 |  5.63 |  5.68 |  5.78 |  5.94 |  5.52 |  5.19 |  5.88 |  5.88 |  5.88 |  5.43 |  5.60 |  5.69 |  5.05 |  6.20 |  5.88 |  6.22 |  6.54 | 4.59 |  5.25 |  6.35 |  5.78 |  5.96 |  6.51 |  6.10 |  5.03 |  5.91 |  5.55 |  5.35 |  5.82 |  5.91 |  5.09 |  5.90 |  5.98 |  5.61 |  6.15 |  5.75 |  5.29 |
|         6 |  5.67 |  5.67 |  5.67 |  5.44 |  5.50 |  5.69 |  5.75 |  5.51 |  5.07 |  5.80 |  5.93 |  5.81 |  5.24 |  5.59 |  5.61 |  4.94 |  6.12 |  5.89 |  6.12 |  6.31 | 4.66 |  5.12 |  6.16 |  5.82 |  6.00 |  6.38 |  6.01 |  5.04 |  5.69 |  5.58 |  5.22 |  5.70 |  5.85 |  5.10 |  5.81 |  5.72 |  5.69 |  6.06 |  5.71 |  5.08 |
|         7 |  5.54 |  5.80 |  5.53 |  5.33 |  5.43 |  5.68 |  5.69 |  5.42 |  4.96 |  5.81 |  5.94 |  5.79 |  5.10 |  5.68 |  5.61 |  4.88 |  6.03 |  5.99 |  6.03 |  6.10 | 4.66 |  5.03 |  5.98 |  5.87 |  6.03 |  6.25 |  6.03 |  4.91 |  5.43 |  5.60 |  5.14 |  5.61 |  5.87 |  4.96 |  5.73 |  5.48 |  5.66 |  5.98 |  5.62 |  4.98 |
|         8 |  5.51 |  5.94 |  5.47 |  5.42 |  5.53 |  5.80 |  5.82 |  5.39 |  4.95 |  5.82 |  5.96 |  5.81 |  5.09 |  5.56 |  5.58 |  4.87 |  5.98 |  5.99 |  5.98 |  6.01 | 4.68 |  5.01 |  5.91 |  5.92 |  6.09 |  6.22 |  6.05 |  4.87 |  5.34 |  5.61 |  5.23 |  5.53 |  5.75 |  4.82 |  5.57 |  5.42 |  5.60 |  6.08 |  5.64 |  4.89 |
|         9 |  5.43 |  5.83 |  5.47 |  5.51 |  5.60 |  5.83 |  5.86 |  5.43 |  4.98 |  5.73 |  5.84 |  5.84 |  5.10 |  5.12 |  5.35 |  4.87 |  5.87 |  5.90 |  5.91 |  5.93 | 4.58 |  4.96 |  5.81 |  6.01 |  6.06 |  6.18 |  5.92 |  4.88 |  5.10 |  5.76 |  5.19 |  5.48 |  5.50 |  4.73 |  5.54 |  5.44 |  5.51 |  6.11 |  5.70 |  4.89 |
|        10 |  5.43 |  5.70 |  5.54 |  5.64 |  5.35 |  5.80 |  5.78 |  5.58 |  5.19 |  5.67 |  5.85 |  5.94 |  5.26 |  5.05 |  5.02 |  4.91 |  5.78 |  5.91 |  5.94 |  5.78 | 4.42 |  4.87 |  5.87 |  5.95 |  5.91 |  5.98 |  5.77 |  4.88 |  5.09 |  5.94 |  5.19 |  5.45 |  5.42 |  4.64 |  5.76 |  5.51 |  5.55 |  6.02 |  5.76 |  4.98 |
|        11 |  5.46 |  5.42 |  5.56 |  6.01 |  5.38 |  5.69 |  5.81 |  5.72 |  5.44 |  5.73 |  5.85 |  5.97 |  5.52 |  4.96 |  5.15 |  4.99 |  5.87 |  5.99 |  6.01 |  5.64 | 4.33 |  4.99 |  6.01 |  5.75 |  5.85 |  5.95 |  5.71 |  5.04 |  5.43 |  5.88 |  5.27 |  5.47 |  5.38 |  4.66 |  5.91 |  5.63 |  5.78 |  5.90 |  5.90 |  5.10 |
|        12 |  5.51 |  5.38 |  5.50 |  6.28 |  5.34 |  5.76 |  6.08 |  5.88 |  5.58 |  5.77 |  6.00 |  5.97 |  5.70 |  4.77 |  5.39 |  5.09 |  5.98 |  6.18 |  6.01 |  5.86 | 4.48 |  4.98 |  6.10 |  5.74 |  5.97 |  6.32 |  5.89 |  5.27 |  5.66 |  5.82 |  5.26 |  5.82 |  5.31 |  4.77 |  6.01 |  5.84 |  5.99 |  5.93 |  6.17 |  5.37 |
|        13 |  5.59 |  5.33 |  5.36 |  5.98 |  5.32 |  5.54 |  6.20 |  6.02 |  5.64 |  5.73 |  6.13 |  5.84 |  5.73 |  3.86 |  5.25 |  4.91 |  5.90 |  6.08 |  5.81 |  6.00 | 4.63 |  4.80 |  5.97 |  5.47 |  6.05 |  6.50 |  5.95 |  5.07 |  5.82 |  5.65 |  5.41 |  5.88 |  5.19 |  4.90 |  6.02 |  5.89 |  6.12 |  5.96 |  6.23 |  5.43 |
|        14 |  5.72 |  5.47 |  5.15 |  5.81 |  4.89 |  5.46 |  6.30 |  5.87 |  5.81 |  5.75 |  5.88 |  5.88 |  5.73 |  2.96 |  4.21 |  4.83 |  5.69 |  5.64 |  5.74 |  5.64 | 4.44 |  4.57 |  5.76 |  5.20 |  6.06 |  6.42 |  5.84 |  4.81 |  5.27 |  5.74 |  5.45 |  5.88 |  4.13 |  4.98 |  5.88 |  5.66 |  6.10 |  5.80 |  5.89 |  5.41 |
|        15 |  5.67 |  5.14 |  4.94 |  5.42 |  4.00 |  5.12 |  6.32 |  5.69 |  5.85 |  5.44 |  5.28 |  5.63 |  5.78 |  2.91 |  3.75 |  4.62 |  4.84 |  5.02 |  5.62 |  4.90 | 3.88 |  4.29 |  5.54 |  4.91 |  5.96 |  6.36 |  5.44 |  4.77 |  4.45 |  5.56 |  5.26 |  5.62 |  3.37 |  4.96 |  5.66 |  5.43 |  5.95 |  5.62 |  5.54 |  5.32 |
|        16 |  5.21 |  4.86 |  4.64 |  4.80 |  3.68 |  4.80 |  5.98 |  5.66 |  5.78 |  5.00 |  5.06 |  5.42 |  5.71 |  3.38 |  3.94 |  4.10 |  4.25 |  4.40 |  5.28 |  4.44 | 3.49 |  4.19 |  5.24 |  4.43 |  5.73 |  6.21 |  5.07 |  4.51 |  4.24 |  5.15 |  5.02 |  5.23 |  3.08 |  4.93 |  5.89 |  5.09 |  5.77 |  5.29 |  5.21 |  5.01 |
|        17 |  4.88 |  4.68 |  4.22 |  4.40 |  4.07 |  4.40 |  5.55 |  5.55 |  5.63 |  4.66 |  4.73 |  4.93 |  5.45 |  3.82 |  3.91 |  3.75 |  4.35 |  4.26 |  5.07 |  4.40 | 3.75 |  3.82 |  4.82 |  4.17 |  5.44 |  5.66 |  4.68 |  4.28 |  3.92 |  4.80 |  4.96 |  4.77 |  3.22 |  5.10 |  5.57 |  4.75 |  5.62 |  5.04 |  4.88 |  4.74 |
|        18 |  4.81 |  4.14 |  4.20 |  4.03 |  4.04 |  4.01 |  5.40 |  5.33 |  5.52 |  4.36 |  4.28 |  4.59 |  5.24 |  3.80 |  3.74 |  3.90 |  4.13 |  4.11 |  4.99 |  4.52 | 4.27 |  3.84 |  4.26 |  4.02 |  4.92 |  5.11 |  4.67 |  4.27 |  3.49 |  4.38 |  4.77 |  4.31 |  3.58 |  5.14 |  4.76 |  4.45 |  5.60 |  4.72 |  4.57 |  4.49 |
|        19 |  4.74 |  3.63 |  3.82 |  3.74 |  3.66 |  3.96 |  5.19 |  4.57 |  5.13 |  4.01 |  3.94 |  4.37 |  4.95 |  3.78 |  4.15 |  4.15 |  3.71 |  3.60 |  4.82 |  4.37 | 4.40 |  3.72 |  3.87 |  3.72 |  4.47 |  4.97 |  4.34 |  3.91 |  3.26 |  4.09 |  4.75 |  3.82 |  3.68 |  4.91 |  4.32 |  4.24 |  5.59 |  4.33 |  4.23 |  4.12 |
|        20 |  4.51 |  3.60 |  3.80 |  3.55 |  3.72 |  3.98 |  4.94 |  3.75 |  4.63 |  3.78 |  3.95 |  4.22 |  4.51 |  3.80 |  4.46 |  4.02 |  3.72 |  3.38 |  4.48 |  4.23 | 4.12 |  3.72 |  3.65 |  3.70 |  4.10 |  4.87 |  3.80 |  3.37 |  3.08 |  3.83 |  4.45 |  3.67 |  3.75 |  4.51 |  4.22 |  3.80 |  5.46 |  4.10 |  4.00 |  3.84 |
|        21 |  4.08 |  3.65 |  3.97 |  3.53 |  3.98 |  4.05 |  4.75 |  3.66 |  4.22 |  3.86 |  3.78 |  4.09 |  4.19 |  3.65 |  4.37 |  3.67 |  3.63 |  3.28 |  4.19 |  4.29 | 3.71 |  3.59 |  3.67 |  3.70 |  3.92 |  4.62 |  3.54 |  3.36 |  2.99 |  3.59 |  4.03 |  3.69 |  3.76 |  4.22 |  4.17 |  3.38 |  5.11 |  3.84 |  3.61 |  3.47 |
|        22 |  3.80 |  3.52 |  3.87 |  3.48 |  3.84 |  4.02 |  4.67 |  3.67 |  4.06 |  3.85 |  3.59 |  4.02 |  4.02 |  3.65 |  4.35 |  3.50 |  3.67 |  3.20 |  4.05 |  4.37 | 3.48 |  3.14 |  3.44 |  3.70 |  3.88 |  4.27 |  3.44 |  3.52 |  2.91 |  3.51 |  4.01 |  3.65 |  3.52 |  4.15 |  4.17 |  3.25 |  4.89 |  3.61 |  3.42 |  3.44 |
|        23 |  3.83 |  3.31 |  3.99 |  3.35 |  3.79 |  3.88 |  4.48 |  3.66 |  4.18 |  3.72 |  3.51 |  3.99 |  3.92 |  3.91 |  4.27 |  3.55 |  3.84 |  3.33 |  3.79 |  4.41 | 3.37 |  2.91 |  3.36 |  3.91 |  4.04 |  4.03 |  3.39 |  3.46 |  2.72 |  3.62 |  3.95 |  3.54 |  3.40 |  4.27 |  4.09 |  3.36 |  4.93 |  3.60 |  3.47 |  3.35 |
|        24 |  3.92 |  3.23 |  3.98 |  3.28 |  3.60 |  3.78 |  4.18 |  3.98 |  4.23 |  3.65 |  3.49 |  3.98 |  3.66 |  3.89 |  4.16 |  3.64 |  3.53 |  3.46 |  3.66 |  4.29 | 3.58 |  3.00 |  3.39 |  3.77 |  4.21 |  3.98 |  3.50 |  3.37 |  2.70 |  3.80 |  3.83 |  3.45 |  3.28 |  4.36 |  3.98 |  3.55 |  4.89 |  3.58 |  3.73 |  3.26 |
|        25 |  3.93 |  3.13 |  3.68 |  3.37 |  3.43 |  3.74 |  4.13 |  4.22 |  4.15 |  3.76 |  3.49 |  3.87 |  3.60 |  3.62 |  4.03 |  3.71 |  3.31 |  3.18 |  3.84 |  4.46 | 3.92 |  3.12 |  3.28 |  3.64 |  4.08 |  4.09 |  3.76 |  3.33 |  2.95 |  4.03 |  3.61 |  3.53 |  3.19 |  4.54 |  4.15 |  3.64 |  4.76 |  3.47 |  3.97 |  3.12 |
|        26 |  4.15 |  3.21 |  3.45 |  3.46 |  3.36 |  4.03 |  4.18 |  4.26 |  4.10 |  3.99 |  3.44 |  3.96 |  3.76 |  2.94 |  3.96 |  3.75 |  3.38 |  3.07 |  3.90 |  4.58 | 3.96 |  3.16 |  3.12 |  3.50 |  4.02 |  4.10 |  4.03 |  3.43 |  3.11 |  4.18 |  3.66 |  3.64 |  3.24 |  4.69 |  4.32 |  3.70 |  4.65 |  3.44 |  4.09 |  3.04 |
|        27 |  4.37 |  3.32 |  3.24 |  3.32 |  3.34 |  4.25 |  4.15 |  4.13 |  4.16 |  4.10 |  3.47 |  3.74 |  3.67 |  2.26 |  3.92 |  3.79 |  3.29 |  2.97 |  3.79 |  4.55 | 3.79 |  2.98 |  3.02 |  3.29 |  3.86 |  4.05 |  4.11 |  3.59 |  3.40 |  4.04 |  3.81 |  3.41 |  3.31 |  4.52 |  4.20 |  3.75 |  4.58 |  3.68 |  3.90 |  3.19 |
|        28 |  4.30 |  3.26 |  2.96 |  3.00 |  3.20 |  4.16 |  4.02 |  4.26 |  4.22 |  3.89 |  3.50 |  3.37 |  3.20 |  2.22 |  3.86 |  3.74 |  2.82 |  2.83 |  3.58 |  4.20 | 3.75 |  2.72 |  2.88 |  2.79 |  3.75 |  4.01 |  3.98 |  3.72 |  3.58 |  3.63 |  3.71 |  2.64 |  3.28 |  4.09 |  3.58 |  3.78 |  4.50 |  3.71 |  3.47 |  3.32 |
|        29 |  3.98 |  3.07 |  2.86 |  2.76 |  2.85 |  3.94 |  3.88 |  4.17 |  4.15 |  3.43 |  3.26 |  3.19 |  2.89 |  2.48 |  3.76 |  3.56 |  2.33 |  2.68 |  3.46 |  3.69 | 3.58 |  2.42 |  2.77 |  2.42 |  3.82 |  3.91 |  3.88 |  3.80 |  3.53 |  3.25 |  3.60 |  2.13 |  3.19 |  4.00 |  2.92 |  3.67 |  4.45 |  3.59 |  3.23 |  3.40 |
|        30 |  3.64 |  2.92 |  2.99 |  2.75 |  2.75 |  3.65 |  3.75 |  3.93 |  3.95 |  3.02 |  2.88 |  3.34 |  2.71 |  2.53 |  3.57 |  3.45 |  1.93 |  2.54 |  3.59 |  3.22 | 3.26 |  2.34 |  2.76 |  2.45 |  3.74 |  3.73 |  3.89 |  3.86 |  3.51 |  3.10 |  3.55 |  1.93 |  3.00 |  3.92 |  2.46 |  3.38 |  4.42 |  3.46 |  3.09 |  3.36 |
|        31 |  3.40 |  2.77 |  3.11 |  2.71 |  2.71 |  3.47 |  3.49 |  3.77 |  3.80 |  2.80 |  2.67 |  3.44 |  2.58 |  2.49 |  3.60 |  3.53 |  1.69 |  2.46 |  3.78 |  2.73 | 2.88 |  2.52 |  2.81 |  2.45 |  3.52 |  3.61 |  3.87 |  3.81 |  3.40 |  3.12 |  3.53 |  1.71 |  2.51 |  3.81 |  2.48 |  3.18 |  4.39 |  3.33 |  2.93 |  3.28 |
|        32 |  3.27 |  2.76 |  3.19 |  2.77 |  2.77 |  3.36 |  3.23 |  3.73 |  3.82 |  2.79 |  2.64 |  3.44 |  2.55 |  2.46 |  3.82 |  3.42 |  1.66 |  2.53 |  3.82 |  2.34 | 2.84 |  2.62 |  2.80 |  2.41 |  3.37 |  3.56 |  3.84 |  3.72 |  3.28 |  3.40 |  3.37 |  1.34 |  1.99 |  3.75 |  2.54 |  3.09 |  4.38 |  3.13 |  2.76 |  3.24 |
|        33 |  3.47 |  2.89 |  3.40 |  2.91 |  2.87 |  3.31 |  3.16 |  3.64 |  3.91 |  2.86 |  2.67 |  3.38 |  2.57 |  2.34 |  3.69 |  3.03 |  1.67 |  2.55 |  3.75 |  2.12 | 2.70 |  2.73 |  2.82 |  2.50 |  3.24 |  3.55 |  3.93 |  3.69 |  3.45 |  3.55 |  3.23 |  1.26 |  1.94 |  3.75 |  2.59 |  3.11 |  4.43 |  3.09 |  2.74 |  3.19 |
|        34 |  3.71 |  3.02 |  3.69 |  2.98 |  2.93 |  3.32 |  3.31 |  3.72 |  4.03 |  3.20 |  2.80 |  3.43 |  2.72 |  2.23 |  3.72 |  2.68 |  1.79 |  2.51 |  3.67 |  2.14 | 2.70 |  2.78 |  2.91 |  2.80 |  3.18 |  3.60 |  3.92 |  3.73 |  3.60 |  3.63 |  3.10 |  1.29 |  1.90 |  3.93 |  2.62 |  3.26 |  4.46 |  3.13 |  2.80 |  3.29 |
|        35 |  3.82 |  3.22 |  3.84 |  2.60 |  3.05 |  3.44 |  3.56 |  3.74 |  4.28 |  3.51 |  3.08 |  3.52 |  2.80 |  2.26 |  3.76 |  2.85 |  2.01 |  2.51 |  3.77 |  2.29 | 2.82 |  2.91 |  2.99 |  3.23 |  3.22 |  3.73 |  3.84 |  3.85 |  3.64 |  3.69 |  3.03 |  1.56 |  1.89 |  4.09 |  2.95 |  3.34 |  4.49 |  3.29 |  3.21 |  3.36 |
|        36 |  3.52 |  3.45 |  4.00 |  2.43 |  3.41 |  3.56 |  3.84 |  3.77 |  4.48 |  3.52 |  3.39 |  3.35 |  2.99 |  2.07 |  3.74 |  2.88 |  2.27 |  2.63 |  3.16 |  2.53 | 2.34 |  3.15 |  3.26 |  3.64 |  3.40 |  3.94 |  3.98 |  3.95 |  3.62 |  3.82 |  2.99 |  1.99 |  2.19 |  4.18 |  3.42 |  3.62 |  4.83 |  2.73 |  3.29 |  3.59 |
|        37 |  3.28 |  3.68 |  4.17 |  2.73 |  3.44 |  3.75 |  3.92 |  3.88 |  5.07 |  4.04 |  2.79 |  3.45 |  3.12 |  2.51 |  3.39 |  2.55 |  2.57 |  2.95 |  3.57 |  2.68 | 2.76 |  3.37 |  3.60 |  3.56 |  3.65 |  4.30 |  4.08 |  4.00 |  3.68 |  3.70 |  3.25 |  2.30 |  2.55 |  4.22 |  3.66 |  3.85 |  5.05 |  3.11 |  3.53 |  4.08 |
|        38 |  3.66 |  3.79 |  4.28 |  3.16 |  3.63 |  4.08 |  4.38 |  3.99 |  5.35 |  4.18 |  3.50 |  3.50 |  3.15 |  2.69 |  3.68 |  2.88 |  2.81 |  3.23 |  3.95 |  2.80 | 3.10 |  3.67 |  3.87 |  3.77 |  3.97 |  4.49 |  4.16 |  3.97 |  3.84 |  3.95 |  3.85 |  2.70 |  2.95 |  4.07 |  4.10 |  3.77 |  5.35 |  3.94 |  3.92 |  4.30 |
|        39 |  3.98 |  3.79 |  4.44 |  3.33 |  3.98 |  4.24 |  4.45 |  3.96 |  5.30 |  4.31 |  3.76 |  3.65 |  3.20 |  2.60 |  3.48 |  2.59 |  2.95 |  3.46 |  4.07 |  3.03 | 3.23 |  3.91 |  4.11 |  3.71 |  4.28 |  4.61 |  4.33 |  4.26 |  3.90 |  4.08 |  4.24 |  2.96 |  3.37 |  4.08 |  4.35 |  3.55 |  5.40 |  3.83 |  4.08 |  4.41 |
|        40 |  4.12 |  3.78 |  4.52 |  3.32 |  4.24 |  4.24 |  4.30 |  4.00 |  5.18 |  4.62 |  3.46 |  3.66 |  3.30 |  2.61 |  3.27 |  2.28 |  3.08 |  3.61 |  4.01 |  3.49 | 3.17 |  4.03 |  4.27 |  4.01 |  4.52 |  4.70 |  4.48 |  4.46 |  4.01 |  4.18 |  4.48 |  3.08 |  3.61 |  3.99 |  4.38 |  3.28 |  5.38 |  4.17 |  4.17 |  4.46 |
|        41 |  4.14 |  3.79 |  4.52 |  3.29 |  4.30 |  4.27 |  4.15 |  4.02 |  5.04 |  4.76 |  3.27 |  3.50 |  3.25 |  2.52 |  3.11 |  1.99 |  3.18 |  3.66 |  3.80 |  3.59 | 3.07 |  4.02 |  4.34 |  4.20 |  4.61 |  4.76 |  4.36 |  4.37 |  4.21 |  4.16 |  4.44 |  3.24 |  3.54 |  3.96 |  4.40 |  3.00 |  5.37 |  4.35 |  4.12 |  4.33 |
|        42 |  4.06 |  3.81 |  4.44 |  3.26 |  4.29 |  4.23 |  4.10 |  3.88 |  5.04 |  4.67 |  3.34 |  3.45 |  3.18 |  2.23 |  2.93 |  1.81 |  3.18 |  3.69 |  3.57 |  3.62 | 2.90 |  4.02 |  4.44 |  4.18 |  4.51 |  4.76 |  4.15 |  4.23 |  4.10 |  4.08 |  4.26 |  3.43 |  3.46 |  4.10 |  4.41 |  2.92 |  5.32 |  4.54 |  4.15 |  4.22 |
|        43 |  3.97 |  3.82 |  4.35 |  3.26 |  4.17 |  4.27 |  4.15 |  3.69 |  5.14 |  4.43 |  3.46 |  3.40 |  3.11 |  1.71 |  2.61 |  1.66 |  3.19 |  3.69 |  3.47 |  3.43 | 2.74 |  3.98 |  4.71 |  4.18 |  4.49 |  4.76 |  3.98 |  4.15 |  3.74 |  4.09 |  4.17 |  3.61 |  3.45 |  4.31 |  4.40 |  2.96 |  5.30 |  4.62 |  4.24 |  4.23 |
|        44 |  3.98 |  3.83 |  4.28 |  3.31 |  3.96 |  4.25 |  4.28 |  3.58 |  5.22 |  4.33 |  3.46 |  3.12 |  3.13 |  1.23 |  2.36 |  1.69 |  3.08 |  3.70 |  3.59 |  3.21 | 2.83 |  4.00 |  5.05 |  4.17 |  4.62 |  4.74 |  3.92 |  4.07 |  3.62 |  4.15 |  4.16 |  3.61 |  3.46 |  4.41 |  4.36 |  3.11 |  5.34 |  4.63 |  4.24 |  4.31 |
|        45 |  4.08 |  3.78 |  4.27 |  3.30 |  3.91 |  4.04 |  4.24 |  3.62 |  5.17 |  4.28 |  3.32 |  2.71 |  3.28 |  1.14 |  2.54 |  1.85 |  3.04 |  3.57 |  3.45 |  3.10 | 2.87 |  4.24 |  5.01 |  3.94 |  4.85 |  4.72 |  3.81 |  3.95 |  3.71 |  4.12 |  4.16 |  3.40 |  3.53 |  4.38 |  4.04 |  3.28 |  5.39 |  4.62 |  4.16 |  4.41 |
|        46 |  4.12 |  3.69 |  4.24 |  3.22 |  3.91 |  3.83 |  4.13 |  3.55 |  5.10 |  4.24 |  3.13 |  2.34 |  3.47 |  1.07 |  3.12 |  2.05 |  2.80 |  3.28 |  3.09 |  3.14 | 2.53 |  4.43 |  4.71 |  3.72 |  4.79 |  4.65 |  3.64 |  3.79 |  3.63 |  4.03 |  4.16 |  3.44 |  3.65 |  4.21 |  3.45 |  3.53 |  5.40 |  4.54 |  4.02 |  4.40 |
|        47 |  4.08 |  3.55 |  4.21 |  3.07 |  3.96 |  3.53 |  4.01 |  3.26 |  5.04 |  4.33 |  3.03 |  2.09 |  3.52 |  0.96 |  3.55 |  2.32 |  2.69 |  3.03 |  2.68 |  3.22 | 2.04 |  4.39 |  4.74 |  3.57 |  4.71 |  4.59 |  3.54 |  3.59 |  3.34 |  3.72 |  4.08 |  3.36 |  3.64 |  4.02 |  3.01 |  3.67 |  5.40 |  4.29 |  3.91 |  4.28 |
|        48 |  3.94 |  3.42 |  4.48 |  3.01 |  3.96 |  3.15 |  3.89 |  3.19 |  4.95 |  4.54 |  2.83 |  1.90 |  3.43 |  0.60 |  3.63 |  2.53 |  2.46 |  2.79 |  2.35 |  3.28 | 1.78 |  4.40 |  4.51 |  3.46 |  4.44 |  4.61 |  3.45 |  3.56 |  3.04 |  3.56 |  3.95 |  3.44 |  3.55 |  4.09 |  2.81 |  3.52 |  5.47 |  4.43 |  3.88 |  4.13 |
|        51 |  3.84 |  3.00 |  4.73 |  2.76 |  4.20 |  2.59 |  3.69 |  2.42 |  5.09 |  4.73 |  2.78 |  1.47 |  3.66 | -0.14 |  4.09 |  3.40 |  3.39 |  2.38 |  1.57 |  2.98 | 1.87 |  3.88 |  4.21 |  2.95 |  3.88 |  4.56 |  3.14 |  3.53 |  2.14 |  3.28 |  3.59 |  3.18 |  3.21 |  4.23 |  2.49 |  2.85 |  5.79 |  4.72 |  3.77 |  3.91 |
|        54 |  4.01 |  2.52 |  4.92 |  2.96 |  4.20 |  2.96 |  3.51 |  1.75 |  5.25 |  4.62 |  4.14 |  1.16 |  3.80 |  0.62 |  3.95 |  3.67 |  3.02 |  1.79 |  2.09 |  2.30 | 1.98 |  4.20 |  4.62 |  2.72 |  3.61 |  4.73 |  2.39 |  3.46 |  1.64 |  3.47 |  3.06 |  3.96 |  2.92 |  3.86 |  2.12 |  2.66 |  5.62 |  4.30 |  3.87 |  3.73 |
|        57 |  4.44 |  2.17 |  4.84 |  3.34 |  4.74 |  4.67 |  3.46 |  2.21 |  5.55 |  5.20 |  5.07 |  1.19 |  4.13 |  1.55 |  4.49 |  3.92 |  3.53 |  1.50 |  3.01 |  2.04 | 1.95 |  4.27 |  4.59 |  2.44 |  3.36 |  5.47 |  2.03 |  3.31 |  1.91 |  3.68 |  2.89 |  3.90 |  3.99 |  4.40 |  2.10 |  3.17 |  6.05 |  4.86 |  3.87 |  4.35 |
|        60 |  4.76 |  2.78 |  5.17 |  4.18 |  5.63 |  5.69 |  4.12 |  3.46 |  6.19 |  5.93 |  6.39 |  1.89 |  5.22 |  2.93 |  5.28 |  4.10 |  4.25 |  1.52 |  3.24 |  2.64 | 2.25 |  5.32 |  4.94 |  2.26 |  4.21 |  6.06 |  3.16 |  3.33 |  3.07 |  4.53 |  3.68 |  4.11 |  6.19 |  5.57 |  3.37 |  4.50 |  7.09 |  5.19 |  4.32 |  5.24 |
|        63 |  4.83 |  2.88 |  5.34 |  4.79 |  7.52 |  6.80 |  4.60 |  4.93 |  7.46 |  7.11 |  7.66 |  2.84 |  5.71 |  3.41 |  5.88 |  4.22 |  5.29 |  2.06 |  4.36 |  3.46 | 2.58 |  6.23 |  5.20 |  2.45 |  4.81 |  6.17 |  3.49 |  3.60 |  3.81 |  5.35 |  4.14 |  5.89 |  7.83 |  6.48 |  4.89 |  5.08 |  7.74 |  5.52 |  4.95 |  5.94 |
|        66 |  4.39 |  3.71 |  4.73 |  5.47 |  8.25 |  7.33 |  4.94 |  4.64 |  8.49 |  6.50 |  8.48 |  4.91 |  5.68 |  3.59 |  6.10 |  4.65 |  4.04 |  3.73 |  4.51 |  5.52 | 2.97 |  6.47 |  4.21 |  3.03 |  5.54 |  5.68 |  4.04 |  3.27 |  4.01 |  5.88 |  5.48 |  5.55 |  9.36 |  7.95 |  7.15 |  4.66 |  7.56 |  5.99 |  4.80 |  5.84 |
|        69 |  4.39 |  4.69 |  4.37 |  5.84 |  8.64 |  8.26 |  4.62 |  4.80 |  9.09 |  6.80 |  9.12 |  6.37 |  5.00 |  4.44 |  6.42 |  5.17 |  4.50 |  5.03 |  5.21 |  6.14 | 3.30 |  6.17 |  4.18 |  2.73 |  6.51 |  4.90 |  3.93 |  3.28 |  3.98 |  6.35 |  5.59 |  5.43 |  8.67 |  8.57 |  8.01 |  4.03 |  7.38 |  8.22 |  4.33 |  6.41 |
|        72 |  3.95 |  5.94 |  4.41 |  5.90 |  9.06 |  8.66 |  5.19 |  5.71 |  9.23 |  6.90 |  9.24 |  7.60 |  5.26 |  4.85 |  6.91 |  5.49 |  5.33 |  6.21 |  6.05 |  6.90 | 3.19 |  6.88 |  4.78 |  2.51 |  8.07 |  4.05 |  5.77 |  3.00 |  4.97 |  7.51 |  8.18 |  6.26 |  6.89 |  9.23 |  8.60 |  3.36 |  7.07 |  8.65 |  5.45 |  7.38 |
|        78 |  3.55 |  6.36 |  4.26 |  7.74 |  8.53 | 10.00 |  5.25 |  7.91 |  9.43 |  9.23 |  8.46 |  8.49 |  4.85 |  7.06 |  7.85 |  7.28 |  6.68 |  6.64 |  7.29 |  7.04 | 2.73 |  6.67 |  6.98 |  3.58 |  8.96 |  4.68 |  7.56 |  3.79 |  6.99 |  8.18 |  9.30 |  8.28 |  6.50 |  8.94 |  9.17 |  4.47 |  6.19 |  8.82 |  8.85 |  8.52 |
|        84 |  4.51 |  7.82 |  7.63 |  8.84 |  9.09 | 10.56 |  7.50 |  9.63 |  9.40 |  9.54 |  8.60 |  9.78 |  6.83 |  9.00 |  9.19 |  9.19 |  6.87 |  8.08 |  9.05 |  8.72 | 3.82 |  9.31 |  9.38 |  6.80 |  8.44 |  6.07 |  9.02 |  7.07 |  9.24 | 10.37 |  9.68 |  9.71 |  6.74 |  7.95 |  8.69 |  6.52 |  7.48 |  9.97 | 10.09 |  8.66 |
|        90 |  4.41 |  9.36 |  8.78 |  9.32 |  9.95 | 11.67 |  8.67 |  9.76 |  9.82 |  9.53 |  9.44 |  9.11 |  8.79 |  9.80 |  9.79 |  8.62 |  8.10 |  9.11 | 10.15 |  9.88 | 4.94 |  9.59 | 10.20 |  8.26 |  8.86 |  8.11 |  9.98 |  9.15 | 10.13 | 11.63 |  9.29 |  9.96 |  6.57 |  8.73 |  8.75 |  7.77 |  8.08 |  9.92 | 10.75 |  7.56 |
|        96 |  5.25 | 10.05 |  9.42 |  8.85 | 10.02 | 11.47 |  8.96 |  9.78 |  9.75 |  8.85 |  9.67 |  9.08 |  9.90 | 10.60 | 10.55 |  8.59 |  8.69 | 10.67 | 10.70 | 10.03 | 5.82 |  9.67 | 10.81 | 10.18 |  9.22 | 10.40 | 10.49 | 10.62 | 10.74 | 12.37 |  9.14 | 10.42 |  6.20 |  7.41 |  9.79 |  8.76 |  6.91 |  9.78 | 11.27 |  7.92 |
|       102 |  8.36 | 10.94 |  8.86 |  7.73 | 12.33 | 10.57 |  8.97 |  9.14 | 10.48 | 10.11 |  9.58 |  9.54 | 11.13 | 10.14 | 10.74 | 11.28 |  9.83 |  9.84 | 10.35 | 11.13 | 8.82 |  9.87 | 10.97 |  8.88 |  9.77 | 10.41 |  8.88 | 10.59 | 10.94 | 12.40 |  9.99 |  9.93 |  5.68 |  7.95 |  9.29 |  9.84 |  7.89 |  9.70 | 10.49 |  8.88 |
|       108 | 10.05 | 11.65 |  9.86 |  9.65 | 12.18 | 10.81 | 11.56 | 11.36 | 10.46 | 11.61 |  9.87 |  9.90 | 12.73 | 10.91 | 10.82 | 13.76 |  9.80 | 10.82 | 11.28 | 11.38 | 8.69 | 10.40 | 11.71 | 11.43 | 10.36 | 10.86 | 11.42 | 10.86 | 10.96 | 12.95 | 11.50 | 10.07 | 10.70 | 10.43 |  9.80 | 10.38 | 10.19 | 10.94 | 11.33 |  8.65 |
|       114 | 10.88 | 12.35 | 11.73 | 13.27 | 12.25 | 13.79 | 12.82 | 12.35 | 10.37 | 13.78 |  9.96 | 11.71 | 13.24 | 10.23 | 11.67 | 11.93 | 11.17 | 12.61 | 12.58 | 12.34 | 9.12 | 11.54 | 12.00 | 13.43 | 11.28 | 11.38 | 11.99 | 10.69 | 12.80 | 13.39 | 12.18 | 11.56 | 12.79 | 13.18 | 10.88 | 10.77 | 11.07 | 13.10 | 10.32 |  9.75 |
|       120 | 11.60 | 11.11 | 12.72 | 13.11 | 14.80 | 11.15 | 14.35 | 13.99 | 10.10 | 14.25 | 10.83 | 12.01 | 14.05 | 12.00 | 12.36 |  9.48 | 11.15 | 13.06 | 11.16 | 12.10 | 9.78 | 11.89 | 11.65 | 14.32 | 11.67 | 12.66 | 13.34 | 10.90 | 14.57 | 13.25 | 12.95 | 11.78 | 14.19 | 13.06 | 11.79 | 11.57 | 13.40 | 12.85 | 13.27 | 12.33 |
