# variable: Total Cloud Cover
# units: percent
# 
| fcst_hour |      1 |      2 |      3 |     4 |      5 |      6 |      7 |      8 |      9 |     10 |     11 |     12 |     13 |     14 |     15 |     16 |     17 |     18 |     19 |     20 |     21 |     22 |     23 |    24 |     25 |     26 |     27 |     28 |     29 |     30 |     31 |     32 |     33 |     34 |     35 |     36 |     37 |    38 |     39 |    40 |
|         0 |  87.39 | 100.00 | 100.00 | 80.34 |  63.16 |  12.36 |  88.68 |  78.41 |  80.32 |  92.40 |  75.35 |  88.85 |  70.56 |  88.03 |  77.40 |  91.40 |  75.34 |  61.66 |  82.14 |  70.36 |  76.79 |  97.34 |  46.99 | 52.89 |  79.94 |  51.52 |  72.63 |  86.02 |  75.51 |  75.75 |  55.56 | 100.00 |  87.30 |  78.36 |  62.88 |  93.71 |  88.51 | 92.00 |  77.70 | 84.41 |
|         1 |  96.91 |  91.28 | 100.00 | 88.51 |  84.48 |  67.71 |  96.34 |  90.57 |  99.24 | 100.00 |  94.77 |  90.57 |  84.65 |  89.13 |  86.97 | 100.00 |  85.60 |  77.38 |  85.38 |  95.87 |  66.28 | 100.00 |  93.21 | 77.52 |  87.10 |  77.00 |  62.41 |  75.08 |  88.61 |  67.26 |  88.60 | 100.00 | 100.00 |  97.12 |  92.20 |  96.95 |  88.30 | 98.46 |  89.30 | 91.92 |
|         2 | 100.00 |  84.90 | 100.00 | 98.97 |  90.80 |  95.42 | 100.00 |  97.44 |  99.64 |  99.27 |  99.69 | 100.00 |  95.40 |  88.89 | 100.00 |  96.74 |  93.98 |  94.12 |  92.48 | 100.00 |  90.12 |  89.20 |  97.39 | 93.02 |  94.71 |  89.03 |  91.68 |  84.16 |  94.82 |  94.54 |  91.63 |  90.35 |  97.45 |  89.85 |  99.90 |  97.69 |  97.91 | 92.81 |  96.55 | 91.29 |
|         3 |  99.21 |  78.68 |  97.63 | 90.64 |  93.98 |  97.43 |  96.85 |  97.42 |  95.51 |  95.94 |  99.02 | 100.00 |  95.49 | 100.00 |  96.07 |  92.93 |  97.13 |  96.53 | 100.00 | 100.00 | 100.00 |  94.23 | 100.00 | 93.00 |  95.07 |  93.11 |  98.95 |  77.09 |  96.36 |  97.35 |  94.37 |  91.82 |  94.62 |  92.63 | 100.00 |  95.04 |  97.47 | 95.84 |  94.89 | 84.17 |
|         4 | 100.00 |  83.95 |  96.53 | 90.36 |  90.89 |  87.72 |  93.10 |  89.79 |  93.42 |  94.11 |  91.62 |  98.28 |  76.53 |  96.92 |  89.83 |  89.39 | 100.00 | 100.00 |  91.92 | 100.00 |  93.08 |  86.85 | 100.00 | 92.89 |  87.82 |  98.28 |  96.86 |  94.62 |  88.17 |  95.54 |  95.12 |  97.01 |  95.08 |  84.33 |  98.95 |  96.19 |  94.78 | 93.13 |  88.07 | 80.90 |
|         5 |  91.73 |  88.80 |  95.79 | 93.95 |  88.69 |  95.66 |  94.31 |  90.26 |  94.11 |  94.28 |  97.48 |  96.65 |  86.67 |  91.43 |  85.92 |  91.77 |  93.99 | 100.00 |  81.60 |  95.20 |  92.47 |  84.67 |  94.79 | 78.48 |  90.98 |  99.44 |  97.97 |  89.08 |  92.41 |  88.64 | 100.00 |  96.29 |  97.89 |  81.38 |  92.82 |  93.73 |  92.94 | 93.21 |  79.44 | 90.46 |
|         6 |  94.31 |  96.62 |  94.54 | 90.05 |  88.38 |  98.12 |  96.29 |  94.87 |  94.19 |  94.39 |  99.12 |  97.81 |  91.61 |  97.56 |  90.43 |  96.50 |  95.72 | 100.00 |  89.66 |  97.44 | 100.00 |  94.23 |  92.10 | 81.17 |  89.90 |  94.49 | 100.00 |  85.26 |  99.66 |  86.71 | 100.00 |  93.34 | 100.00 |  87.67 |  94.58 |  95.34 |  92.86 | 87.46 |  83.40 | 87.50 |
|         7 |  94.15 |  93.26 |  85.91 | 74.09 |  88.39 |  93.31 |  98.24 |  93.62 | 100.00 |  94.13 |  91.21 |  93.01 |  82.16 |  89.49 |  90.51 |  94.28 |  89.51 | 100.00 |  91.30 |  89.36 | 100.00 |  98.74 |  94.76 | 85.19 |  85.34 |  98.13 | 100.00 |  77.38 |  95.65 |  84.55 | 100.00 |  89.68 | 100.00 |  88.04 |  80.00 |  95.93 |  87.62 | 81.53 |  82.87 | 83.98 |
|         8 |  95.71 |  92.25 |  94.10 | 86.98 |  88.79 |  96.02 |  94.44 |  96.22 |  93.02 |  89.79 |  92.88 |  89.36 |  74.94 |  89.81 |  93.86 |  94.12 |  92.85 |  86.64 |  84.75 |  92.10 | 100.00 |  95.35 |  92.21 | 83.08 |  91.59 |  98.80 | 100.00 |  78.25 |  92.53 |  90.27 | 100.00 |  84.84 |  95.72 |  86.95 |  83.36 |  93.93 |  89.46 | 72.08 |  86.05 | 81.55 |
|         9 |  89.59 |  64.57 |  92.36 | 93.23 |  87.24 |  97.57 |  94.92 |  96.43 |  90.57 |  91.42 |  82.26 |  95.95 |  93.94 |  97.73 |  89.97 |  89.98 |  87.81 |  81.36 |  48.16 |  96.46 |  96.53 |  88.48 |  94.18 | 89.61 |  98.15 |  99.68 |  99.10 |  80.15 |  91.76 |  94.60 |  96.75 |  92.50 |  98.91 |  85.09 |  88.64 |  94.75 |  92.84 | 81.60 |  96.14 | 79.87 |
|        10 |  83.01 |  83.18 |  84.55 | 80.54 |  93.56 |  94.56 |  90.93 |  99.27 |  90.36 |  83.31 |  90.20 |  72.22 |  86.94 |  96.19 |  76.75 |  86.35 |  96.42 |  69.67 |  62.85 |  96.53 |  94.81 |  83.65 |  99.31 | 88.56 | 100.00 |  97.88 |  94.52 |  83.24 | 100.00 |  94.75 |  94.77 |  67.47 |  98.53 |  88.93 |  69.88 |  80.43 |  81.34 | 94.39 | 100.00 | 88.05 |
|        11 |  89.69 |  90.22 |  82.41 | 77.72 |  83.55 |  87.71 |  97.46 |  94.08 |  82.10 |  82.75 |  71.60 |  85.29 |  92.13 |  74.30 |  72.94 |  85.55 |  84.08 |  63.44 |  73.63 |  92.53 |  91.93 |  68.38 |  95.40 | 88.40 |  96.55 | 100.00 |  86.95 |  76.33 | 100.00 |  97.35 |  92.58 |  57.27 |  99.30 |  80.22 |  66.04 |  72.16 |  90.16 | 66.83 |  89.57 | 77.49 |
|        12 |  92.72 |  89.37 |  66.25 | 74.68 |  56.46 |  81.51 |  82.70 |  73.37 |  67.95 |  85.25 |  73.04 |  76.94 |  99.02 |  54.39 |  87.29 |  76.60 |  65.41 |  87.87 |  79.88 |  75.63 |  84.69 |  82.40 |  98.79 | 77.85 |  90.88 |  94.85 |  90.86 |  71.67 | 100.00 |  87.13 |  93.73 |  79.10 |  65.42 |  89.06 |  53.41 |  69.64 |  78.33 | 79.12 |  91.53 | 75.61 |
|        13 |  81.69 |  68.25 |  67.04 | 57.29 |  32.73 |  90.71 |  10.34 |  64.01 |  72.64 |  59.23 |  73.40 |  70.68 |  64.30 |  28.44 |  86.02 |  86.97 |  80.93 |  83.84 |  55.72 |  73.36 |  81.17 |  62.06 |  80.09 | 80.91 |  64.52 | 100.00 |  85.58 |  67.89 |  89.53 |  44.22 |  67.23 |  53.54 |  51.49 |  90.28 |  63.00 |  57.93 |  78.51 | 61.83 |  77.19 | 46.29 |
|        14 |  24.55 |  74.05 |  22.69 | 29.06 |  29.55 |  72.09 |  48.84 |  78.81 |  60.92 |  49.60 |  55.64 |  70.31 |  47.35 |  22.52 |  57.83 |  90.78 |  88.49 |  90.46 |  33.98 |  47.17 |  45.17 |  59.04 |  42.79 | 50.08 |  31.88 | 100.00 |  45.38 |  63.04 |  76.94 |  23.71 |  47.88 |  72.58 |  27.45 |  74.10 |  82.08 |  61.16 |  27.17 | 14.47 |  50.98 | 30.45 |
|        15 |  15.55 |      0 |   4.83 |     0 |  15.17 |  33.49 |      0 |  82.73 |  40.78 |  24.23 |  57.22 |  65.84 |  28.56 |  13.70 |  34.50 |  67.17 |  56.22 |  65.99 |  24.97 |      0 |  42.34 |   3.75 |  57.73 | 45.25 |   7.41 |  87.81 |  56.58 |  54.59 |  63.54 |  29.74 |      0 |   9.46 |  14.50 |  53.04 |  48.59 |  35.98 |  36.61 | 11.43 |  35.82 | 41.99 |
|        16 |      0 |      0 |  19.87 |     0 |   7.91 |  10.83 |      0 |  42.97 |  23.39 |  21.68 |   7.25 |  25.68 |   8.46 |      0 |      0 |  58.71 |  18.99 |  30.95 |      0 |      0 |      0 |      0 |  70.96 | 29.16 |      0 |  89.76 |  26.35 |  64.86 |  44.55 |  26.35 |      0 |  18.58 |  12.12 |  48.17 |  46.77 |  36.74 |  12.55 |     0 |      0 | 44.44 |
|        17 |      0 |      0 |      0 |     0 |      0 |   7.65 |      0 |   4.88 |  32.92 |      0 |  18.95 |   5.03 |  29.13 |   3.36 |  36.23 |  49.75 |      0 |  26.37 |      0 |  25.32 |  37.84 |  12.21 |  64.36 |     0 |      0 |  31.50 |      0 |  70.83 |  19.88 |  56.71 |   3.95 |      0 |  37.56 |  53.81 |  40.85 |  32.18 |  16.07 | 11.61 |      0 | 26.62 |
|        18 |  57.45 |  34.00 |  45.56 |  8.90 |  35.53 |  53.07 |  24.60 |  56.92 |  56.49 |  60.68 |  29.64 |  36.61 |  65.12 |  57.68 |  11.08 |  66.75 |  52.89 |  48.09 |  31.27 |  50.66 |  51.93 |  50.30 |  42.86 |     0 |  38.43 |  56.33 |  49.73 |  79.88 |  44.17 |  54.15 |  50.29 |  47.45 |  75.13 |  50.05 |  74.25 |  41.43 |  40.34 | 57.45 |  33.75 | 56.39 |
|        19 |  55.57 |  58.05 |  50.67 | 24.64 |  30.53 |  49.18 |  33.59 |  64.16 |  70.81 |  65.78 |  48.49 |      0 |  79.53 |  82.65 |   8.08 |  77.75 |  53.91 |  62.82 |  39.95 |  74.05 |  81.96 |  39.39 |  55.58 | 19.17 |  48.27 |  55.72 |  63.00 |  71.42 |  70.54 |  72.77 |  56.98 |  54.80 |  83.15 |  58.13 |  77.80 |  62.57 |  48.16 | 63.53 |  41.30 | 76.27 |
|        20 |  58.28 |  63.31 |  58.73 | 13.90 |  49.75 |  59.18 |  36.96 |  68.75 |  71.22 |  67.87 |  77.12 |   5.04 |  92.46 |  80.85 |      0 |  76.92 |  60.29 |  65.13 |  54.70 |  62.71 |  92.88 |  77.30 |  83.68 | 30.05 |  76.12 |  74.12 |  62.50 |  64.71 | 100.00 |  79.36 |  87.31 |  57.39 |  96.75 |  69.15 |  91.36 |  69.72 |  65.27 | 67.93 |  50.22 | 91.72 |
|        21 |  58.70 |  68.75 |  82.21 | 13.14 |  86.57 |  89.49 |  43.17 |  85.30 |  71.85 |  62.38 |  92.36 |      0 |  90.55 |  77.44 |      0 |  82.13 |  72.43 |  72.64 |  67.70 |  75.03 |  91.57 |  80.23 |  85.71 | 55.93 |  80.40 |  84.14 |  79.45 |  45.21 |  97.20 |  82.78 |  96.66 |  92.54 |  98.86 |  82.89 |  94.63 |  67.23 |  69.92 | 71.72 |  51.09 | 75.10 |
|        22 |  63.76 |  69.18 |  85.54 | 27.75 |  85.96 |  90.27 |  41.92 |  56.53 |  77.10 |  66.77 |  91.53 |  28.35 |  76.00 |  66.87 |  39.66 |  81.19 |  91.21 |  68.92 |  63.56 |  87.32 |  72.33 |  97.36 |  83.63 | 73.26 |  98.17 |  87.77 |  80.09 |  37.91 |  78.20 |  86.36 |  93.03 |  96.19 |  61.47 |  92.60 |  89.95 |  75.08 |  52.93 | 89.14 |  63.43 | 76.93 |
|        23 |  62.01 |  77.71 |  85.48 | 51.45 |  60.62 |  88.12 |  45.35 |  75.89 |  90.29 |  63.10 |  81.97 |  34.55 |  88.60 |  59.38 |  39.43 |  87.45 |  79.70 |  64.98 |  53.13 |  84.71 |  92.68 |  97.60 |  94.75 | 63.19 |  92.83 |  77.37 |  80.13 |  62.07 |  76.26 |  87.92 |  90.77 |  75.96 |  47.30 |  94.61 |  68.94 |  76.65 |  53.21 | 93.00 |  67.77 | 60.52 |
|        24 |  65.54 |  73.66 |  81.04 | 36.97 |  33.43 |  89.17 |  46.43 |  62.68 |  91.68 |  54.73 |  86.01 |  39.41 |  81.47 |  64.01 |  51.17 |  79.04 |  69.31 |  52.73 |  52.74 |  86.62 |  62.84 |  89.64 |  84.24 | 74.91 |  82.96 |  73.54 |  93.77 |  66.99 |  83.07 |  63.71 |  84.30 |  87.18 |  39.01 |  84.91 |  69.49 |  85.51 |  54.22 | 66.28 |  55.66 | 67.67 |
|        25 |  65.52 |  65.99 |  91.96 | 31.30 |  39.02 |  79.47 |  53.37 |  56.46 |  86.02 |  53.00 |  61.34 |  37.11 |  63.30 |  59.73 |  73.03 |  87.06 |  61.08 |  52.72 |  52.52 |  70.32 |  40.35 |  56.74 |  73.72 | 53.11 |  71.90 |  76.32 |  89.28 |  86.41 |  68.79 |  51.95 |  96.77 |  90.11 |  41.42 |  80.23 |  62.30 |  93.25 |  55.40 | 56.41 |  62.41 | 57.24 |
|        26 |  65.12 |  69.33 |  89.28 | 30.99 |  57.61 |  83.55 |  52.45 |  57.13 |  86.30 |  54.38 |  61.75 |  56.95 |  54.65 |  57.69 |  60.81 |  87.05 |  61.80 |  52.66 |  48.57 |  78.05 |  50.56 |  52.07 |  40.61 | 26.90 |  79.18 |  60.68 |  76.95 |  82.81 |  83.03 |  54.50 |  90.50 |  78.81 |  47.91 |  81.62 |  55.46 |  75.73 |  57.31 | 51.75 |  79.76 | 55.80 |
|        27 |  58.96 |  61.05 |  87.24 | 32.10 |  49.96 |  91.51 |  51.42 |  64.32 |  85.86 |  54.42 |  59.24 |  61.11 |  54.27 |  55.69 |  36.41 |  85.83 |  54.34 |  52.21 |  48.58 |  53.80 |  60.61 |  49.08 |  34.82 | 21.94 |  91.42 |  60.82 |  61.73 |  72.08 |  77.26 |  57.00 |  56.85 |  68.60 |  48.15 |  89.55 |  60.15 |  82.98 |  55.70 | 57.73 |  80.24 | 64.89 |
|        28 |  62.33 |  65.25 |  84.88 | 42.48 |  45.81 |  80.21 |  52.60 |  66.66 |  76.44 |  56.25 |  53.91 |  70.26 |  54.42 |  55.48 |  22.66 |  83.64 |  54.99 |  53.06 |  49.46 |  33.79 |  67.46 |  62.09 |  32.39 | 29.86 |  91.27 |  58.60 |  60.72 |  65.20 |  61.14 |  56.33 |  48.92 |  67.22 |  51.75 |  87.90 |  54.94 |  83.36 |  57.96 | 60.67 |  63.73 | 60.38 |
|        29 |  61.83 |  66.92 |  61.12 | 42.73 |  44.79 |  75.63 |  50.82 |  76.06 |  76.85 |  57.04 |  57.31 |  76.36 |  56.21 |  60.05 |      0 |  81.85 |  59.23 |  55.71 |  49.63 |  33.70 |  76.08 |  58.48 |  34.24 | 32.70 |  88.58 |  58.37 |  61.63 |  70.80 |  69.41 |  57.46 |  50.97 |  63.38 |  59.33 |  87.52 |  73.32 |  84.79 |  57.88 | 57.13 |  66.51 | 58.61 |
|        30 |  60.04 |  61.58 |  60.13 | 40.29 |  41.72 |  60.84 |  52.19 |  74.33 |  78.88 |  58.13 |  59.58 |  54.00 |  56.59 |  76.21 |   5.66 |  65.56 |  63.45 |  55.22 |  49.76 |  37.39 |  71.77 |  52.89 |  35.19 | 28.61 |  85.22 |  59.09 |  72.65 |  67.09 |  74.13 |  56.86 |  68.38 |  62.87 |  80.87 |  84.74 |  91.52 |  91.02 |  57.89 | 54.88 |  53.88 | 57.40 |
|        31 |  27.51 |  37.06 |  28.06 | 24.89 |  26.68 |   6.98 |      0 |  60.15 |  62.44 |  19.61 |  26.29 |  35.97 |   5.84 |  76.34 |      0 |  51.15 |  52.62 |      0 |   0.18 |   4.60 |  73.76 |  23.48 |  28.54 | 29.67 |  67.10 |  32.33 |  42.93 |  76.48 |  87.15 |  23.35 |  82.26 |  39.68 |  83.22 |  75.68 |  50.55 |  89.96 |   9.42 | 29.16 |  32.57 | 17.20 |
|        32 |      0 |  45.20 |      0 | 44.00 |  31.37 |  10.31 |      0 |  55.76 |  69.38 |   2.40 |  38.51 |  20.98 |      0 |  63.39 |      0 |  33.98 |  65.91 |      0 |   1.03 |      0 |  86.06 |  14.15 |  41.72 | 68.01 |  63.61 |  33.69 |  66.44 |  77.97 |  92.90 |  29.77 |  72.51 |  36.33 |  93.24 |  73.83 |  13.05 |  90.67 |      0 |     0 |  32.21 | 18.45 |
|        33 |      0 |  33.90 |   4.03 | 72.31 |  32.16 |  24.31 |      0 |  62.27 |  67.12 |   3.92 |  58.67 |  15.14 |   4.32 |  40.47 |  86.60 |  39.28 |  73.62 |      0 |      0 |      0 |  80.98 |  25.40 |  43.50 | 61.90 |  65.06 |  25.01 |  73.81 |  73.19 |  96.84 |  31.72 |  50.17 |  89.45 |  89.88 |  86.43 |   5.69 |  85.39 |      0 | 14.48 |   8.50 | 24.18 |
|        34 |  32.37 |  90.15 |  30.13 | 76.12 |  88.62 |  82.11 |   5.02 |  48.22 |  92.01 |  86.70 |  84.57 |  25.83 |   4.18 |  85.83 |  50.25 |  53.78 | 100.00 |      0 |  24.67 |  15.35 |  66.47 |  86.33 |  86.78 | 86.71 |  95.78 |  50.95 |  67.48 |  67.03 |  96.11 |  87.88 |  92.99 |  90.14 |  96.46 | 100.00 |  87.33 |  78.82 |  15.35 | 28.71 |  27.65 | 36.79 |
|        35 |  29.81 |  81.35 |  85.34 | 91.80 |  82.99 |  84.99 |  13.97 |  93.64 |  97.20 |  88.22 |  93.94 |  82.41 |  26.06 |  87.85 |  86.46 |  87.52 |  87.83 |  33.18 |  30.91 |  88.35 |  77.76 |  86.29 |  86.26 | 73.72 |  98.40 |  81.45 |  84.09 |  92.79 |  96.10 |  74.40 |  81.97 |  86.28 | 100.00 |  99.14 |  87.96 |  88.10 |  73.65 | 36.65 |  85.58 | 92.18 |
|        36 |  52.69 |  76.85 |  80.19 | 77.53 |  92.30 |  76.88 |  49.84 |  87.53 |  79.71 | 100.00 |  98.29 |  59.49 |  60.16 |  75.22 |  80.76 |  83.48 | 100.00 |  55.47 |  70.38 |  64.77 |  93.88 |  52.96 |  86.72 | 67.47 |  93.82 |  63.63 |  88.53 |  90.26 | 100.00 |  78.27 | 100.00 |  74.62 |  98.49 |  87.19 |  85.12 |  90.85 |  69.39 | 55.32 |  64.53 | 90.74 |
|        37 |  52.36 |  85.75 |  56.08 | 73.31 |  60.42 |  48.78 |  48.76 |  92.86 |  84.97 |  48.87 |  98.04 |  63.75 |  49.34 |  82.59 |  57.14 |  79.65 |  90.22 |  55.52 |  73.92 |  84.71 |  77.26 |  82.85 |  72.32 | 72.16 |  83.22 |  57.79 |  68.70 | 100.00 |  86.97 |  66.24 |  95.88 |  75.26 |  82.06 |  81.92 |  76.82 |  77.04 |  83.53 | 65.52 |  67.20 | 82.83 |
|        38 |  78.26 |  87.76 |  74.09 | 69.53 |  57.57 |  66.49 |  76.16 |  88.80 |  91.42 |  46.70 | 100.00 |  73.59 |  28.97 |  84.03 |  61.00 |  88.47 |  95.72 |  37.91 |  68.41 |  67.15 |  90.00 |  64.68 |  80.43 | 80.40 |  84.44 |  74.09 |  90.20 |  89.47 |  73.96 |  59.00 |  83.49 |  63.51 |  86.06 |  77.20 |  58.82 |  83.93 |  79.21 | 87.71 |  68.23 | 75.65 |
|        39 |  87.25 |  68.19 |  75.22 | 78.73 |  53.36 |  73.50 |  79.40 |  88.03 |  84.01 |  48.96 |  96.17 |  75.83 |  43.60 |  72.30 |  65.32 |  82.13 |  90.60 |  35.02 |  53.11 |  48.73 |  77.21 |  63.39 |  68.43 | 91.06 |  69.49 |  75.75 |  86.52 |  94.88 |  72.30 |  36.49 |  90.58 |   9.10 |  82.28 |  46.10 |  34.95 |  86.97 |  78.38 | 86.07 |  77.11 | 83.74 |
|        40 |  88.97 |  34.38 |  51.33 | 63.54 |  87.52 |  76.22 |  80.89 |  85.06 |  75.72 |  71.19 |  90.52 |  77.60 |  53.63 |  66.18 |  52.49 |  47.73 |  39.28 |  42.13 |  57.07 |  41.31 |  71.81 |  53.28 |  55.17 | 86.82 |  54.53 |  60.10 |  80.00 |  79.82 |  48.65 |  32.19 |  97.73 |  21.61 |  69.06 |  35.63 |      0 |  67.62 |  69.14 | 72.85 |  65.10 | 78.15 |
|        41 |  85.70 |  23.96 |  27.59 | 37.28 |  92.35 |  69.79 |  69.87 |  56.76 |  72.61 |  76.67 |  75.24 |  76.36 |  59.22 |  61.78 |  44.64 |  67.60 |  31.08 |  72.33 |  30.39 |  45.98 |  74.13 |  35.25 |  64.53 | 66.44 |  49.51 |  53.77 |  70.95 |  43.26 |  30.64 |  20.23 |  86.51 |  16.39 |  39.44 |  34.31 |      0 |  79.11 |  85.25 | 78.35 |  62.83 | 68.18 |
|        42 |  71.40 |  33.74 |  28.57 | 19.75 |  89.37 |  63.64 |  55.44 |  67.85 |  53.24 |  78.14 |  67.85 |  75.72 |  61.59 |  64.04 |  31.55 |  63.64 |  49.73 |  75.98 |  26.62 |  33.38 |  67.20 |  64.39 |  60.92 | 58.72 |  43.68 |  48.54 |  74.61 |  25.90 |  41.74 |  23.21 |  91.12 |  46.24 |  46.91 |  47.75 |  28.66 |  75.51 |  96.90 | 81.38 |  65.65 | 65.19 |
|        43 |  70.84 |  44.55 |  44.76 | 23.67 |  71.23 |  72.51 |  35.65 |  65.72 |  49.84 |  77.61 |  68.45 |  59.65 |  62.09 |  54.97 |  39.00 |  55.57 |  43.06 |  79.02 |  37.14 |  40.51 |  72.69 |  78.28 |  50.03 | 50.30 |  40.80 |  54.88 |  60.23 |      0 |  60.92 |  47.36 |  58.53 |  47.31 |  41.25 |  50.83 |  24.97 |  66.17 |  75.51 | 84.86 |  68.37 | 62.64 |
|        44 |  60.40 |  46.62 |  62.59 | 41.02 |  70.89 |  73.17 |  43.99 |  61.23 |  51.21 |  61.24 |  78.95 |  41.87 |  69.79 |  49.60 |  44.11 |  53.32 |  47.34 |  82.24 |  47.31 |  41.19 |  43.96 |  77.54 |  36.84 | 63.32 |  36.17 |  55.30 |  61.50 |   8.42 |  70.45 |  58.39 |  51.03 |  49.48 |  46.22 |  43.03 |  41.05 |  63.22 |  40.86 | 83.38 |  66.83 | 68.06 |
|        45 |  77.82 |  48.48 |  65.43 | 31.28 |  56.93 |  40.76 |  46.80 |  60.47 |  60.83 |  67.67 |  81.42 |  48.65 |  81.16 |  52.67 |  56.94 |  62.32 |  61.16 |  92.57 |  53.07 |  36.18 |  54.03 |  64.51 |  20.09 | 41.55 |  45.98 |  74.83 |  61.15 |   7.15 |  30.57 |  56.74 |  55.23 |  50.60 |  48.87 |  34.11 |  44.51 |  58.45 |  49.24 | 74.94 |  67.92 | 60.40 |
|        46 |  69.72 |  49.65 |  58.08 |  8.44 |  28.78 |  45.82 |  48.57 |  59.13 |  61.32 |  51.90 |  64.39 |  44.66 |  59.45 |  54.49 |   6.80 |  60.22 |  69.10 |  85.76 |  52.06 |  34.94 |  71.83 |  55.09 |      0 | 41.59 |  94.30 |  56.88 |  68.31 |  18.29 |      0 |  53.43 |  48.94 |  51.38 |  52.94 |      0 |  46.78 |  54.67 |  55.89 | 53.51 |  76.96 | 54.17 |
|        47 |  60.34 |  53.50 |  56.69 | 27.13 |  17.63 |  49.85 |  50.60 |  63.56 |  52.77 |  51.66 |  42.66 |  44.64 |  60.62 |  55.02 |   3.02 |  50.62 |  56.36 |  71.36 |  50.03 |  42.36 |  69.26 |  50.72 |  27.68 | 50.49 |  97.60 |  50.66 |  60.63 |  27.23 |  14.90 |  57.29 |  47.41 |  53.05 |  56.05 |  28.58 |  50.51 |  53.83 |  55.29 | 45.38 |  80.59 | 51.12 |
|        48 |  56.07 |  55.66 |  58.17 | 24.52 |  36.62 |  58.90 |  51.74 |  68.95 |  51.48 |  56.80 |  46.73 |  46.43 |  60.53 |  58.19 |  41.07 |  51.10 |  53.29 |  52.36 |  51.77 |  45.09 |  63.08 |  53.10 |  30.07 | 33.58 |  99.81 |  51.63 |  61.19 |  35.26 |  34.55 |  64.42 |  49.20 |  56.02 |  54.68 |  40.58 |  53.99 |  51.53 |  54.66 | 50.97 |  70.12 | 51.96 |
|        51 |  55.59 |  57.77 |  61.64 | 27.44 |  41.96 |  56.17 |  53.83 |  62.93 |  56.23 |  54.45 |  49.39 |  51.76 |  59.29 |  61.17 |  20.45 |  52.59 |  59.66 |  56.45 |  53.19 |  49.84 |  46.49 |  55.55 |  33.88 |     0 |  54.01 |  54.52 |  62.71 |  45.36 |  25.49 |  58.56 |  46.63 |  56.91 |  56.77 |  53.27 |  52.90 |  56.41 |  59.83 | 62.14 |  60.01 | 56.00 |
|        54 |  57.72 |  56.16 |  63.30 | 39.11 |  38.24 |  56.51 |  52.72 |  59.30 |  57.30 |  51.75 |  54.57 |  52.25 |  58.90 |  60.46 |   4.54 |  55.72 |  61.78 |  54.29 |  48.76 |  49.56 |  46.65 |  52.97 |  39.46 | 24.57 |  51.67 |  52.73 |  61.42 |  46.64 |  24.07 |  61.77 |  44.77 |  54.39 |  53.40 |  55.63 |  51.81 |  53.00 |  57.23 | 60.46 |  62.45 | 55.97 |
|        57 |  21.73 |      0 |      0 | 27.45 |   3.36 |      0 |      0 |      0 |      0 |   4.31 |  19.23 |      0 |  22.57 |  17.09 |  21.71 |  16.41 |   8.68 |      0 |      0 |      0 |  23.33 |  14.70 |   3.66 |     0 |  16.87 |      0 |      0 |      0 |      0 |      0 |   9.24 |      0 |      0 |  41.02 |      0 |      0 |      0 | 39.46 |  37.15 |     0 |
|        60 |  38.14 |      0 |  31.13 |     0 |  41.48 |   9.75 |   5.32 |  20.43 |      0 |  31.23 |      0 |      0 |      0 |  20.58 |  27.03 |  27.83 |  33.38 |      0 |  34.12 |      0 |  50.22 |  22.48 |  32.18 | 24.31 |  34.55 |  25.90 |  17.24 |  27.82 |  37.41 |   7.05 |   5.71 |   2.88 |  24.59 |  29.48 |      0 |  45.72 |  26.98 | 26.23 |  54.36 | 21.96 |
|        63 |  91.71 |   9.75 |  26.75 |     0 |  23.16 |  14.25 |      0 |  27.93 |   0.94 |      0 |      0 |  23.59 |  27.94 |      0 |      0 |  25.00 |  46.32 |      0 |  48.88 |  26.94 |  23.59 |  43.31 |  41.88 | 10.43 |  24.44 |   0.98 |  21.42 |      0 |  38.88 |      0 |      0 |      0 |      0 |  40.32 |      0 |  43.38 |  21.67 | 37.35 |  31.92 | 12.74 |
|        66 |  60.27 |  39.62 |      0 |     0 |      0 |  20.65 |  30.86 |  44.53 |  19.94 |      0 |  10.48 |   1.99 |      0 |  26.72 |      0 |   7.14 |  38.47 |  16.38 |   5.59 |  39.35 |      0 |  36.42 |  28.29 |     0 |      0 |      0 |  49.97 |      0 |  11.02 |  30.53 |      0 |   7.24 |  35.26 |  25.49 |      0 |  34.41 |      0 | 39.75 |  30.64 | 31.23 |
|        69 |  43.59 |  46.39 |  18.36 |     0 |      0 |  31.24 |  41.62 | 100.00 |  35.50 |   8.07 |      0 |      0 |  44.56 |  48.86 |      0 |  72.51 |  45.35 |  31.43 |  18.85 |  45.33 |      0 |  42.44 |      0 |     0 |      0 |      0 |  56.28 |      0 |      0 |  48.37 |   4.33 |  42.76 |  46.43 |      0 |      0 |      0 |      0 | 35.07 |      0 | 28.53 |
|        72 |  57.70 |  49.04 |  58.45 |     0 |   8.95 |  38.44 |  41.40 |  95.50 |  40.10 |  15.92 |      0 |  39.58 |  42.74 |  48.37 |      0 | 100.00 |  44.38 |  40.19 |  26.89 |  48.70 |      0 |  48.16 |      0 |     0 |      0 |      0 |  54.45 |  11.47 |      0 |  52.32 |  28.17 |  43.30 |  47.45 |  13.16 |      0 |  14.82 |      0 | 79.84 |      0 | 35.88 |
|        78 |  46.23 |  42.85 |  50.42 |     0 |      0 |  24.13 |  26.36 |  75.79 |  41.79 |  27.57 |      0 |  47.16 |  43.99 |  67.16 |      0 |  13.52 |  49.93 |  93.72 |  31.41 |  49.44 |      0 |  47.17 |  34.95 |     0 |      0 |  13.93 |  49.54 |  28.92 |      0 |  53.75 |  37.31 |  51.37 |  49.17 |      0 |  10.29 |  44.39 |  42.30 | 50.18 |      0 | 33.07 |
|        84 |  88.08 |      0 |  10.53 |     0 |  98.88 |      0 |      0 | 100.00 |      0 |      0 |      0 |      0 |      0 | 100.00 |      0 |   6.12 |  21.79 |   2.84 |      0 |  83.12 |      0 |  79.85 |      0 |     0 |   8.15 |      0 |   2.77 |      0 |   5.61 |      0 |      0 |   2.81 |      0 |  10.73 |      0 |  41.74 |      0 |  5.86 |      0 |     0 |
|        90 |  38.60 |   4.83 |      0 |     0 |      0 |  31.99 |      0 |  99.45 |   4.28 |      0 |      0 |  80.85 |  51.41 |  11.36 |      0 |  35.83 |      0 |      0 |      0 |  30.65 |      0 | 100.00 | 100.00 |  2.41 |      0 | 100.00 |  32.74 |      0 |   0.13 |  31.32 |      0 |  87.15 |      0 |      0 |      0 |  83.60 |      0 |     0 |  65.02 |     0 |
|        96 | 100.00 |  43.97 |      0 |     0 |      0 |  49.23 |  57.00 |  75.20 |  63.04 |      0 |      0 |  63.78 | 100.00 |  91.07 |      0 |   9.73 |  63.73 |  15.25 |  37.74 |  62.94 |      0 |  63.83 | 100.00 |     0 | 100.00 |      0 |  72.98 |      0 | 100.00 |  61.75 |      0 |  52.81 |  43.06 |      0 |      0 |  71.75 |  59.21 |     0 |  79.77 |     0 |
|       102 |  63.48 | 100.00 |  64.06 |     0 |      0 |  63.34 | 100.00 | 100.00 |  93.31 |      0 |  90.48 |  99.58 | 100.00 |  97.33 |  97.07 |  52.25 |  96.71 | 100.00 | 100.00 | 100.00 |   1.09 |  62.49 | 100.00 |     0 | 100.00 |  99.51 |  61.92 |  42.22 | 100.00 |  95.26 |  73.39 |  99.73 |  57.32 |      0 |  63.96 |  98.48 | 100.00 | 66.97 |  42.95 |  1.70 |
|       108 | 100.00 | 100.00 |      0 | 10.97 |      0 |      0 | 100.00 |  62.70 | 100.00 | 100.00 | 100.00 | 100.00 | 100.00 |  99.65 | 100.00 |  98.37 |  77.02 |   9.04 | 100.00 |      0 |  28.71 |  89.23 |  92.91 | 26.55 |  66.93 |  97.45 |      0 | 100.00 | 100.00 |  38.98 |  53.52 |  92.90 |      0 |   7.83 |  15.31 | 100.00 | 100.00 |  6.94 |  36.15 | 34.13 |
|       114 |  92.68 |  82.99 |  12.61 |  4.53 |   3.11 | 100.00 |  94.63 | 100.00 | 100.00 |  12.50 | 100.00 |  59.76 |  79.58 | 100.00 |  98.83 |  99.17 |  94.73 | 100.00 | 100.00 |   7.42 |  87.74 |  22.36 | 100.00 | 95.59 |  57.48 | 100.00 |  59.73 |  86.66 | 100.00 |  97.59 | 100.00 | 100.00 |      0 | 100.00 | 100.00 |  87.22 |  92.00 | 41.14 |  99.15 | 81.88 |
|       120 |  91.73 |  89.64 |  59.81 | 94.62 | 100.00 |  73.38 |  71.92 | 100.00 |  99.29 |  99.82 |  99.71 |  81.44 |  85.95 |  90.71 |  89.09 | 100.00 |  96.63 | 100.00 |  85.05 |  87.19 | 100.00 | 100.00 |  91.31 |     0 | 100.00 | 100.00 |  95.62 |  96.28 |  91.78 | 100.00 |  99.66 |  95.02 |  52.44 | 100.00 |  80.06 | 100.00 |  82.31 | 67.37 |  84.40 | 87.59 |
