# variable: Momentary Wind Speed at 10m
# units: km/h
# 
| fcst_hour |     1 |     2 |     3 |     4 |     5 |     6 |     7 |     8 |     9 |    10 |    11 |   12 |    13 |    14 |    15 |    16 |    17 |    18 |    19 |    20 |    21 |    22 |    23 |    24 |    25 |    26 |    27 |    28 |    29 |   30 |    31 |    32 |    33 |    34 |    35 |    36 |    37 |    38 |    39 |    40 |
|         0 |  2.77 |  2.66 |  3.50 |  2.44 |  2.80 |  1.76 |  1.73 |  1.09 |  2.93 |  3.26 |  3.47 | 3.56 |  1.35 |  1.89 |  1.96 |  4.09 |  3.20 |  1.67 |  1.99 |  3.65 |  1.27 |  3.78 |  2.94 |  2.62 |  1.79 |  2.52 |  2.69 |  3.21 |  2.59 | 3.10 |  1.65 |  2.94 |  1.26 |  2.79 |  3.60 |  3.91 |  1.98 |  1.93 |  2.32 |  3.81 |
|         1 |  3.59 |  2.92 |  3.68 |  2.04 |  2.93 |  2.54 |  1.05 |  1.34 |  3.20 |  3.24 |  3.81 | 3.42 |  0.84 |  2.28 |  1.82 |  4.12 |  3.74 |  1.42 |  2.20 |  4.14 |  1.01 |  3.79 |  2.81 |  2.19 |  1.36 |  3.00 |  2.36 |  3.20 |  2.48 | 2.69 |  2.04 |  3.25 |  1.62 |  2.55 |  3.54 |  3.85 |  1.71 |  1.46 |  2.64 |  3.83 |
|         2 |  4.04 |  2.94 |  3.51 |  1.53 |  3.06 |  2.65 |  1.05 |  1.78 |  3.57 |  2.77 |  3.72 | 3.37 |  1.49 |  1.80 |  1.46 |  4.18 |  4.24 |  1.05 |  1.98 |  3.94 |  1.69 |  3.84 |  2.90 |  2.26 |  0.87 |  3.31 |  2.55 |  2.88 |  2.90 | 2.16 |  2.63 |  3.47 |  1.64 |  2.48 |  3.24 |  3.71 |  1.79 |  1.52 |  2.58 |  3.60 |
|         3 |  3.81 |  3.33 |  3.68 |  1.50 |  3.54 |  2.86 |  0.74 |  2.25 |  3.63 |  2.63 |  3.85 | 3.49 |  2.19 |  1.45 |  1.59 |  4.27 |  3.76 |  1.16 |  1.92 |  3.94 |  2.00 |  4.17 |  3.26 |  2.25 |  1.23 |  3.34 |  3.13 |  2.81 |  3.14 | 1.76 |  3.33 |  3.76 |  1.83 |  2.66 |  3.40 |  3.71 |  2.15 |  1.37 |  2.67 |  3.17 |
|         4 |  4.07 |  4.24 |  4.28 |  1.64 |  3.62 |  3.64 |  1.68 |  3.35 |  3.93 |  3.14 |  4.12 | 4.23 |  3.72 |  2.35 |  2.88 |  4.24 |  3.84 |  2.27 |  2.89 |  4.02 |  2.53 |  4.73 |  3.42 |  2.56 |  3.22 |  3.41 |  4.01 |  3.37 |  3.65 | 2.59 |  4.23 |  4.10 |  3.26 |  3.12 |  4.27 |  4.05 |  2.44 |  2.37 |  3.30 |  3.18 |
|         5 |  3.75 |  3.72 |  3.88 |  1.54 |  3.09 |  3.44 |  2.20 |  3.40 |  3.60 |  3.39 |  4.13 | 4.00 |  3.75 |  2.81 |  3.09 |  4.09 |  3.61 |  2.47 |  2.83 |  3.58 |  2.26 |  4.40 |  3.43 |  1.85 |  3.83 |  2.96 |  4.12 |  2.98 |  3.52 | 3.18 |  4.09 |  3.90 |  3.36 |  3.11 |  3.43 |  3.84 |  2.58 |  3.51 |  2.97 |  3.31 |
|         6 |  3.73 |  3.85 |  3.66 |  2.04 |  2.73 |  3.31 |  2.79 |  3.46 |  3.97 |  3.56 |  3.76 | 3.46 |  3.70 |  3.25 |  2.95 |  4.18 |  3.58 |  2.68 |  3.15 |  3.61 |  2.24 |  3.65 |  3.10 |  1.69 |  3.74 |  2.95 |  3.79 |  2.72 |  3.48 | 3.03 |  4.47 |  3.82 |  3.28 |  3.20 |  3.40 |  3.70 |  2.65 |  2.77 |  2.64 |  3.17 |
|         7 |  4.15 |  4.26 |  4.55 |  1.32 |  3.17 |  3.86 |  3.66 |  3.50 |  4.45 |  4.46 |  4.85 | 4.39 |  4.16 |  4.03 |  3.39 |  4.83 |  5.11 |  3.84 |  3.78 |  4.55 |  3.88 |  4.36 |  3.75 |  1.58 |  4.14 |  3.53 |  4.21 |  4.47 |  4.45 | 3.76 |  5.67 |  5.15 |  3.54 |  4.30 |  4.91 |  5.14 |  2.17 |  3.17 |  2.58 |  4.44 |
|         8 |  6.23 |  6.17 |  6.57 |  4.51 |  6.82 |  6.10 |  5.06 |  5.71 |  6.55 |  6.70 |  7.43 | 5.86 |  6.11 |  6.65 |  6.51 |  6.77 |  6.61 |  6.05 |  5.92 |  5.26 |  6.43 |  5.85 |  6.63 |  4.84 |  6.53 |  5.92 |  6.33 |  7.11 |  6.45 | 5.90 |  7.56 |  7.27 |  5.34 |  6.69 |  6.97 |  7.17 |  5.48 |  5.07 |  5.65 |  6.79 |
|         9 |  7.54 |  6.65 |  7.93 |  5.66 |  8.41 |  6.97 |  5.15 |  6.20 |  8.44 |  7.23 |  8.11 | 6.96 |  6.54 |  7.32 |  7.60 |  8.30 |  7.44 |  6.85 |  6.33 |  6.42 |  8.05 |  7.60 |  8.32 |  6.91 |  7.72 |  7.39 |  7.37 |  8.71 |  7.36 | 6.88 |  7.81 |  8.68 |  5.29 |  8.26 |  8.15 |  8.53 |  6.95 |  5.87 |  7.33 |  7.90 |
|        10 |  8.58 |  7.47 |  8.70 |  6.26 |  8.90 |  7.89 |  5.91 |  7.53 |  9.57 |  7.84 |  8.66 | 7.97 |  7.14 |  7.38 |  8.93 |  9.49 |  8.52 |  7.42 |  7.34 |  7.28 |  8.67 |  8.18 |  9.39 |  7.98 |  8.82 |  8.69 |  8.06 |  9.45 |  8.33 | 7.49 |  8.59 |  8.94 |  5.69 |  9.76 |  9.27 |  9.79 |  8.44 |  7.01 |  7.74 |  9.14 |
|        11 |  9.45 |  8.17 |  9.54 |  6.39 |  9.17 |  8.61 |  6.07 |  8.76 | 10.43 |  8.67 |  9.80 | 9.19 |  6.93 |  8.02 |  9.76 |  9.82 |  9.16 |  7.79 |  7.78 |  8.60 |  8.29 |  8.22 | 10.34 |  9.16 |  9.84 |  9.44 |  9.76 |  9.57 |  9.71 | 8.29 |  9.33 |  9.62 |  6.23 | 11.30 | 10.15 |  9.88 |  9.11 |  7.36 |  7.98 | 10.17 |
|        12 |  9.68 |  7.59 |  9.56 |  6.43 |  8.74 |  9.31 |  6.08 |  9.42 | 10.66 |  9.29 |  9.85 | 9.44 |  7.42 |  9.05 |  9.60 | 10.42 |  9.55 |  7.90 |  8.78 |  9.19 |  7.73 |  8.77 | 10.49 |  9.70 |  9.96 |  8.90 | 10.31 | 10.32 | 10.20 | 9.30 |  9.47 |  9.91 |  7.34 | 11.35 | 10.79 | 10.24 |  8.98 |  8.23 |  8.31 | 10.81 |
|        13 |  7.93 |  7.88 |  8.99 |  5.76 |  8.66 |  9.89 |  5.89 |  8.48 | 10.38 |  8.82 |  9.26 | 9.36 |  8.01 |  9.76 |  9.39 | 11.10 |  9.25 |  8.55 |  9.48 |  8.67 |  8.01 |  7.70 | 10.12 |  8.68 |  9.03 |  7.25 | 10.55 |  8.59 |  9.59 | 9.26 | 10.05 |  9.07 |  8.33 | 10.91 | 10.48 | 10.05 |  7.45 |  8.69 |  7.28 | 10.34 |
|        14 |  7.49 |  7.99 |  8.16 |  5.02 |  7.90 |  9.21 |  7.54 |  8.40 |  9.32 |  7.92 |  8.93 | 9.13 |  8.07 |  9.57 |  9.93 | 10.55 |  8.05 |  8.03 |  9.22 |  7.62 |  8.39 |  7.29 |  9.81 |  8.53 |  8.66 |  5.92 | 10.53 |  7.18 |  7.96 | 8.87 |  9.94 |  8.56 |  8.01 | 10.18 |  9.61 |  9.48 |  7.07 |  8.19 |  6.92 |  9.58 |
|        15 |  7.89 |  8.15 |  8.23 |  5.01 |  7.60 |  7.98 |  7.47 |  7.55 |  8.89 |  7.49 |  9.08 | 8.91 |  8.64 |  9.30 | 10.10 |  9.41 |  8.05 |  7.14 |  8.83 |  7.43 |  9.04 |  6.85 |  8.97 |  7.52 |  8.37 |  6.87 | 10.53 |  7.61 |  8.81 | 9.14 | 10.07 |  7.98 |  7.83 |  9.47 |  9.12 |  8.38 |  6.94 |  7.67 |  6.12 |  8.96 |
|        16 |  8.06 |  7.88 |  8.45 |  6.20 |  7.88 |  6.69 |  6.79 |  7.25 |  8.88 |  6.92 |  8.02 | 7.93 |  8.26 |  8.43 |  9.11 |  8.90 |  7.17 |  7.22 |  8.32 |  7.30 |  9.17 |  7.42 |  8.14 |  7.02 |  8.65 |  6.66 | 10.62 |  8.96 |  8.72 | 8.05 |  8.77 |  8.13 |  7.29 |  8.97 |  8.45 |  8.23 |  7.26 |  7.13 |  6.95 |  8.75 |
|        17 |  5.50 |  6.30 |  7.12 |  4.82 |  5.43 |  6.31 |  5.69 |  6.27 |  6.32 |  4.92 |  5.97 | 6.56 |  6.65 |  6.95 |  5.99 |  6.33 |  5.70 |  6.26 |  6.21 |  5.69 |  6.67 |  5.15 |  5.29 |  4.91 |  6.55 |  5.09 |  8.82 |  6.52 |  4.93 | 6.23 |  6.73 |  6.02 |  5.96 |  5.77 |  6.76 |  6.70 |  4.59 |  4.94 |  4.93 |  7.28 |
|        18 |  4.24 |  5.79 |  4.90 |  4.31 |  4.08 |  5.64 |  5.26 |  5.06 |  4.76 |  4.68 |  5.23 | 4.90 |  6.28 |  5.44 |  5.00 |  4.71 |  5.08 |  5.64 |  5.67 |  4.24 |  5.36 |  3.91 |  4.81 |  4.78 |  5.63 |  4.49 |  6.23 |  4.33 |  4.44 | 5.39 |  6.00 |  5.30 |  5.45 |  4.57 |  5.80 |  5.33 |  3.98 |  4.52 |  4.08 |  5.88 |
|        19 |  3.14 |  5.28 |  4.30 |  3.25 |  3.00 |  4.34 |  4.47 |  4.47 |  4.04 |  3.79 |  4.26 | 3.92 |  5.14 |  4.71 |  4.69 |  4.26 |  4.08 |  4.60 |  4.44 |  4.52 |  4.17 |  3.61 |  4.12 |  3.68 |  4.46 |  3.31 |  5.21 |  3.81 |  3.74 | 5.22 |  5.30 |  4.89 |  3.67 |  4.43 |  4.59 |  4.53 |  3.51 |  3.86 |  3.79 |  4.61 |
|        20 |  2.94 |  4.59 |  3.85 |  3.17 |  2.58 |  4.30 |  3.94 |  3.05 |  4.21 |  3.76 |  3.59 | 4.05 |  3.95 |  4.60 |  4.25 |  3.65 |  3.77 |  3.36 |  3.93 |  3.96 |  4.06 |  3.24 |  3.99 |  3.48 |  3.98 |  2.97 |  4.38 |  3.01 |  3.50 | 4.74 |  4.35 |  4.21 |  3.53 |  3.84 |  4.15 |  4.52 |  3.47 |  3.42 |  2.45 |  4.43 |
|        21 |  2.77 |  4.01 |  3.46 |  3.25 |  2.40 |  3.49 |  3.49 |  2.80 |  3.56 |  4.10 |  4.17 | 3.99 |  3.39 |  4.46 |  3.91 |  3.81 |  3.70 |  3.72 |  4.14 |  3.94 |  4.27 |  2.20 |  3.18 |  3.56 |  3.82 |  2.99 |  4.22 |  3.62 |  3.44 | 4.14 |  4.37 |  3.92 |  3.17 |  3.40 |  4.33 |  4.03 |  3.22 |  3.58 |  2.79 |  4.18 |
|        22 |  2.63 |  3.94 |  4.07 |  3.00 |  2.98 |  3.80 |  3.87 |  3.33 |  3.68 |  4.04 |  3.96 | 3.80 |  3.77 |  4.36 |  3.77 |  3.62 |  3.26 |  3.85 |  3.96 |  3.77 |  3.89 |  2.02 |  2.77 |  3.44 |  3.77 |  2.74 |  4.44 |  3.02 |  3.81 | 4.25 |  4.38 |  3.46 |  3.53 |  3.90 |  3.77 |  3.27 |  2.13 |  3.59 |  3.03 |  3.99 |
|        23 |  3.22 |  4.37 |  4.02 |  3.47 |  3.10 |  3.82 |  4.37 |  3.36 |  3.46 |  3.79 |  3.15 | 3.60 |  4.01 |  4.24 |  3.29 |  3.52 |  3.14 |  3.43 |  3.31 |  3.64 |  3.60 |  3.12 |  2.87 |  3.52 |  3.59 |  2.96 |  4.07 |  3.08 |  3.35 | 4.20 |  4.24 |  3.35 |  3.20 |  3.81 |  3.53 |  3.15 |  2.47 |  3.07 |  2.82 |  3.91 |
|        24 |  3.29 |  3.70 |  3.34 |  3.11 |  3.48 |  4.09 |  3.85 |  3.99 |  3.38 |  3.29 |  3.41 | 3.06 |  4.02 |  4.15 |  2.97 |  3.56 |  3.42 |  3.56 |  3.44 |  3.86 |  3.26 |  3.38 |  3.07 |  2.74 |  3.18 |  3.14 |  4.20 |  2.83 |  2.75 | 4.40 |  3.81 |  3.56 |  3.34 |  3.52 |  3.34 |  3.00 |  2.60 |  2.96 |  2.65 |  3.88 |
|        25 |  3.58 |  3.41 |  4.16 |  2.84 |  2.70 |  4.42 |  4.16 |  3.67 |  3.51 |  3.15 |  3.37 | 3.55 |  4.00 |  4.53 |  2.87 |  3.47 |  3.46 |  3.66 |  3.83 |  4.20 |  2.99 |  3.21 |  3.28 |  2.45 |  3.10 |  3.63 |  4.15 |  2.70 |  2.62 | 4.54 |  3.95 |  3.30 |  2.93 |  3.12 |  3.53 |  3.42 |  2.95 |  2.46 |  2.75 |  3.71 |
|        26 |  3.47 |  3.78 |  3.93 |  2.88 |  2.57 |  3.70 |  3.78 |  2.94 |  3.20 |  3.22 |  3.19 | 3.58 |  4.10 |  4.05 |  3.05 |  3.39 |  3.57 |  3.08 |  2.71 |  3.63 |  2.97 |  2.59 |  3.92 |  2.65 |  3.29 |  2.80 |  3.79 |  2.96 |  2.35 | 4.20 |  3.82 |  3.10 |  3.23 |  3.29 |  3.63 |  3.64 |  3.21 |  2.69 |  2.41 |  3.63 |
|        27 |  3.26 |  3.60 |  3.39 |  2.14 |  2.88 |  3.37 |  2.94 |  3.47 |  2.73 |  3.14 |  3.33 | 2.87 |  3.30 |  4.02 |  2.87 |  3.39 |  3.26 |  2.94 |  3.25 |  2.86 |  3.17 |  2.48 |  3.47 |  2.58 |  3.21 |  2.25 |  3.48 |  2.19 |  2.31 | 3.19 |  3.55 |  3.38 |  3.65 |  3.06 |  2.75 |  3.29 |  3.01 |  2.71 |  2.50 |  3.04 |
|        28 |  2.72 |  3.42 |  3.31 |  1.74 |  2.85 |  3.61 |  3.24 |  3.41 |  2.53 |  2.71 |  3.15 | 2.95 |  3.17 |  3.81 |  2.90 |  3.41 |  2.43 |  2.86 |  3.15 |  2.82 |  3.20 |  2.50 |  2.91 |  2.16 |  2.98 |  1.95 |  3.58 |  1.94 |  2.74 | 3.35 |  3.61 |  2.68 |  3.39 |  2.96 |  2.75 |  3.09 |  2.37 |  2.72 |  1.99 |  2.80 |
|        29 |  2.82 |  3.01 |  4.04 |  2.08 |  2.28 |  3.00 |  4.45 |  2.92 |  2.65 |  2.79 |  2.92 | 2.89 |  2.57 |  4.33 |  2.35 |  3.22 |  2.15 |  2.46 |  3.08 |  3.07 |  3.10 |  2.42 |  2.44 |  2.14 |  2.96 |  2.04 |  3.26 |  1.93 |  2.95 | 3.40 |  3.33 |  2.45 |  3.33 |  2.57 |  2.56 |  2.78 |  2.00 |  2.39 |  1.40 |  3.05 |
|        30 |  2.03 |  3.21 |  3.31 |  1.94 |  2.04 |  2.77 |  3.06 |  2.64 |  2.10 |  3.08 |  2.89 | 2.37 |  2.80 |  3.02 |  2.27 |  2.83 |  1.81 |  2.22 |  2.82 |  3.19 |  2.80 |  1.80 |  2.71 |  1.95 |  2.48 |  1.52 |  3.13 |  1.71 |  2.32 | 2.81 |  2.82 |  2.21 |  3.43 |  2.22 |  2.90 |  2.61 |  2.20 |  2.05 |  1.85 |  2.51 |
|        31 |  2.36 |  3.61 |  3.58 |  1.71 |  1.77 |  3.35 |  3.70 |  3.07 |  2.80 |  3.89 |  3.83 | 2.96 |  4.19 |  4.02 |  2.67 |  3.38 |  2.69 |  1.71 |  3.51 |  3.43 |  3.02 |  0.99 |  3.33 |  1.96 |  2.75 |  1.17 |  4.01 |  2.08 |  3.21 | 3.95 |  3.38 |  2.82 |  3.52 |  3.15 |  3.90 |  3.16 |  2.46 |  2.22 |  1.91 |  3.32 |
|        32 |  3.88 |  4.97 |  5.21 |  3.59 |  3.43 |  4.12 |  3.30 |  4.65 |  4.77 |  3.93 |  4.00 | 3.27 |  3.66 |  3.86 |  4.41 |  4.97 |  3.11 |  1.81 |  4.29 |  4.15 |  5.17 |  2.98 |  4.75 |  3.90 |  4.85 |  2.58 |  4.85 |  4.20 |  3.57 | 4.37 |  5.01 |  4.53 |  4.23 |  4.66 |  4.63 |  4.45 |  3.95 |  3.95 |  1.98 |  4.14 |
|        33 |  4.12 |  4.79 |  4.99 |  3.20 |  2.62 |  4.27 |  4.45 |  4.09 |  4.66 |  4.28 |  4.52 | 3.01 |  2.54 |  3.63 |  3.60 |  4.22 |  3.83 |  1.03 |  3.34 |  3.35 |  5.27 |  2.64 |  5.19 |  3.51 |  4.66 |  1.93 |  4.59 |  5.02 |  3.18 | 4.93 |  4.94 |  4.50 |  4.19 |  5.14 |  4.61 |  3.68 |  3.52 |  2.61 |  0.34 |  2.49 |
|        34 |  0.39 |  3.62 |  4.47 |  1.28 |  0.56 |  3.75 |  2.04 |  1.83 |  4.49 |  1.26 |  2.43 | 1.03 |  0.75 |  2.79 |  2.32 |  2.60 |  2.21 |  1.35 |  1.42 |  2.82 |  4.20 |  1.52 |  2.92 |  1.74 |  3.22 |  1.50 |  2.50 |  3.00 |  1.83 | 3.18 |  3.78 |  3.05 |  2.89 |  4.11 |  2.53 |  2.33 |  2.29 |  2.58 |  2.04 |  0.42 |
|        35 |  3.51 |  2.93 |  3.13 |  0.39 |  1.72 |  3.44 |  1.08 |  0.86 |  1.92 |  0.67 |  1.00 | 0.77 |  1.73 |  2.18 |  2.00 |  1.33 |  0.72 |  2.91 |  0.63 |  1.16 |  3.15 |  3.77 |  2.82 |  0.40 |  2.94 |  2.44 |  0.95 |  0.34 |  0.39 | 1.28 |  0.86 |  1.92 |  1.34 |  3.51 |  2.10 |  0.59 |  1.27 |  1.14 |  5.41 |  0.74 |
|        36 |  6.61 |  1.82 |  0.22 |  4.57 |  4.32 |  1.77 |  3.49 |  3.63 |  1.33 |  4.12 |  2.00 | 0.98 |  4.00 |  1.67 |  0.99 |  1.05 |  2.48 |  6.21 |  1.37 |  1.34 |  0.62 |  6.69 |  0.67 |  1.28 |  0.25 |  6.28 |  2.23 |  2.70 |  3.26 | 0.19 |  1.59 |  0.65 |  2.01 |  0.97 |  0.67 |  1.77 |  0.43 |  2.12 |  8.15 |  2.54 |
|        37 |  9.13 |  1.59 |  0.69 |  7.93 |  6.93 |  0.82 |  5.05 |  6.33 |  1.41 |  6.18 |  5.66 | 0.28 |  8.10 |  0.63 |  1.09 |  1.08 |  2.25 |  8.11 |  5.13 |  2.90 |  0.78 |  8.74 |  1.95 |  4.56 |  2.25 | 14.00 |  6.37 |  4.80 |  4.92 | 1.39 |  5.18 |  2.99 |  5.73 |  1.11 |  1.46 |  2.54 |  2.23 |  3.45 | 11.11 |  4.76 |
|        38 | 12.67 |  0.65 |  2.02 |  8.63 |  6.66 |  0.44 |  7.40 |  7.00 |  3.99 |  8.37 |  7.35 | 1.88 | 10.66 |  0.37 |  3.12 |  2.48 |  5.20 | 10.65 |  6.53 |  3.60 |  2.61 | 14.08 |  3.43 |  4.24 |  4.88 | 11.09 |  9.63 |  6.36 |  7.49 | 3.15 |  7.04 |  5.85 |  7.11 |  0.41 |  9.99 |  4.75 |  3.34 |  5.22 | 10.29 |  5.75 |
|        39 | 11.53 |  0.82 |  1.85 |  5.22 |  6.06 |  1.48 |  6.16 |  5.22 |  1.99 |  7.16 |  6.60 | 1.67 | 10.11 |  1.01 |  5.21 |  3.39 |  4.20 |  9.11 |  5.35 |  0.72 |  3.30 |  6.76 |  2.79 |  3.80 |  7.60 |  5.96 |  7.71 |  4.15 |  7.53 | 4.38 |  6.75 |  3.70 |  6.56 |  1.56 |  8.26 |  3.22 |  1.65 |  5.76 |  9.46 |  3.25 |
|        40 |  9.75 |  2.24 |  7.79 |  3.32 |  4.42 |  4.29 |  3.90 |  3.12 |  2.38 |  4.00 |  5.65 | 1.55 |  7.89 |  3.13 |  4.10 |  2.60 |  5.36 |  9.11 |  4.38 |  2.93 |  1.84 |  3.97 |  1.47 |  2.00 |  8.29 |  5.54 |  6.72 |  1.42 |  3.14 | 4.20 |  4.19 |  3.04 |  9.42 |  1.53 |  5.11 |  1.08 |  1.72 |  3.42 |  2.61 | 10.76 |
|        41 |  7.91 |  3.47 |  8.72 |  1.92 |  3.36 |  4.50 |  3.93 |  1.29 |  2.21 |  1.91 |  4.79 | 2.76 |  5.41 |  3.63 |  3.16 |  0.79 |  3.91 |  7.59 |  3.45 |  4.17 |  0.80 |  2.97 |  2.41 |  1.12 |  9.79 |  2.49 |  7.36 |  2.85 |  2.54 | 4.82 |  3.51 |  2.28 |  8.87 |  1.50 |  3.96 |  0.72 |  2.23 |  2.69 |  4.11 |  4.24 |
|        42 |  7.36 |  2.92 |  3.22 |  2.73 |  3.71 |  3.50 |  1.44 |  1.85 |  2.42 |  3.04 |  3.84 | 3.28 |  5.34 |  4.01 |  4.41 |  2.92 |  0.08 |  5.09 |  3.94 |  3.60 |  3.98 |  4.04 |  2.93 |  2.80 | 13.34 |  1.65 |  4.79 |  2.98 |  5.39 | 6.66 |  2.43 |  2.52 |  9.20 |  2.47 |  4.78 |  2.53 |  3.15 |  5.16 |  2.42 |  0.76 |
|        43 |  2.89 |  3.27 |  3.27 |  6.12 |  6.99 |  2.28 |  0.90 |  2.36 |  2.49 |  4.37 |  3.37 | 1.27 |  5.74 |  0.47 |  5.69 |  3.09 |  1.96 |  4.31 |  2.59 |  4.19 |  4.80 |  3.93 |  1.28 |  2.86 |  8.86 |  2.95 |  4.91 |  1.90 |  4.15 | 3.65 |  4.37 |  2.31 |  8.58 |  3.46 |  4.15 |  4.55 |  3.77 |  7.74 |  6.79 |  2.27 |
|        44 |  2.56 |  2.46 |  3.49 |  2.86 |  6.19 |  1.52 |  0.59 |  5.22 |  2.90 |  3.88 |  3.54 | 2.72 |  6.70 |  3.55 |  6.12 |  1.83 |  2.26 |  4.40 |  1.00 |  8.63 |  3.12 |  3.61 |  1.83 |  2.04 |  6.47 |  3.11 |  4.65 |  2.10 |  6.37 | 5.90 |  6.14 |  1.26 |  6.24 |  4.52 |  3.65 |  1.71 |  1.96 |  3.08 |  4.44 |  4.13 |
|        45 |  2.20 |  3.00 |  2.75 |  3.16 |  6.73 |  4.31 |  2.40 |  4.81 | 11.44 |  3.68 |  2.31 | 2.32 |  8.21 |  3.70 |  4.14 |  1.93 |  1.84 |  4.85 |  1.55 |  2.94 | 13.76 |  2.45 |  3.26 |  2.11 |  4.26 |  2.33 |  4.49 |  2.53 |  2.63 | 4.36 |  5.05 |  1.01 |  3.70 |  3.57 |  2.64 |  4.24 |  1.32 |  3.57 |  4.22 |  5.60 |
|        46 |  2.36 |  3.14 |  4.46 |  3.44 |  8.47 |  7.03 |  5.74 |  6.08 |  4.20 |  5.89 |  2.52 | 3.97 |  5.40 |  1.66 |  3.35 |  4.74 |  3.23 |  6.22 |  1.64 |  3.72 | 12.92 |  2.97 |  4.12 |  1.66 |  3.41 |  1.03 |  6.47 |  5.05 |  2.71 | 3.02 |  4.02 |  1.73 |  4.93 |  1.94 |  4.67 |  2.96 |  1.47 |  1.28 |  4.50 |  5.36 |
|        47 |  4.01 |  4.07 |  4.87 |  2.11 |  6.78 |  7.58 |  4.43 |  3.68 |  2.63 |  4.29 |  2.93 | 5.40 |  3.50 |  2.57 |  2.19 |  2.54 |  3.35 |  8.20 |  6.45 |  2.11 | 10.44 |  1.46 |  5.43 |  3.39 |  0.64 |  1.92 |  5.71 |  5.17 |  3.57 | 2.38 |  4.23 |  1.99 |  5.43 |  3.97 |  3.11 |  2.12 |  3.03 |  2.79 |  4.57 |  3.07 |
|        48 |  4.15 |  6.63 |  5.12 |  4.74 |  7.14 |  5.11 |  4.26 |  3.66 |  1.39 |  6.76 |  3.15 | 4.65 |  5.60 |  4.39 |  1.62 |  1.39 |  3.27 |  7.21 |  2.89 |  4.77 |  7.20 |  1.69 |  3.95 |  5.65 |  0.79 |  1.86 |  5.04 |  6.01 |  4.11 | 2.29 |  4.92 |  7.14 |  5.40 |  4.57 |  4.23 |  4.62 |  5.41 |  1.78 |  3.76 |  4.25 |
|        51 |  3.21 |  2.99 |  4.26 |  3.30 |  4.47 |  2.65 |  4.95 |  5.26 |  5.60 |  2.85 |  4.07 | 4.97 |  7.11 |  4.26 |  1.46 |  3.55 |  1.69 |  5.50 |  2.78 |  6.44 |  3.74 |  0.77 |  0.69 |  3.30 |  2.10 |  1.02 |  2.36 |  2.56 |  3.69 | 4.71 |  3.79 |  3.64 |  3.97 |  3.23 |  5.10 |  1.37 |  2.10 |  0.65 |  1.49 |  2.95 |
|        54 |  0.93 |  2.62 |  3.80 |  1.34 |  4.87 |  4.81 |  5.74 |  4.86 |  3.20 |  1.55 |  4.48 | 1.71 |  6.91 |  1.99 |  2.77 |  2.22 |  2.56 |  4.25 |  2.19 |  3.44 |  4.03 |  4.64 |  0.40 |  4.84 |  1.55 |  0.34 |  3.21 |  5.78 |  2.02 | 3.70 |  3.48 |  4.59 |  4.32 |  3.27 |  3.90 |  2.93 |  5.07 |  1.12 |  2.43 |  2.85 |
|        57 |  5.17 |  4.51 |  8.20 |  2.32 | 10.07 |  2.44 |  9.67 |  5.31 |  7.32 |  3.23 |  8.11 | 6.09 | 10.56 |  7.02 |  3.90 |  3.58 |  5.63 |  6.91 |  2.37 |  4.81 |  7.94 |  3.86 |  0.69 | 11.91 |  2.58 |  3.54 |  1.45 |  7.48 |  3.95 | 4.91 |  5.58 |  3.04 |  6.13 |  4.66 |  9.16 |  4.71 |  4.62 |  4.39 |  3.11 |  6.42 |
|        60 | 11.02 | 10.83 | 11.92 | 13.97 | 14.66 |  1.01 | 11.87 | 10.60 | 12.69 |  8.00 | 11.17 | 7.78 | 14.75 |  4.70 | 15.07 |  8.77 |  7.86 | 11.19 |  9.86 | 12.51 | 10.86 |  7.96 | 16.32 | 11.61 |  5.93 |  9.23 |  9.42 |  1.61 |  5.48 | 9.55 |  6.85 |  5.35 | 11.88 |  9.08 | 11.46 |  8.21 |  6.17 |  2.05 |  7.11 |  6.42 |
|        63 | 10.43 |  9.84 |  8.77 |  7.87 |  9.97 |  3.07 |  9.53 | 10.73 | 10.85 | 10.49 | 10.04 | 5.65 | 11.03 |  9.72 |  9.74 |  5.67 | 13.58 | 10.38 |  8.30 |  8.76 |  9.70 |  9.06 |  8.78 | 10.92 |  4.83 |  8.96 |  9.15 |  5.23 |  6.67 | 9.59 |  4.79 |  4.35 |  9.47 |  8.42 |  7.90 |  6.75 |  4.07 |  0.54 |  3.08 |  8.47 |
|        66 |  8.92 |  8.16 |  3.79 |  3.82 |  2.58 |  1.52 |  2.86 |  6.77 |  4.14 |  5.72 |  4.50 | 3.81 |  6.85 |  3.81 |  3.49 |  3.86 |  4.11 |  3.09 |  4.39 |  4.59 |  4.12 |  5.87 |  2.21 |  5.61 |  1.49 |  3.67 |  1.60 |  4.37 |  5.40 | 5.42 |  3.01 |  3.53 |  4.63 |  4.31 |  2.39 |  8.70 |  1.29 |  2.41 |  1.80 |  4.71 |
|        69 |  5.99 |  8.50 |  2.82 |  1.41 |  1.69 |  3.45 |  6.95 |  4.97 |  4.25 |  5.95 |  4.00 | 4.71 |  5.60 |  3.10 |  3.66 |  2.91 |  0.82 |  2.92 |  2.32 |  4.42 |  5.31 |  3.81 |  2.75 |  5.71 |  0.51 |  2.48 |  5.18 |  0.62 |  4.89 | 5.51 |  4.86 |  3.38 |  3.67 |  3.14 |  0.81 |  7.76 |  2.66 |  3.34 |  1.03 |  4.50 |
|        72 |  5.64 |  9.35 |  3.24 |  1.11 |  0.97 |  1.36 |  5.91 |  5.56 |  4.21 |  4.60 |  3.93 | 6.44 |  4.85 |  4.29 |  4.16 |  2.98 |  4.20 |  3.95 |  3.13 |  3.30 |  6.53 |  4.96 |  1.72 |  4.09 |  0.79 |  2.58 |  4.79 |  3.64 |  3.21 | 5.70 |  6.50 |  2.74 |  2.82 |  4.05 |  2.65 |  8.93 |  5.43 |  4.89 |  4.42 |  4.26 |
|        78 |  2.20 | 10.05 |  2.06 |  2.65 |  2.74 |  6.40 |  5.08 |  5.15 |  9.48 |  3.69 |  2.66 | 5.97 |  4.10 |  7.16 |  2.75 |  0.44 |  2.86 |  3.86 |  5.36 |  4.17 |  2.81 |  4.70 |  4.50 |  0.71 |  2.58 |  1.91 |  3.51 |  3.43 |  2.55 | 4.49 |  5.12 |  2.92 |  4.12 |  6.76 |  6.39 |  9.34 |  3.29 |  9.67 |  3.59 |  4.79 |
|        84 |  4.76 | 15.11 |  0.24 |  6.85 |  4.08 | 13.80 |  6.36 | 10.21 |  4.15 |  9.81 |  4.03 | 7.16 |  8.02 | 18.63 |  5.87 |  5.61 | 12.07 |  3.44 | 15.78 |  6.32 |  7.62 |  7.34 | 12.57 |  3.74 |  7.80 | 11.63 |  7.32 | 14.19 |  7.84 | 4.91 |  8.93 | 12.06 |  9.95 | 12.41 | 16.77 | 14.64 | 16.28 | 13.68 |  4.40 |  7.77 |
|        90 |  3.31 |  6.17 |  4.13 |  8.17 |  3.96 |  8.10 |  2.21 |  8.38 |  4.50 |  2.93 |  1.58 | 4.35 |  4.46 | 11.12 |  2.00 |  3.02 |  6.44 |  2.47 |  7.28 |  6.15 |  3.99 |  4.35 |  4.93 |  2.14 |  3.91 |  3.62 |  2.47 |  9.98 |  3.36 | 0.32 |  1.77 |  9.20 |  6.12 |  4.46 |  5.37 |  5.59 |  8.08 |  9.17 |  8.52 |  3.82 |
|        96 |  2.83 |  6.95 |  3.53 |  2.73 |  6.11 |  6.17 |  3.34 |  7.09 |  3.68 |  2.40 |  1.98 | 3.80 |  3.33 | 11.03 |  2.82 |  5.92 |  2.48 |  5.01 |  3.19 |  3.51 |  1.40 |  3.65 | 12.46 |  4.12 |  4.96 |  3.89 |  4.73 |  8.49 |  2.43 | 3.65 |  4.83 |  7.94 |  3.30 |  5.13 |  3.68 |  2.60 |  3.96 |  5.41 |  4.74 |  3.11 |
|       102 |  2.88 |  5.96 |  2.48 |  3.65 |  3.19 |  6.40 |  1.46 |  7.02 |  2.60 |  3.16 |  4.83 | 3.62 |  0.90 |  8.68 |  3.94 |  4.59 |  4.31 |  3.19 |  4.41 |  3.87 |  1.65 |  2.28 | 11.86 |  4.04 |  4.95 |  2.72 |  3.64 |  5.84 |  2.82 | 2.34 |  2.54 |  7.38 |  2.06 |  3.78 |  4.87 |  4.59 |  4.60 |  3.88 |  3.58 |  2.15 |
|       108 |  6.06 |  9.64 |  8.16 |  6.48 | 10.67 | 11.55 |  7.21 | 11.42 | 10.44 |  5.55 | 13.76 | 6.78 |  4.16 | 12.82 | 12.98 | 11.31 |  6.48 |  5.29 | 12.27 |  9.97 |  2.40 |  8.50 | 17.80 |  6.41 |  5.50 |  4.14 | 12.90 | 11.06 | 11.14 | 9.97 |  3.17 | 10.00 |  2.34 |  5.05 | 15.68 |  9.35 | 18.21 |  8.62 |  6.83 |  3.89 |
|       114 |  4.83 |  4.15 |  4.66 |  5.58 |  3.75 |  4.97 |  5.23 |  5.67 |  4.04 |  3.66 |  5.51 | 3.96 |  4.05 |  1.45 |  4.67 |  5.31 |  3.42 |  5.21 |  5.22 |  4.03 |  4.24 |  4.83 | 13.75 |  4.24 |  2.59 |  1.95 |  5.69 |  4.46 |  4.93 | 6.99 |  1.13 |  4.37 |  5.18 |  2.95 |  4.58 |  3.33 | 11.99 |  2.62 |  4.20 |  4.52 |
|       120 |  3.67 |  2.40 |  3.65 |  4.90 |  1.37 |  1.20 |  3.73 |  6.67 |  4.05 |  0.68 |  3.82 | 2.77 |  1.45 |  2.62 |  4.94 |  5.64 |  2.52 |  4.65 |  3.23 |  2.63 |  1.70 |  1.39 |  7.88 |  2.33 |  2.61 |  0.38 |  7.24 |  5.13 |  3.76 | 4.01 |  3.30 |  2.94 |  4.05 |  0.98 |  4.32 |  0.26 |  9.59 |  1.80 |  3.47 |  2.91 |
