# variable: Temperature at 850hPa
# units: degree celsius
# 
| fcst_hour |     1 |     2 |     3 |     4 |     5 |     6 |     7 |     8 |     9 |    10 |    11 |    12 |    13 |    14 |    15 |    16 |    17 |    18 |    19 |    20 |    21 |    22 |    23 |    24 |    25 |    26 |    27 |    28 |    29 |    30 |    31 |    32 |    33 |    34 |    35 |    36 |    37 |    38 |    39 |    40 |
|         0 | 10.95 | 10.83 | 10.80 | 11.11 | 10.50 | 10.94 | 10.65 | 10.60 | 10.76 | 10.58 | 11.31 | 10.69 | 10.75 | 10.02 | 10.45 | 10.59 | 10.89 | 10.40 | 11.15 | 10.67 | 10.96 | 10.93 | 10.84 | 10.96 | 11.29 | 10.82 | 10.39 | 11.12 | 10.55 | 11.42 | 10.51 | 11.21 | 11.11 | 11.18 | 10.64 | 11.35 | 11.45 | 10.76 | 10.57 | 10.37 |
|         1 | 10.83 | 10.77 | 10.60 | 10.94 | 10.47 | 10.90 | 10.73 | 10.61 | 10.64 | 10.59 | 11.18 | 10.67 | 10.73 | 10.00 | 10.39 | 10.56 | 10.96 | 10.49 | 10.98 | 10.67 | 10.95 | 10.88 | 10.74 | 10.97 | 11.25 | 10.72 | 10.25 | 11.04 | 10.54 | 11.26 | 10.47 | 11.23 | 11.01 | 11.21 | 10.52 | 11.25 | 11.32 | 10.70 | 10.59 | 10.26 |
|         2 | 10.72 | 10.80 | 10.53 | 10.94 | 10.49 | 10.79 | 10.75 | 10.66 | 10.56 | 10.65 | 11.10 | 10.62 | 10.83 | 10.03 | 10.32 | 10.49 | 10.99 | 10.53 | 10.85 | 10.55 | 10.91 | 10.80 | 10.68 | 10.97 | 11.14 | 10.53 | 10.03 | 11.07 | 10.57 | 11.18 | 10.32 | 11.12 | 10.94 | 11.26 | 10.44 | 11.19 | 11.27 | 10.57 | 10.72 | 10.15 |
|         3 | 10.79 | 10.78 | 10.52 | 10.91 | 10.57 | 10.75 | 10.72 | 10.63 | 10.51 | 10.70 | 11.05 | 10.75 | 10.87 | 10.10 | 10.31 | 10.51 | 10.97 | 10.59 | 10.82 | 10.64 | 10.93 | 10.76 | 10.71 | 10.92 | 11.11 | 10.44 |  9.92 | 11.11 | 10.64 | 11.20 | 10.26 | 11.02 | 10.91 | 11.26 | 10.37 | 11.26 | 11.22 | 10.59 | 10.77 | 10.10 |
|         4 | 11.05 | 10.85 | 10.63 | 10.96 | 10.72 | 10.98 | 10.77 | 10.67 | 10.63 | 10.77 | 11.17 | 10.98 | 10.98 | 10.24 | 10.45 | 10.72 | 11.08 | 10.76 | 10.94 | 10.93 | 11.13 | 10.89 | 10.89 | 10.96 | 11.26 | 10.53 | 10.01 | 11.26 | 10.77 | 11.32 | 10.29 | 11.04 | 11.00 | 11.32 | 10.49 | 11.45 | 11.26 | 10.78 | 10.94 | 10.21 |
|         5 | 11.41 | 11.03 | 10.86 | 11.06 | 10.93 | 11.39 | 10.88 | 10.82 | 10.88 | 10.91 | 11.42 | 11.21 | 11.16 | 10.34 | 10.69 | 11.00 | 11.30 | 11.13 | 11.10 | 11.24 | 11.37 | 11.12 | 11.16 | 11.12 | 11.50 | 10.71 | 10.25 | 11.44 | 10.92 | 11.58 | 10.43 | 11.22 | 11.18 | 11.46 | 10.75 | 11.65 | 11.42 | 11.04 | 11.22 | 10.44 |
|         6 | 11.68 | 11.23 | 11.24 | 11.22 | 11.14 | 11.74 | 11.03 | 11.08 | 11.16 | 11.10 | 11.67 | 11.37 | 11.47 | 10.40 | 10.96 | 11.28 | 11.59 | 11.58 | 11.32 | 11.42 | 11.59 | 11.42 | 11.39 | 11.32 | 11.78 | 10.91 | 10.53 | 11.60 | 11.12 | 11.99 | 10.60 | 11.55 | 11.40 | 11.65 | 10.99 | 11.80 | 11.67 | 11.32 | 11.47 | 10.71 |
|         7 | 11.80 | 11.41 | 11.59 | 11.36 | 11.33 | 12.00 | 11.05 | 11.40 | 11.39 | 11.19 | 11.82 | 11.46 | 11.69 | 10.38 | 11.14 | 11.38 | 11.74 | 11.86 | 11.51 | 11.54 | 11.76 | 11.60 | 11.51 | 11.43 | 11.96 | 11.12 | 10.70 | 11.70 | 11.28 | 12.45 | 10.73 | 11.80 | 11.57 | 11.88 | 11.12 | 11.89 | 11.89 | 11.43 | 11.72 | 11.00 |
|         8 | 11.79 | 11.49 | 11.75 | 11.41 | 11.39 | 12.17 | 11.04 | 11.59 | 11.38 | 11.15 | 11.94 | 11.53 | 11.62 | 10.17 | 11.09 | 11.57 | 11.56 | 11.87 | 11.63 | 11.73 | 11.71 | 11.71 | 11.60 | 11.45 | 11.91 | 11.24 | 10.73 | 11.80 | 11.36 | 12.68 | 10.81 | 11.65 | 11.56 | 12.00 | 11.04 | 11.90 | 11.90 | 11.50 | 11.81 | 11.26 |
|         9 | 11.87 | 11.59 | 11.98 | 11.63 | 11.29 | 12.09 | 11.07 | 11.46 | 11.54 | 11.22 | 12.20 | 11.50 | 11.34 |  9.94 | 11.12 | 11.47 | 11.53 | 12.19 | 11.65 | 11.69 | 11.48 | 11.76 | 11.62 | 11.46 | 11.75 | 11.21 | 10.88 | 11.90 | 11.53 | 12.73 | 10.83 | 11.27 | 11.31 | 11.92 | 10.75 | 11.90 | 11.82 | 11.42 | 11.52 | 11.46 |
|        10 | 11.94 | 11.52 | 12.00 | 11.67 | 11.54 | 11.84 | 10.94 | 11.23 | 11.60 | 11.16 | 12.14 | 11.42 | 11.02 | 10.08 | 11.25 | 11.12 | 11.58 | 12.40 | 11.66 | 11.42 | 11.38 | 11.74 | 11.56 | 11.63 | 11.60 | 11.11 | 10.98 | 11.91 | 11.80 | 12.56 | 10.77 | 10.91 | 11.14 | 11.65 | 10.70 | 11.92 | 11.79 | 11.26 | 11.29 | 11.46 |
|        11 | 11.83 | 11.36 | 12.00 | 11.34 | 11.74 | 11.67 | 10.90 | 11.24 | 11.39 | 10.88 | 11.98 | 11.17 | 11.34 | 10.35 | 11.11 | 11.21 | 11.43 | 12.20 | 11.57 | 11.16 | 11.47 | 11.76 | 11.61 | 11.60 | 11.27 | 11.13 | 10.84 | 11.74 | 11.79 | 12.46 | 10.66 | 11.21 | 11.05 | 11.56 | 10.68 | 11.75 | 11.70 | 11.17 | 11.26 | 11.20 |
|        12 | 11.95 | 11.30 | 12.00 | 11.48 | 11.65 | 11.53 | 11.06 | 11.16 | 11.18 | 11.03 | 12.32 | 10.96 | 11.72 | 10.81 | 10.95 | 11.25 | 11.40 | 12.16 | 11.44 | 11.44 | 11.44 | 11.48 | 11.61 | 11.56 | 11.50 | 11.14 | 10.84 | 11.72 | 11.51 | 12.62 | 11.11 | 11.28 | 10.95 | 11.78 | 10.61 | 11.87 | 12.01 | 11.31 | 11.41 | 11.01 |
|        13 | 12.28 | 11.98 | 12.24 | 11.94 | 11.68 | 11.83 | 11.75 | 11.48 | 11.32 | 11.73 | 13.04 | 11.71 | 12.07 | 11.87 | 11.31 | 11.47 | 12.01 | 12.38 | 11.22 | 12.39 | 11.62 | 11.80 | 11.89 | 11.98 | 12.16 | 11.11 | 11.15 | 12.02 | 11.66 | 12.71 | 11.34 | 12.30 | 11.21 | 11.99 | 11.27 | 12.11 | 12.56 | 12.17 | 11.91 | 11.32 |
|        14 | 12.80 | 12.30 | 12.55 | 12.25 | 11.88 | 12.27 | 12.30 | 11.96 | 11.76 | 12.62 | 13.03 | 12.54 | 12.69 | 12.25 | 12.09 | 11.98 | 12.81 | 12.87 | 11.42 | 12.37 | 12.17 | 12.53 | 12.01 | 12.52 | 12.68 | 11.32 | 11.53 | 12.43 | 12.06 | 13.08 | 11.58 | 12.66 | 11.62 | 12.35 | 12.37 | 12.01 | 12.64 | 12.61 | 12.20 | 12.25 |
|        15 | 12.69 | 12.37 | 12.30 | 12.26 | 11.94 | 13.09 | 12.48 | 12.51 | 12.05 | 13.08 | 12.83 | 12.96 | 12.75 | 11.96 | 12.71 | 12.28 | 12.86 | 12.97 | 12.28 | 12.31 | 12.23 | 12.57 | 12.35 | 12.46 | 12.38 | 11.62 | 11.91 | 12.91 | 12.25 | 13.68 | 12.07 | 12.71 | 12.13 | 12.46 | 12.69 | 12.51 | 12.37 | 12.79 | 12.48 | 12.53 |
|        16 | 12.29 | 12.69 | 12.28 | 12.79 | 11.96 | 13.24 | 12.43 | 13.03 | 12.49 | 13.14 | 12.97 | 12.83 | 13.01 | 11.74 | 12.66 | 12.66 | 12.74 | 12.94 | 12.49 | 12.45 | 12.13 | 12.62 | 12.61 | 12.46 | 12.23 | 11.76 | 12.21 | 12.82 | 12.18 | 13.45 | 12.12 | 12.14 | 12.40 | 12.22 | 12.50 | 12.78 | 12.30 | 12.87 | 12.97 | 12.26 |
|        17 | 12.21 | 13.01 | 12.51 | 12.90 | 12.20 | 12.71 | 12.55 | 13.07 | 12.52 | 13.11 | 13.42 | 12.57 | 12.63 | 12.15 | 12.46 | 12.35 | 12.71 | 13.01 | 12.43 | 12.47 | 12.22 | 12.72 | 12.66 | 12.90 | 12.28 | 11.90 | 12.48 | 12.67 | 12.08 | 13.02 | 11.93 | 11.79 | 12.50 | 12.25 | 12.59 | 12.80 | 12.57 | 12.78 | 13.05 | 12.41 |
|        18 | 12.37 | 12.66 | 12.23 | 12.45 | 12.36 | 12.38 | 12.57 | 13.12 | 12.58 | 12.75 | 13.03 | 12.40 | 12.12 | 11.80 | 12.59 | 11.60 | 12.57 | 12.68 | 12.15 | 12.02 | 11.73 | 12.48 | 12.28 | 12.71 | 12.09 | 11.89 | 12.47 | 12.18 | 12.05 | 12.96 | 11.98 | 11.73 | 12.32 | 12.40 | 12.60 | 12.28 | 12.15 | 12.66 | 12.66 | 12.41 |
|        19 | 11.96 | 11.80 | 11.25 | 11.81 | 11.97 | 12.38 | 12.29 | 12.71 | 12.29 | 12.01 | 12.04 | 11.83 | 11.32 | 10.85 | 12.61 | 10.80 | 12.15 | 12.43 | 11.22 | 11.27 | 10.87 | 11.99 | 11.93 | 11.71 | 11.80 | 11.43 | 11.75 | 11.66 | 11.76 | 12.44 | 11.43 | 11.31 | 11.82 | 11.70 | 12.12 | 11.45 | 11.49 | 12.20 | 11.43 | 11.80 |
|        20 | 11.08 | 11.12 | 10.31 | 11.45 | 11.26 | 11.96 | 11.52 | 11.33 | 11.35 | 11.05 | 11.38 | 11.33 | 10.39 | 10.59 | 11.76 | 10.57 | 11.28 | 12.70 | 10.44 | 10.68 | 10.43 | 11.68 | 11.45 | 11.13 | 11.63 | 10.65 | 11.04 | 11.26 | 10.71 | 11.71 | 10.87 | 10.47 | 11.22 | 11.24 | 11.43 | 10.87 | 11.00 | 11.55 | 11.04 | 10.81 |
|        21 | 10.60 | 10.79 |  9.47 | 11.46 | 10.83 | 11.10 | 10.89 | 10.30 | 10.68 | 10.32 | 10.89 | 11.07 |  9.11 | 10.11 | 10.98 | 10.45 | 10.53 | 12.28 | 10.09 |  9.93 | 10.59 | 10.93 | 10.86 | 10.77 | 11.47 | 10.58 | 10.83 | 10.81 |  9.80 | 10.96 | 10.05 |  9.71 | 11.01 | 10.76 | 10.63 | 10.46 | 10.06 | 11.26 | 10.58 | 10.70 |
|        22 | 10.71 | 10.37 |  9.46 | 11.29 | 10.50 | 10.41 | 10.97 | 10.20 | 10.25 | 10.33 | 10.51 | 10.15 |  8.42 |  9.62 | 10.63 | 10.10 | 10.33 | 11.49 |  9.84 |  9.27 | 10.25 | 10.28 | 11.23 | 10.35 | 11.19 | 10.22 | 10.11 | 10.05 |  9.90 | 10.36 |  9.13 |  8.37 | 10.72 | 10.29 | 10.13 | 10.06 |  8.88 | 11.12 |  9.47 | 10.57 |
|        23 | 10.39 | 10.28 |  9.59 | 10.83 | 10.07 | 10.65 | 10.82 |  9.97 | 10.16 | 10.48 |  9.75 |  9.45 |  8.47 |  9.09 | 10.43 |  9.37 | 10.71 | 11.22 |  9.14 |  8.86 |  9.26 |  9.85 | 11.16 | 10.19 | 10.49 | 10.14 |  9.03 |  9.17 |  9.91 | 10.48 |  8.35 |  7.71 | 10.25 | 10.04 | 10.10 |  9.93 |  8.25 | 10.55 |  8.51 |  9.76 |
|        24 |  9.26 |  9.57 |  9.31 | 10.31 | 10.16 | 10.93 | 10.61 |  9.78 | 10.40 | 10.80 |  8.94 |  8.99 |  8.52 |  8.63 | 10.28 |  8.84 | 10.82 | 10.59 |  8.83 |  8.54 |  8.70 |  9.11 | 10.77 |  9.77 |  9.87 |  9.74 |  8.34 |  8.59 |  9.74 | 10.38 |  7.97 |  7.55 |  9.80 |  9.78 |  9.86 |  9.60 |  8.29 | 10.25 |  8.41 |  9.61 |
|        25 |  8.51 |  8.91 |  8.46 |  9.84 | 10.47 | 10.54 | 10.70 |  9.77 | 10.15 | 10.55 |  8.65 |  8.70 |  8.06 |  8.25 | 10.29 |  8.58 | 10.18 | 10.22 |  8.69 |  8.31 |  8.57 |  8.47 | 10.51 |  9.40 |  9.42 |  8.89 |  8.22 |  7.83 |  9.68 |  9.74 |  7.92 |  7.43 |  9.59 |  9.71 |  9.34 |  9.25 |  8.33 | 10.09 |  8.59 |  9.92 |
|        26 |  8.34 |  8.60 |  7.47 |  9.50 | 10.27 | 10.06 | 10.57 |  9.72 |  9.38 | 10.18 |  8.57 |  8.21 |  7.72 |  8.40 | 10.01 |  8.33 |  9.78 | 10.60 |  8.54 |  8.02 |  8.88 |  7.86 | 10.32 |  9.27 |  9.47 |  8.56 |  8.36 |  7.39 |  9.91 |  8.90 |  7.86 |  7.34 |  9.96 |  9.44 |  8.93 |  8.89 |  8.17 |  9.80 |  8.37 |  9.94 |
|        27 |  8.31 |  8.52 |  6.86 |  9.50 |  9.86 |  9.70 | 10.02 |  9.31 |  8.91 |  9.73 |  8.53 |  8.20 |  7.65 |  8.56 |  9.57 |  8.12 |  9.41 | 11.08 |  8.21 |  7.59 |  9.01 |  7.69 | 10.26 |  9.02 |  9.86 |  8.37 |  8.45 |  7.02 | 10.08 |  8.36 |  7.80 |  7.35 | 10.40 |  8.87 |  8.83 |  8.73 |  8.24 |  9.70 |  8.18 |  9.52 |
|        28 |  8.05 |  8.31 |  6.88 |  9.44 |  9.43 |  9.71 |  9.70 |  9.04 |  8.94 |  9.38 |  8.64 |  8.32 |  7.63 |  8.54 |  9.23 |  7.74 |  9.24 | 11.30 |  7.82 |  7.52 |  8.55 |  7.90 | 10.39 |  8.66 | 10.16 |  7.94 |  8.30 |  6.89 |  9.79 |  8.40 |  7.89 |  7.15 | 10.32 |  8.58 |  8.67 |  8.39 |  8.30 |  9.76 |  8.26 |  9.18 |
|        29 |  7.52 |  8.33 |  6.86 |  8.84 |  9.02 | 10.18 |  9.58 |  9.41 |  8.96 |  9.21 |  8.53 |  8.17 |  7.65 |  8.61 |  9.00 |  7.65 |  9.54 | 11.39 |  7.62 |  7.70 |  8.44 |  8.22 | 10.45 |  8.54 | 10.24 |  7.55 |  8.37 |  7.24 |  9.05 |  8.72 |  8.06 |  7.15 |  9.98 |  8.46 |  8.72 |  7.98 |  8.10 |  9.56 |  8.16 |  9.58 |
|        30 |  7.35 |  8.25 |  6.75 |  7.59 |  8.82 | 10.53 |  9.87 |  9.63 |  9.33 |  9.19 |  8.25 |  8.04 |  7.51 |  8.82 |  8.84 |  8.11 |  9.83 | 11.51 |  7.56 |  8.08 |  8.22 |  8.06 | 10.39 |  8.51 |  9.93 |  7.55 |  8.30 |  7.56 |  8.49 |  8.88 |  7.81 |  7.25 |  9.92 |  8.05 |  8.85 |  7.66 |  7.98 |  9.09 |  8.22 |  9.83 |
|        31 |  7.52 |  8.28 |  6.63 |  7.17 |  8.81 | 10.45 | 10.16 |  9.26 |  9.68 |  9.36 |  7.92 |  8.01 |  7.61 |  8.94 |  8.84 |  8.20 |  9.98 | 11.59 |  7.85 |  8.19 |  8.33 |  7.90 | 10.45 |  8.55 |  9.45 |  7.89 |  8.12 |  7.78 |  8.43 |  8.65 |  7.89 |  7.33 |  9.98 |  7.66 |  8.92 |  7.40 |  8.11 |  8.77 |  8.24 |  9.43 |
|        32 |  7.73 |  8.12 |  6.62 |  7.17 |  8.83 | 10.38 | 10.22 |  8.95 |  9.73 |  9.87 |  7.66 |  8.02 |  7.81 |  8.72 |  8.83 |  7.95 | 10.15 | 11.72 |  8.07 |  7.82 |  8.50 |  8.08 | 10.45 |  8.62 |  8.88 |  8.26 |  8.15 |  8.01 |  8.64 |  8.39 |  7.93 |  7.25 | 10.05 |  7.50 |  8.92 |  7.29 |  8.13 |  8.73 |  7.74 |  9.13 |
|        33 |  7.91 |  8.37 |  6.75 |  7.12 |  8.94 | 10.49 | 10.43 |  8.80 |  9.66 | 10.37 |  7.64 |  8.16 |  8.02 |  8.64 |  8.91 |  8.04 | 10.44 | 11.92 |  8.11 |  7.83 |  8.53 |  8.22 | 10.50 |  8.63 |  8.57 |  8.12 |  8.51 |  8.05 |  8.62 |  8.33 |  7.85 |  6.98 | 10.36 |  7.46 |  8.98 |  7.51 |  8.24 |  8.87 |  7.57 |  9.22 |
|        34 |  7.80 |  8.75 |  6.97 |  7.04 |  9.04 | 10.85 | 10.69 |  8.70 |  9.26 | 10.68 |  7.74 |  8.29 |  8.27 |  8.83 |  9.02 |  8.39 | 10.73 | 12.09 |  8.17 |  8.13 |  8.88 |  8.60 | 10.75 |  8.57 |  8.68 |  7.98 |  8.93 |  8.02 |  8.43 |  8.52 |  8.01 |  6.95 | 10.73 |  7.64 |  9.09 |  7.56 |  8.46 |  9.15 |  8.05 |  9.70 |
|        35 |  8.06 |  8.95 |  7.22 |  6.95 |  9.17 | 11.54 | 10.83 |  7.56 |  8.85 | 10.71 |  7.93 |  8.59 |  8.59 |  8.30 |  9.27 |  8.33 | 10.90 | 12.11 |  7.92 |  8.30 |  9.13 |  9.16 | 10.95 |  8.70 |  8.41 |  8.03 |  9.30 |  8.08 |  8.09 |  8.72 |  7.43 |  6.97 | 11.03 |  7.83 |  9.24 |  7.69 |  8.67 |  9.42 |  7.98 | 10.32 |
|        36 |  8.48 |  8.73 |  7.48 |  7.10 |  9.35 | 12.09 | 10.91 |  8.53 |  9.80 | 10.79 |  8.04 |  8.84 |  8.88 |  8.48 |  9.73 |  8.33 | 11.18 | 12.30 |  7.52 |  8.54 |  8.94 |  9.30 | 11.20 |  8.76 |  8.14 |  8.25 |  9.35 |  8.31 |  7.79 |  8.47 |  7.96 |  7.34 | 11.06 |  8.35 |  9.46 |  7.99 |  8.37 |  9.40 |  8.14 | 10.84 |
|        37 |  8.69 |  8.79 |  7.75 |  7.49 |  9.62 | 11.97 | 10.96 |  9.71 | 10.95 | 11.12 |  8.68 |  8.52 |  8.91 |  9.01 | 10.34 |  8.67 | 11.52 | 12.50 |  7.97 |  8.78 |  8.71 |  9.14 | 11.35 |  8.93 |  8.61 |  8.52 |  9.18 |  8.59 |  8.38 |  8.61 |  8.42 |  7.72 | 11.04 |  8.84 |  9.76 |  8.43 |  8.11 |  9.73 |  8.47 | 11.30 |
|        38 |  8.90 |  8.91 |  8.25 |  7.82 | 10.04 | 11.92 | 11.07 | 10.71 | 11.83 | 11.52 |  9.35 |  8.61 |  8.90 |  9.94 | 10.98 |  9.07 | 11.94 | 12.75 |  8.36 |  8.99 |  8.22 |  9.08 | 11.49 |  9.20 |  9.22 |  8.89 |  9.24 |  8.77 |  8.89 |  9.16 |  8.52 |  7.87 | 11.33 |  9.17 |  9.95 |  8.97 |  8.15 | 10.39 |  8.74 | 11.88 |
|        39 |  9.31 |  8.99 |  8.70 |  8.06 | 10.55 | 12.06 | 11.06 | 11.20 | 12.07 | 11.80 |  9.88 |  8.72 |  9.05 | 10.57 | 11.44 |  9.44 | 12.32 | 12.93 |  8.67 |  9.22 |  8.26 |  9.15 | 11.60 |  9.53 | 10.12 |  9.22 |  9.37 |  9.07 |  9.53 |  9.44 |  8.36 |  8.08 | 11.67 |  9.62 | 10.01 |  9.29 |  8.36 | 11.32 |  8.82 | 12.25 |
|        40 |  9.65 |  9.04 |  8.94 |  8.40 | 11.02 | 12.46 | 10.95 | 11.64 | 12.37 | 11.93 | 10.14 |  8.96 |  9.06 | 10.69 | 11.80 |  9.43 | 12.61 | 13.12 |  8.87 |  9.47 |  8.63 |  8.92 | 11.64 | 10.01 | 10.79 |  9.41 |  9.64 |  9.24 | 10.23 |  9.52 |  8.13 |  8.27 | 11.90 | 10.34 | 10.09 |  9.34 |  8.94 | 11.58 |  8.94 | 12.52 |
|        41 |  9.88 |  9.16 |  9.16 |  8.96 | 11.40 | 12.67 | 10.93 | 12.07 | 12.38 | 12.10 | 10.49 |  9.29 |  9.00 | 10.94 | 12.23 |  9.18 | 12.97 | 13.35 |  9.30 |  9.77 |  9.47 |  8.77 | 11.77 | 10.43 | 10.98 |  9.55 |  9.87 |  9.12 | 10.62 |  9.72 |  8.27 |  8.74 | 12.06 | 11.07 | 10.27 |  9.73 |  9.41 | 11.46 |  9.18 | 12.68 |
|        42 |  9.99 |  9.43 |  9.31 |  9.50 | 11.61 | 12.40 | 10.98 | 12.29 | 12.39 | 12.20 | 10.94 |  9.54 |  8.98 | 10.92 | 12.61 |  9.02 | 13.41 | 13.27 |  9.67 |  9.90 |  9.94 |  8.87 | 11.98 | 10.84 | 10.85 |  9.74 |  9.89 |  8.82 | 10.70 |  9.94 |  8.75 |  9.12 | 12.02 | 11.50 | 10.53 | 10.15 |  9.51 | 11.22 |  9.45 | 12.56 |
|        43 | 10.06 |  9.80 |  9.63 |  9.48 | 11.84 | 11.93 | 11.09 | 12.21 | 12.52 | 12.24 | 11.19 |  9.66 |  9.21 | 10.87 | 12.72 |  9.06 | 13.60 | 13.00 | 10.22 |  9.82 |  9.79 |  9.10 | 12.22 | 11.27 | 10.95 |  9.83 | 10.08 |  8.87 | 10.65 | 10.19 |  8.94 |  9.03 | 12.10 | 12.05 | 10.69 | 10.60 |  9.47 | 11.01 |  9.51 | 12.34 |
|        44 | 10.10 |  9.97 |  9.82 |  9.48 | 11.95 | 11.42 | 11.16 | 12.24 | 12.26 | 11.94 | 11.49 |  9.74 |  9.50 | 11.10 | 12.65 |  9.22 | 13.72 | 12.77 | 10.41 |  9.76 |  9.64 |  9.13 | 11.80 | 11.62 | 11.30 |  9.81 | 10.29 |  9.23 | 10.54 | 10.55 |  8.91 |  8.75 | 12.21 | 12.39 | 10.77 | 10.72 |  9.45 | 11.08 |  9.35 | 12.29 |
|        45 | 10.11 | 10.04 |  9.93 |  9.48 | 11.91 | 11.31 | 11.31 | 12.20 | 11.98 | 11.78 | 11.85 |  9.95 |  9.54 | 11.64 | 12.44 |  9.32 | 13.81 | 12.92 | 10.73 |  9.78 |  9.61 |  9.00 | 11.42 | 12.16 | 11.59 |  9.79 | 10.40 |  9.48 | 10.81 | 10.79 |  8.91 |  8.54 | 12.32 | 12.49 | 10.86 | 10.72 |  9.45 | 11.46 |  9.21 | 12.41 |
|        46 | 10.16 | 10.35 |  9.93 |  9.36 | 12.06 | 11.20 | 11.37 | 12.23 | 12.18 | 11.90 | 11.98 | 10.34 |  9.42 | 12.02 | 12.37 |  9.27 | 13.86 | 13.02 | 11.22 |  9.78 |  9.50 |  8.92 | 11.58 | 12.25 | 11.77 |  9.75 | 10.40 |  9.53 | 11.12 | 11.14 |  8.91 |  8.37 | 12.29 | 12.35 | 10.94 | 10.77 |  9.49 | 11.95 |  9.02 | 12.26 |
|        47 | 10.47 | 10.77 | 10.21 |  9.28 | 12.39 | 11.39 | 11.35 | 12.16 | 12.57 | 12.23 | 12.48 | 10.97 |  9.24 | 11.93 | 12.47 |  9.09 | 14.14 | 12.86 | 11.46 |  9.74 |  9.59 |  8.93 | 12.20 | 11.91 | 11.81 |  9.76 | 10.63 |  9.52 | 11.16 | 11.67 |  9.02 |  8.14 | 12.39 | 12.28 | 11.17 | 11.14 |  9.57 | 12.31 |  8.71 | 12.15 |
|        48 | 10.74 | 11.18 | 10.26 |  9.27 | 12.37 | 11.29 | 11.37 | 12.02 | 12.63 | 12.40 | 13.23 | 11.33 |  9.16 | 12.07 | 12.68 |  8.89 | 13.88 | 12.77 | 11.63 |  9.66 |  9.62 |  9.07 | 12.66 | 12.59 | 11.89 |  9.77 | 11.09 |  9.58 | 11.26 | 12.35 |  9.36 |  8.07 | 12.59 | 12.57 | 11.38 | 11.66 |  9.60 | 12.45 |  8.46 | 12.17 |
|        51 | 11.37 | 12.25 | 12.26 | 10.18 | 12.48 | 11.38 | 11.60 | 12.35 | 13.18 | 12.58 | 14.00 | 11.64 |  8.79 | 12.41 | 13.07 |  9.23 | 13.65 | 12.44 | 12.00 |  9.25 | 10.01 | 10.03 | 12.26 | 13.39 | 12.37 |  9.90 | 11.14 | 10.84 | 11.61 | 12.83 | 10.80 |  8.62 | 13.21 | 12.96 | 12.22 | 12.21 | 10.05 | 13.16 |  8.71 | 12.55 |
|        54 | 12.47 | 13.48 | 12.87 | 12.34 | 13.15 | 11.92 | 12.50 | 13.14 | 12.89 | 13.42 | 13.40 | 13.05 | 10.11 | 13.12 | 13.33 | 10.13 | 13.42 | 12.41 | 13.09 |  9.28 | 10.71 | 11.67 | 13.09 | 13.47 | 12.87 | 10.50 | 12.45 | 11.95 | 11.38 | 13.11 | 11.82 | 10.29 | 13.66 | 13.48 | 13.39 | 13.21 | 12.19 | 13.87 |  9.73 | 13.34 |
|        57 | 13.70 | 14.75 | 13.27 | 13.74 | 14.45 | 11.95 | 13.08 | 13.57 | 13.42 | 13.85 | 13.21 | 13.48 | 11.63 | 13.62 | 13.80 | 11.86 | 14.00 | 13.41 | 13.29 | 11.21 | 12.48 | 12.94 | 13.31 | 14.37 | 13.52 | 11.61 | 13.63 | 13.17 | 12.00 | 13.74 | 13.46 | 11.64 | 14.23 | 14.05 | 13.98 | 13.92 | 13.64 | 14.66 | 11.25 | 13.92 |
|        60 | 14.00 | 15.53 | 13.95 | 14.85 | 15.29 | 12.11 | 13.73 | 13.93 | 13.71 | 13.86 | 13.10 | 13.28 | 13.43 | 14.38 | 14.01 | 13.28 | 14.19 | 13.51 | 13.53 | 12.73 | 13.60 | 13.92 | 13.45 | 14.35 | 14.00 | 12.98 | 14.11 | 14.68 | 12.31 | 13.89 | 14.20 | 13.20 | 14.54 | 14.07 | 14.64 | 14.28 | 14.72 | 14.57 | 12.18 | 14.19 |
|        63 | 14.19 | 15.73 | 14.33 | 15.04 | 15.16 | 12.88 | 13.93 | 13.99 | 14.14 | 13.24 | 13.10 | 12.62 | 14.63 | 13.58 | 14.02 | 13.96 | 13.86 | 13.22 | 14.09 | 12.53 | 13.84 | 13.46 | 13.71 | 12.99 | 14.09 | 13.15 | 13.70 | 15.11 | 12.66 | 13.41 | 13.53 | 14.09 | 14.53 | 12.79 | 14.75 | 14.37 | 14.65 | 14.50 | 13.58 | 13.58 |
|        66 | 13.86 | 14.29 | 13.78 | 15.02 | 14.82 | 13.42 | 13.34 | 13.43 | 13.26 | 12.52 | 12.20 | 12.13 | 14.85 | 13.03 | 13.43 | 14.02 | 12.48 | 12.67 | 12.93 | 12.69 | 13.71 | 12.55 | 13.50 | 13.58 | 13.81 | 12.59 | 12.04 | 14.23 | 12.85 | 14.01 | 13.27 | 13.82 | 13.80 | 12.54 | 14.51 | 13.88 | 14.11 | 14.87 | 14.14 | 12.42 |
|        69 | 12.88 | 14.57 | 13.61 | 14.76 | 14.37 | 13.30 | 13.26 | 13.47 | 13.23 | 12.44 | 11.87 | 12.10 | 14.39 | 13.15 | 13.05 | 13.67 | 12.34 | 12.25 | 12.74 | 11.94 | 13.48 | 12.45 | 13.23 | 12.81 | 13.25 | 12.73 | 12.14 | 13.69 | 14.03 | 14.33 | 13.37 | 13.19 | 13.51 | 14.08 | 13.70 | 14.25 | 14.57 | 13.18 | 14.00 | 12.01 |
|        72 | 12.52 | 13.75 | 13.51 | 13.93 | 14.63 | 13.75 | 12.83 | 12.54 | 14.02 | 12.65 | 11.36 | 12.15 | 13.93 | 13.29 | 13.08 | 12.82 | 12.71 | 11.89 | 12.73 | 12.52 | 13.33 | 12.70 | 12.25 | 11.99 | 13.22 | 12.42 | 11.53 | 12.41 | 13.93 | 13.61 | 12.48 | 13.27 | 12.71 | 13.03 | 13.45 | 14.35 | 13.51 | 12.29 | 13.51 | 12.29 |
|        78 | 11.17 | 13.26 | 10.88 | 13.62 | 11.13 | 11.92 | 12.58 | 11.36 | 11.58 | 11.49 | 10.17 | 12.21 | 12.71 | 13.96 | 11.21 | 11.37 | 11.58 | 10.62 | 12.76 | 11.72 | 12.63 | 11.00 | 11.26 | 10.91 | 11.54 | 11.62 | 11.64 | 12.36 | 14.51 | 12.73 | 12.68 | 13.20 | 11.63 | 10.13 | 11.37 | 13.64 | 12.98 | 12.82 | 12.67 | 11.66 |
|        84 | 11.03 | 12.21 | 10.93 | 14.13 | 11.05 | 12.29 | 12.49 | 11.66 | 11.28 | 10.09 | 10.09 | 12.67 | 12.08 | 12.49 | 11.31 | 11.39 | 10.72 | 10.87 | 14.23 | 13.49 | 13.49 | 11.99 | 11.49 |  9.92 | 10.52 | 11.40 | 12.38 | 11.83 | 12.55 | 12.76 | 10.93 | 14.22 | 11.14 | 10.27 | 11.20 | 13.06 | 11.79 | 12.79 | 12.49 | 11.75 |
|        90 | 10.43 | 11.54 | 10.58 | 13.19 | 10.83 | 12.28 | 12.31 | 11.85 | 10.97 |  9.67 |  9.54 | 11.51 | 11.46 | 12.40 | 10.99 | 11.06 | 10.08 | 10.40 | 14.29 | 13.43 | 13.49 | 12.17 | 11.31 |  9.04 | 10.20 | 10.74 | 11.70 | 10.31 | 10.54 | 11.71 | 10.41 | 12.47 | 11.77 |  9.87 | 11.01 | 11.21 | 11.99 | 12.98 | 12.36 | 11.80 |
|        96 |  9.50 | 10.18 |  9.09 | 10.47 |  9.54 | 11.49 | 11.26 | 11.32 |  9.88 |  8.67 |  8.95 |  9.68 | 11.22 | 12.05 |  9.31 | 10.31 |  9.34 |  9.83 | 14.08 | 12.00 | 12.82 | 10.91 |  9.80 |  9.30 |  9.11 |  9.66 | 10.46 |  9.48 |  9.16 | 10.87 |  9.67 | 11.01 | 11.28 |  9.56 |  9.78 | 10.60 | 10.47 | 11.83 | 10.39 | 11.09 |
|       102 |  9.31 |  9.56 |  8.75 |  9.85 |  8.57 | 10.90 |  9.92 |  9.34 |  9.47 |  8.77 |  8.84 |  8.90 | 10.68 | 11.65 |  8.37 |  9.74 |  8.82 |  9.97 | 11.09 | 10.48 | 11.93 |  9.46 |  8.84 |  9.37 |  8.60 |  9.73 |  8.55 |  8.97 |  8.75 |  9.67 |  9.83 |  9.87 | 11.59 |  9.70 |  9.88 |  8.92 |  9.01 | 11.55 |  8.45 | 10.10 |
|       108 | 10.52 | 10.23 |  9.34 | 10.32 |  9.02 | 11.36 | 10.36 |  9.42 |  9.01 |  8.99 |  9.22 |  9.82 | 11.20 | 10.39 |  8.02 | 10.36 | 10.15 |  9.64 |  9.98 | 10.65 | 11.15 | 10.37 |  9.70 |  9.99 |  9.68 | 10.23 |  9.81 |  9.66 |  9.93 | 10.62 | 10.43 |  9.64 | 13.08 | 11.40 |  9.07 |  9.67 | 10.13 | 11.44 |  9.34 | 10.13 |
|       114 | 11.92 | 11.39 |  8.79 | 10.41 |  8.83 | 11.47 | 10.19 |  8.39 |  7.61 |  5.68 |  5.10 |  8.33 | 12.34 |  6.93 |  3.53 | 11.15 | 10.24 | 10.82 |  7.67 | 11.81 |  9.98 | 10.05 |  9.54 |  9.62 | 10.34 |  9.79 |  9.19 | 10.15 | 10.04 | 10.40 |  8.66 | 10.31 | 13.20 | 12.16 |  5.78 |  9.36 |  9.89 | 11.62 |  9.14 |  9.40 |
|       120 | 10.98 | 11.12 |  7.99 |  9.30 |  4.87 |  7.48 |  9.60 |  6.10 |  7.26 |  2.88 |  4.23 |  2.77 |  9.21 |  3.19 |  3.41 | 10.49 |  5.34 |  9.80 |  4.89 | 10.93 |  8.16 |  7.71 |  8.88 |  5.83 |  8.93 |  7.44 |  6.43 |  4.81 |  4.15 |  9.90 |  4.36 | 10.39 | 12.03 | 10.20 |  4.93 |  8.25 |  8.29 | 11.25 |  7.31 |  6.80 |
