# variable: Mean Sea Level Pressure
# units: hPa
# 
| fcst_hour |       1 |       2 |       3 |       4 |       5 |       6 |       7 |       8 |       9 |      10 |      11 |      12 |      13 |      14 |      15 |      16 |      17 |      18 |      19 |      20 |      21 |      22 |      23 |      24 |      25 |      26 |      27 |      28 |      29 |      30 |      31 |      32 |      33 |      34 |      35 |      36 |      37 |      38 |      39 |      40 |
|         0 | 1021.51 | 1021.41 | 1020.99 | 1020.81 | 1021.09 | 1021.23 | 1020.57 | 1022.23 | 1020.82 | 1021.24 | 1021.77 | 1020.18 | 1020.59 | 1021.20 | 1020.76 | 1021.45 | 1021.65 | 1020.75 | 1022.02 | 1020.89 | 1021.05 | 1021.59 | 1021.29 | 1021.17 | 1021.27 | 1020.68 | 1021.76 | 1021.30 | 1021.59 | 1021.23 | 1020.66 | 1021.81 | 1021.22 | 1020.93 | 1020.48 | 1020.76 | 1020.63 | 1021.20 | 1021.05 | 1021.15 |
|         1 | 1021.99 | 1021.22 | 1021.34 | 1021.00 | 1021.36 | 1021.20 | 1020.82 | 1022.31 | 1020.87 | 1021.54 | 1021.69 | 1020.31 | 1020.98 | 1021.21 | 1020.86 | 1021.60 | 1021.87 | 1020.90 | 1022.29 | 1021.01 | 1021.18 | 1021.72 | 1021.43 | 1021.32 | 1021.38 | 1021.00 | 1022.09 | 1021.59 | 1021.29 | 1021.12 | 1020.85 | 1021.57 | 1021.51 | 1021.17 | 1020.68 | 1020.64 | 1020.88 | 1021.21 | 1021.16 | 1020.96 |
|         2 | 1022.26 | 1021.49 | 1021.69 | 1021.02 | 1021.74 | 1021.40 | 1020.85 | 1022.61 | 1020.97 | 1021.59 | 1022.24 | 1020.74 | 1021.10 | 1021.14 | 1021.00 | 1021.70 | 1022.04 | 1020.93 | 1022.50 | 1021.30 | 1021.29 | 1022.10 | 1021.45 | 1021.53 | 1021.69 | 1021.03 | 1022.41 | 1021.72 | 1021.49 | 1021.18 | 1021.08 | 1021.84 | 1021.59 | 1021.48 | 1021.02 | 1020.76 | 1021.02 | 1021.26 | 1021.52 | 1021.16 |
|         3 | 1022.24 | 1021.40 | 1021.73 | 1020.93 | 1021.85 | 1021.28 | 1020.85 | 1022.73 | 1020.97 | 1021.37 | 1022.02 | 1020.80 | 1021.05 | 1020.83 | 1021.00 | 1021.58 | 1021.94 | 1021.00 | 1022.20 | 1021.47 | 1020.80 | 1022.22 | 1021.43 | 1021.50 | 1021.85 | 1020.66 | 1022.31 | 1021.78 | 1021.35 | 1020.84 | 1021.00 | 1021.93 | 1021.59 | 1021.24 | 1021.01 | 1020.87 | 1020.84 | 1021.10 | 1021.27 | 1021.23 |
|         4 | 1022.27 | 1021.20 | 1021.56 | 1021.18 | 1021.98 | 1021.37 | 1020.63 | 1022.84 | 1021.00 | 1021.37 | 1021.85 | 1020.97 | 1021.15 | 1021.18 | 1021.25 | 1021.65 | 1021.87 | 1021.01 | 1022.01 | 1021.49 | 1020.89 | 1022.15 | 1021.55 | 1021.51 | 1021.91 | 1020.41 | 1022.01 | 1022.01 | 1021.10 | 1021.20 | 1020.96 | 1022.13 | 1021.51 | 1021.20 | 1020.96 | 1021.03 | 1020.66 | 1021.29 | 1021.45 | 1021.43 |
|         5 | 1022.28 | 1021.36 | 1022.06 | 1021.63 | 1022.44 | 1021.56 | 1020.75 | 1022.96 | 1021.18 | 1021.84 | 1021.96 | 1021.18 | 1021.54 | 1021.42 | 1021.35 | 1021.81 | 1021.99 | 1021.60 | 1022.19 | 1021.64 | 1021.11 | 1022.29 | 1021.92 | 1021.74 | 1021.96 | 1020.77 | 1022.18 | 1022.29 | 1021.22 | 1021.64 | 1021.23 | 1022.02 | 1021.65 | 1021.50 | 1021.35 | 1021.37 | 1021.10 | 1021.70 | 1021.89 | 1021.63 |
|         6 | 1022.43 | 1021.59 | 1022.29 | 1021.90 | 1022.48 | 1021.73 | 1021.12 | 1023.02 | 1021.33 | 1022.41 | 1022.09 | 1021.39 | 1022.07 | 1021.53 | 1021.54 | 1021.96 | 1021.98 | 1022.09 | 1022.47 | 1021.68 | 1021.44 | 1022.50 | 1022.03 | 1021.91 | 1022.12 | 1021.16 | 1022.32 | 1022.53 | 1021.43 | 1021.78 | 1021.74 | 1021.94 | 1021.71 | 1022.05 | 1021.64 | 1021.63 | 1021.41 | 1021.94 | 1022.29 | 1021.80 |
|         7 | 1022.68 | 1022.14 | 1022.81 | 1022.09 | 1022.81 | 1022.09 | 1021.57 | 1023.23 | 1021.81 | 1022.92 | 1022.67 | 1021.84 | 1022.57 | 1021.96 | 1021.92 | 1022.28 | 1022.40 | 1022.61 | 1022.78 | 1021.94 | 1021.70 | 1023.17 | 1022.25 | 1022.27 | 1022.58 | 1022.07 | 1022.72 | 1022.82 | 1021.96 | 1022.23 | 1022.18 | 1022.28 | 1022.09 | 1022.67 | 1022.13 | 1022.43 | 1021.84 | 1022.21 | 1022.74 | 1022.20 |
|         8 | 1023.44 | 1022.64 | 1023.55 | 1022.77 | 1023.36 | 1022.99 | 1022.43 | 1023.97 | 1022.46 | 1023.57 | 1023.43 | 1022.53 | 1023.13 | 1022.75 | 1022.42 | 1022.85 | 1023.25 | 1023.26 | 1023.55 | 1022.18 | 1022.62 | 1024.20 | 1022.52 | 1023.16 | 1023.40 | 1022.78 | 1023.28 | 1023.32 | 1022.84 | 1022.97 | 1022.89 | 1023.33 | 1022.63 | 1022.99 | 1022.84 | 1023.04 | 1022.39 | 1022.73 | 1023.22 | 1023.10 |
|         9 | 1023.74 | 1022.56 | 1023.61 | 1022.79 | 1023.58 | 1023.05 | 1022.16 | 1023.95 | 1022.40 | 1023.23 | 1023.39 | 1022.68 | 1022.80 | 1022.78 | 1022.15 | 1023.00 | 1023.48 | 1023.45 | 1023.41 | 1022.29 | 1022.62 | 1024.15 | 1022.61 | 1023.17 | 1023.42 | 1022.65 | 1023.38 | 1023.76 | 1022.61 | 1023.17 | 1022.81 | 1023.58 | 1022.46 | 1023.04 | 1022.86 | 1023.00 | 1022.16 | 1022.68 | 1023.12 | 1022.85 |
|        10 | 1023.64 | 1022.36 | 1023.44 | 1022.49 | 1023.68 | 1023.03 | 1022.10 | 1023.65 | 1022.34 | 1022.88 | 1023.22 | 1022.85 | 1022.52 | 1022.63 | 1021.79 | 1023.03 | 1023.17 | 1023.41 | 1023.20 | 1022.22 | 1022.58 | 1023.71 | 1022.56 | 1023.12 | 1023.16 | 1022.05 | 1023.25 | 1023.41 | 1022.60 | 1022.69 | 1022.46 | 1023.37 | 1022.27 | 1022.82 | 1022.60 | 1022.53 | 1022.34 | 1022.41 | 1022.88 | 1022.48 |
|        11 | 1022.93 | 1021.48 | 1022.48 | 1021.76 | 1022.88 | 1021.81 | 1021.32 | 1022.54 | 1021.38 | 1022.04 | 1022.33 | 1022.07 | 1022.03 | 1022.18 | 1021.09 | 1022.30 | 1022.29 | 1022.58 | 1022.33 | 1021.91 | 1021.77 | 1022.62 | 1021.79 | 1022.56 | 1022.25 | 1021.07 | 1022.44 | 1022.44 | 1021.86 | 1021.79 | 1021.51 | 1022.50 | 1021.70 | 1021.91 | 1021.61 | 1021.80 | 1021.55 | 1021.35 | 1021.89 | 1021.53 |
|        12 | 1022.21 | 1020.99 | 1021.76 | 1021.12 | 1021.93 | 1021.24 | 1020.82 | 1021.79 | 1020.66 | 1021.35 | 1021.93 | 1021.54 | 1021.68 | 1021.63 | 1020.64 | 1021.61 | 1021.60 | 1021.90 | 1021.81 | 1021.47 | 1021.05 | 1021.94 | 1021.31 | 1022.04 | 1021.71 | 1020.73 | 1021.70 | 1021.73 | 1021.59 | 1021.44 | 1020.78 | 1021.91 | 1021.37 | 1021.37 | 1020.95 | 1021.39 | 1021.17 | 1020.79 | 1021.18 | 1021.05 |
|        13 | 1021.82 | 1020.35 | 1021.14 | 1020.49 | 1021.22 | 1020.64 | 1020.27 | 1021.49 | 1020.34 | 1020.87 | 1021.48 | 1020.87 | 1021.31 | 1021.05 | 1020.31 | 1020.85 | 1021.19 | 1021.48 | 1021.39 | 1020.85 | 1020.46 | 1021.49 | 1020.75 | 1021.43 | 1021.29 | 1020.43 | 1021.19 | 1021.09 | 1020.99 | 1020.99 | 1020.31 | 1021.57 | 1020.87 | 1020.76 | 1020.39 | 1021.00 | 1020.59 | 1020.39 | 1020.57 | 1020.71 |
|        14 | 1021.44 | 1019.94 | 1020.65 | 1020.10 | 1020.69 | 1020.21 | 1019.90 | 1021.34 | 1020.26 | 1020.72 | 1021.07 | 1020.50 | 1020.93 | 1020.59 | 1020.09 | 1020.48 | 1020.70 | 1021.15 | 1021.14 | 1020.38 | 1020.25 | 1021.25 | 1020.54 | 1020.66 | 1020.96 | 1020.37 | 1021.20 | 1020.56 | 1020.65 | 1020.56 | 1019.98 | 1021.16 | 1020.39 | 1020.46 | 1020.26 | 1020.73 | 1020.36 | 1020.35 | 1020.42 | 1020.28 |
|        15 | 1021.32 | 1020.08 | 1020.32 | 1020.15 | 1020.68 | 1020.18 | 1019.82 | 1021.42 | 1020.43 | 1020.64 | 1020.79 | 1020.37 | 1021.06 | 1020.46 | 1020.14 | 1020.55 | 1020.59 | 1020.92 | 1021.28 | 1020.43 | 1020.17 | 1020.93 | 1020.60 | 1020.24 | 1020.77 | 1020.16 | 1021.18 | 1020.29 | 1020.40 | 1020.26 | 1019.86 | 1021.09 | 1020.05 | 1020.21 | 1020.11 | 1020.59 | 1020.15 | 1020.16 | 1020.22 | 1020.20 |
|        16 | 1021.50 | 1020.33 | 1020.51 | 1020.49 | 1020.79 | 1020.25 | 1020.09 | 1021.53 | 1020.59 | 1020.74 | 1020.74 | 1020.61 | 1021.34 | 1020.62 | 1020.37 | 1020.73 | 1020.60 | 1021.03 | 1021.34 | 1020.75 | 1020.36 | 1020.89 | 1020.66 | 1020.33 | 1020.94 | 1020.20 | 1021.41 | 1020.47 | 1020.59 | 1020.47 | 1019.84 | 1021.19 | 1020.08 | 1020.46 | 1020.23 | 1020.84 | 1020.21 | 1020.28 | 1020.44 | 1020.47 |
|        17 | 1022.23 | 1020.84 | 1021.17 | 1021.22 | 1021.28 | 1020.80 | 1020.50 | 1022.00 | 1021.01 | 1021.12 | 1021.24 | 1021.08 | 1021.98 | 1021.11 | 1020.87 | 1021.34 | 1021.12 | 1021.67 | 1021.58 | 1021.09 | 1020.75 | 1021.43 | 1021.29 | 1021.01 | 1021.46 | 1020.73 | 1021.68 | 1021.22 | 1021.13 | 1021.27 | 1020.38 | 1021.50 | 1020.60 | 1021.31 | 1020.60 | 1021.33 | 1020.60 | 1020.69 | 1020.97 | 1021.08 |
|        18 | 1022.76 | 1020.89 | 1021.65 | 1021.63 | 1021.68 | 1021.24 | 1020.67 | 1022.28 | 1021.22 | 1021.52 | 1021.46 | 1021.42 | 1022.23 | 1021.53 | 1021.19 | 1021.78 | 1021.05 | 1022.07 | 1021.56 | 1021.23 | 1021.11 | 1022.00 | 1021.85 | 1021.54 | 1021.87 | 1021.08 | 1022.22 | 1021.70 | 1021.57 | 1021.74 | 1020.80 | 1022.01 | 1021.08 | 1021.93 | 1020.90 | 1021.57 | 1021.13 | 1021.23 | 1021.58 | 1021.43 |
|        19 | 1022.43 | 1020.78 | 1021.46 | 1021.54 | 1021.71 | 1021.09 | 1020.49 | 1022.12 | 1020.96 | 1021.54 | 1021.53 | 1021.37 | 1022.00 | 1021.49 | 1021.10 | 1021.85 | 1020.75 | 1022.06 | 1021.57 | 1021.23 | 1021.23 | 1022.14 | 1021.81 | 1021.46 | 1021.81 | 1021.07 | 1022.12 | 1021.58 | 1021.25 | 1021.60 | 1020.87 | 1022.11 | 1021.15 | 1021.71 | 1020.82 | 1021.57 | 1021.14 | 1021.26 | 1021.44 | 1021.37 |
|        20 | 1022.05 | 1020.67 | 1021.15 | 1021.38 | 1021.59 | 1021.00 | 1020.46 | 1022.01 | 1020.67 | 1021.22 | 1021.50 | 1021.27 | 1022.01 | 1021.15 | 1020.81 | 1021.56 | 1020.79 | 1021.80 | 1021.51 | 1021.15 | 1021.13 | 1022.12 | 1021.56 | 1021.35 | 1021.39 | 1020.98 | 1021.93 | 1021.33 | 1021.01 | 1021.49 | 1020.75 | 1021.82 | 1020.95 | 1021.29 | 1020.74 | 1021.50 | 1020.99 | 1021.20 | 1021.20 | 1021.09 |
|        21 | 1021.80 | 1020.76 | 1020.98 | 1021.35 | 1021.50 | 1020.89 | 1020.41 | 1022.03 | 1020.61 | 1021.17 | 1021.59 | 1021.27 | 1022.15 | 1020.95 | 1020.66 | 1021.21 | 1021.23 | 1021.53 | 1021.63 | 1021.10 | 1021.13 | 1022.01 | 1021.38 | 1021.21 | 1021.36 | 1020.86 | 1021.84 | 1021.46 | 1021.05 | 1021.53 | 1020.90 | 1021.86 | 1020.78 | 1021.33 | 1020.73 | 1021.54 | 1020.62 | 1021.20 | 1021.07 | 1021.12 |
|        22 | 1022.29 | 1021.10 | 1021.27 | 1021.60 | 1021.72 | 1021.15 | 1020.55 | 1022.20 | 1020.97 | 1021.17 | 1021.79 | 1021.57 | 1022.41 | 1021.08 | 1021.10 | 1021.33 | 1021.54 | 1021.81 | 1021.76 | 1021.02 | 1021.44 | 1022.24 | 1021.72 | 1021.56 | 1021.52 | 1021.01 | 1022.14 | 1021.54 | 1021.52 | 1021.81 | 1021.33 | 1022.03 | 1020.83 | 1021.72 | 1020.97 | 1021.73 | 1020.83 | 1021.37 | 1021.25 | 1021.37 |
|        23 | 1022.65 | 1021.21 | 1021.21 | 1021.48 | 1021.62 | 1021.09 | 1020.62 | 1022.12 | 1021.17 | 1021.04 | 1021.56 | 1021.58 | 1022.20 | 1021.39 | 1021.22 | 1021.45 | 1021.32 | 1021.85 | 1021.63 | 1020.95 | 1021.30 | 1022.31 | 1021.85 | 1021.62 | 1021.61 | 1020.96 | 1022.24 | 1021.55 | 1021.68 | 1021.83 | 1021.26 | 1021.94 | 1021.01 | 1021.63 | 1020.84 | 1021.62 | 1020.77 | 1021.31 | 1021.35 | 1021.34 |
|        24 | 1022.71 | 1021.37 | 1021.48 | 1021.58 | 1021.59 | 1021.31 | 1020.88 | 1022.23 | 1021.41 | 1021.19 | 1021.55 | 1021.71 | 1022.13 | 1021.43 | 1021.08 | 1021.65 | 1021.16 | 1022.00 | 1021.79 | 1021.19 | 1021.50 | 1022.37 | 1022.23 | 1021.78 | 1021.73 | 1020.93 | 1022.08 | 1021.76 | 1021.81 | 1021.76 | 1021.23 | 1022.14 | 1021.33 | 1021.93 | 1020.99 | 1021.75 | 1021.14 | 1021.37 | 1021.41 | 1021.47 |
|        25 | 1022.53 | 1021.35 | 1021.45 | 1021.46 | 1021.27 | 1021.17 | 1020.87 | 1022.13 | 1021.28 | 1020.97 | 1021.43 | 1021.46 | 1021.95 | 1021.28 | 1021.01 | 1021.67 | 1021.05 | 1021.63 | 1021.73 | 1021.28 | 1021.33 | 1022.09 | 1021.72 | 1021.59 | 1021.63 | 1020.72 | 1021.76 | 1021.74 | 1021.64 | 1021.41 | 1020.73 | 1021.94 | 1021.26 | 1021.77 | 1021.07 | 1021.43 | 1021.00 | 1021.16 | 1021.10 | 1021.27 |
|        26 | 1022.20 | 1021.46 | 1021.31 | 1021.53 | 1021.27 | 1021.25 | 1021.14 | 1022.12 | 1021.04 | 1020.92 | 1021.72 | 1021.39 | 1022.02 | 1021.35 | 1020.89 | 1021.59 | 1021.28 | 1021.42 | 1021.71 | 1021.37 | 1021.26 | 1022.10 | 1021.51 | 1021.82 | 1021.78 | 1020.70 | 1021.82 | 1021.60 | 1021.56 | 1021.38 | 1020.80 | 1021.88 | 1021.22 | 1021.63 | 1021.07 | 1021.37 | 1021.02 | 1021.12 | 1021.08 | 1021.24 |
|        27 | 1022.24 | 1021.32 | 1021.19 | 1021.74 | 1020.89 | 1021.26 | 1021.29 | 1022.22 | 1020.72 | 1020.82 | 1021.85 | 1021.61 | 1022.33 | 1021.45 | 1020.92 | 1021.76 | 1021.37 | 1021.46 | 1021.54 | 1021.24 | 1021.22 | 1022.13 | 1021.50 | 1021.92 | 1021.86 | 1021.01 | 1021.93 | 1021.61 | 1021.43 | 1021.53 | 1021.05 | 1021.67 | 1021.27 | 1021.62 | 1021.07 | 1021.22 | 1021.13 | 1021.35 | 1021.03 | 1021.28 |
|        28 | 1022.50 | 1021.39 | 1021.34 | 1022.00 | 1020.80 | 1021.24 | 1021.37 | 1022.33 | 1020.55 | 1020.98 | 1021.72 | 1021.74 | 1022.62 | 1021.55 | 1020.86 | 1021.85 | 1021.41 | 1021.64 | 1021.81 | 1021.19 | 1021.31 | 1022.22 | 1021.84 | 1021.96 | 1021.92 | 1021.54 | 1022.29 | 1021.77 | 1021.49 | 1021.40 | 1021.22 | 1021.67 | 1021.47 | 1021.78 | 1021.12 | 1021.06 | 1021.12 | 1021.88 | 1021.32 | 1021.14 |
|        29 | 1022.49 | 1021.12 | 1021.45 | 1022.01 | 1020.57 | 1020.96 | 1021.16 | 1022.22 | 1020.48 | 1020.75 | 1021.79 | 1021.51 | 1022.42 | 1021.58 | 1020.76 | 1021.82 | 1021.14 | 1021.61 | 1021.86 | 1021.16 | 1021.24 | 1022.23 | 1022.04 | 1021.94 | 1021.83 | 1021.43 | 1022.21 | 1021.59 | 1021.70 | 1021.37 | 1021.28 | 1021.21 | 1021.32 | 1021.94 | 1020.87 | 1020.87 | 1021.15 | 1021.94 | 1021.27 | 1020.99 |
|        30 | 1022.58 | 1021.19 | 1021.76 | 1022.12 | 1020.66 | 1021.19 | 1021.20 | 1022.41 | 1020.56 | 1020.87 | 1022.12 | 1021.71 | 1022.52 | 1021.89 | 1020.91 | 1022.06 | 1021.11 | 1021.67 | 1022.25 | 1021.32 | 1021.63 | 1022.54 | 1022.30 | 1022.16 | 1022.01 | 1021.49 | 1022.53 | 1021.82 | 1021.82 | 1021.59 | 1021.40 | 1021.30 | 1021.54 | 1022.04 | 1020.96 | 1021.02 | 1021.18 | 1021.90 | 1021.48 | 1021.04 |
|        31 | 1022.83 | 1021.57 | 1022.01 | 1022.47 | 1021.05 | 1021.57 | 1021.74 | 1022.88 | 1020.95 | 1021.18 | 1022.40 | 1021.99 | 1022.93 | 1022.27 | 1021.40 | 1022.56 | 1021.58 | 1022.04 | 1022.70 | 1021.45 | 1022.09 | 1023.01 | 1022.63 | 1022.60 | 1022.32 | 1021.79 | 1022.81 | 1022.46 | 1022.15 | 1021.99 | 1021.82 | 1021.51 | 1021.85 | 1022.23 | 1021.47 | 1021.43 | 1021.45 | 1022.21 | 1021.88 | 1021.39 |
|        32 | 1023.11 | 1021.81 | 1022.19 | 1022.76 | 1020.99 | 1021.81 | 1022.05 | 1023.51 | 1021.18 | 1021.31 | 1022.32 | 1022.45 | 1023.62 | 1022.44 | 1021.65 | 1022.78 | 1021.84 | 1021.97 | 1023.12 | 1021.38 | 1022.38 | 1023.29 | 1022.87 | 1022.77 | 1022.60 | 1021.82 | 1022.97 | 1022.83 | 1022.26 | 1022.07 | 1022.27 | 1021.96 | 1022.07 | 1022.38 | 1021.99 | 1021.77 | 1021.66 | 1022.51 | 1022.22 | 1021.67 |
|        33 | 1023.49 | 1022.06 | 1022.52 | 1022.98 | 1021.06 | 1022.10 | 1022.43 | 1023.38 | 1021.59 | 1021.37 | 1022.43 | 1022.47 | 1023.59 | 1022.42 | 1021.71 | 1022.59 | 1021.90 | 1022.07 | 1022.97 | 1021.55 | 1022.51 | 1023.86 | 1023.32 | 1023.30 | 1022.94 | 1022.09 | 1023.24 | 1022.97 | 1022.23 | 1022.35 | 1022.18 | 1021.94 | 1022.40 | 1022.79 | 1022.04 | 1022.13 | 1022.06 | 1023.06 | 1022.66 | 1021.96 |
|        34 | 1023.11 | 1021.79 | 1022.26 | 1022.59 | 1021.07 | 1021.80 | 1021.90 | 1023.12 | 1021.16 | 1020.92 | 1022.10 | 1022.16 | 1023.33 | 1022.27 | 1021.36 | 1022.20 | 1021.44 | 1021.75 | 1022.81 | 1021.13 | 1022.14 | 1023.52 | 1023.04 | 1023.06 | 1022.74 | 1021.90 | 1022.84 | 1022.50 | 1021.84 | 1022.09 | 1022.32 | 1021.94 | 1021.95 | 1022.76 | 1021.50 | 1021.91 | 1021.80 | 1022.92 | 1022.30 | 1021.72 |
|        35 | 1022.65 | 1021.65 | 1021.78 | 1022.32 | 1020.64 | 1021.32 | 1021.47 | 1022.61 | 1020.77 | 1020.21 | 1021.91 | 1021.72 | 1022.61 | 1021.67 | 1020.86 | 1021.77 | 1020.93 | 1021.46 | 1022.25 | 1020.54 | 1021.94 | 1022.94 | 1022.44 | 1022.84 | 1022.24 | 1021.32 | 1022.22 | 1021.90 | 1021.40 | 1021.76 | 1022.01 | 1021.70 | 1021.46 | 1022.26 | 1020.79 | 1021.26 | 1021.40 | 1022.38 | 1022.08 | 1021.45 |
|        36 | 1021.78 | 1020.98 | 1020.59 | 1021.61 | 1019.54 | 1020.63 | 1020.67 | 1021.70 | 1019.92 | 1019.16 | 1021.29 | 1020.75 | 1021.85 | 1020.81 | 1020.15 | 1020.84 | 1020.36 | 1020.81 | 1021.37 | 1019.53 | 1021.34 | 1022.02 | 1021.56 | 1022.10 | 1021.25 | 1020.28 | 1021.35 | 1021.16 | 1020.82 | 1020.99 | 1021.32 | 1020.81 | 1020.63 | 1021.74 | 1019.76 | 1020.43 | 1020.64 | 1021.59 | 1021.31 | 1020.60 |
|        37 | 1021.48 | 1020.48 | 1019.90 | 1021.18 | 1018.68 | 1020.04 | 1020.04 | 1021.10 | 1019.19 | 1018.59 | 1020.74 | 1020.12 | 1021.41 | 1020.48 | 1019.57 | 1020.30 | 1019.88 | 1020.22 | 1020.90 | 1018.78 | 1021.02 | 1021.46 | 1020.96 | 1021.48 | 1020.50 | 1019.58 | 1020.97 | 1020.85 | 1020.32 | 1020.57 | 1020.58 | 1020.18 | 1020.29 | 1021.44 | 1018.97 | 1020.08 | 1020.09 | 1021.08 | 1020.88 | 1020.17 |
|        38 | 1021.24 | 1020.14 | 1019.56 | 1020.95 | 1018.23 | 1019.87 | 1019.70 | 1020.73 | 1018.78 | 1018.32 | 1020.25 | 1019.39 | 1021.04 | 1020.26 | 1019.05 | 1020.09 | 1019.32 | 1019.87 | 1020.59 | 1018.36 | 1020.63 | 1021.02 | 1020.61 | 1021.25 | 1020.16 | 1019.33 | 1020.80 | 1020.63 | 1019.77 | 1020.24 | 1020.08 | 1019.68 | 1020.06 | 1021.04 | 1018.63 | 1019.89 | 1019.83 | 1020.94 | 1020.67 | 1019.67 |
|        39 | 1021.42 | 1020.35 | 1019.71 | 1021.30 | 1018.51 | 1020.13 | 1019.80 | 1020.82 | 1018.96 | 1018.26 | 1020.43 | 1019.41 | 1020.96 | 1020.38 | 1019.25 | 1020.21 | 1019.19 | 1019.99 | 1020.80 | 1018.86 | 1020.76 | 1020.94 | 1020.69 | 1021.32 | 1020.41 | 1019.68 | 1020.93 | 1020.90 | 1019.94 | 1020.45 | 1020.03 | 1019.78 | 1020.04 | 1021.23 | 1018.79 | 1019.73 | 1019.94 | 1021.13 | 1020.82 | 1019.68 |
|        40 | 1021.61 | 1020.61 | 1019.76 | 1021.54 | 1018.77 | 1020.57 | 1020.01 | 1021.14 | 1019.27 | 1018.39 | 1020.61 | 1019.75 | 1021.05 | 1020.53 | 1019.31 | 1020.44 | 1019.29 | 1020.14 | 1020.94 | 1019.16 | 1021.10 | 1021.12 | 1020.93 | 1021.56 | 1020.75 | 1019.69 | 1021.16 | 1021.02 | 1019.98 | 1020.64 | 1020.13 | 1019.88 | 1020.21 | 1021.47 | 1019.03 | 1019.90 | 1019.96 | 1021.60 | 1021.09 | 1019.95 |
|        41 | 1022.03 | 1021.12 | 1020.00 | 1022.17 | 1018.84 | 1020.89 | 1020.38 | 1021.54 | 1019.78 | 1018.67 | 1021.10 | 1020.26 | 1021.79 | 1020.91 | 1019.61 | 1020.76 | 1019.67 | 1020.64 | 1021.17 | 1019.47 | 1021.48 | 1021.41 | 1021.47 | 1022.20 | 1021.11 | 1020.08 | 1021.45 | 1021.35 | 1020.48 | 1021.01 | 1020.68 | 1020.20 | 1020.64 | 1022.04 | 1019.31 | 1020.43 | 1020.43 | 1022.14 | 1021.67 | 1020.62 |
|        42 | 1022.34 | 1021.58 | 1020.28 | 1022.58 | 1018.96 | 1021.09 | 1020.74 | 1021.84 | 1019.95 | 1018.95 | 1021.31 | 1020.68 | 1022.45 | 1021.25 | 1019.86 | 1021.07 | 1019.82 | 1021.01 | 1021.42 | 1019.34 | 1021.99 | 1021.60 | 1021.79 | 1022.74 | 1021.24 | 1020.45 | 1022.00 | 1021.63 | 1020.60 | 1021.45 | 1021.08 | 1020.36 | 1021.16 | 1022.46 | 1019.37 | 1020.69 | 1020.78 | 1022.61 | 1022.33 | 1020.80 |
|        43 | 1022.39 | 1021.81 | 1020.75 | 1022.82 | 1018.75 | 1021.21 | 1021.23 | 1021.97 | 1020.18 | 1019.13 | 1021.58 | 1021.00 | 1022.86 | 1021.50 | 1019.90 | 1021.38 | 1020.12 | 1021.32 | 1021.71 | 1019.47 | 1022.17 | 1021.82 | 1021.97 | 1023.23 | 1021.49 | 1020.88 | 1022.27 | 1021.99 | 1020.74 | 1021.69 | 1021.47 | 1020.37 | 1021.48 | 1022.94 | 1019.44 | 1020.91 | 1020.96 | 1022.79 | 1022.57 | 1021.03 |
|        44 | 1022.77 | 1022.19 | 1021.26 | 1023.01 | 1018.71 | 1021.57 | 1021.63 | 1022.25 | 1020.56 | 1019.24 | 1021.76 | 1021.12 | 1023.11 | 1021.78 | 1020.25 | 1021.71 | 1020.39 | 1021.76 | 1022.02 | 1019.83 | 1022.47 | 1022.30 | 1022.36 | 1023.60 | 1021.81 | 1021.24 | 1022.44 | 1022.38 | 1021.07 | 1021.84 | 1021.86 | 1020.41 | 1021.95 | 1023.14 | 1019.38 | 1021.31 | 1021.29 | 1023.00 | 1023.19 | 1021.42 |
|        45 | 1023.20 | 1022.86 | 1021.69 | 1023.45 | 1019.07 | 1022.27 | 1022.25 | 1022.78 | 1021.08 | 1019.65 | 1022.15 | 1021.76 | 1023.57 | 1021.99 | 1020.79 | 1022.11 | 1021.00 | 1022.31 | 1022.58 | 1020.28 | 1022.79 | 1022.78 | 1022.88 | 1024.06 | 1022.35 | 1021.70 | 1023.03 | 1022.77 | 1021.55 | 1022.24 | 1022.34 | 1020.97 | 1022.56 | 1023.65 | 1019.72 | 1021.90 | 1021.71 | 1023.43 | 1023.68 | 1022.02 |
|        46 | 1023.78 | 1023.45 | 1022.03 | 1023.97 | 1019.60 | 1022.55 | 1022.76 | 1023.29 | 1021.64 | 1019.87 | 1022.57 | 1022.29 | 1024.02 | 1022.54 | 1021.15 | 1022.87 | 1021.38 | 1022.71 | 1023.02 | 1020.72 | 1023.14 | 1023.10 | 1023.17 | 1024.36 | 1022.77 | 1021.96 | 1023.50 | 1023.27 | 1022.13 | 1022.49 | 1022.58 | 1021.50 | 1022.91 | 1023.94 | 1020.23 | 1022.42 | 1021.95 | 1023.95 | 1024.02 | 1022.43 |
|        47 | 1023.81 | 1023.56 | 1022.19 | 1024.27 | 1019.95 | 1022.37 | 1022.81 | 1023.50 | 1021.67 | 1019.92 | 1022.52 | 1022.41 | 1023.79 | 1022.74 | 1021.22 | 1023.03 | 1021.31 | 1022.96 | 1023.34 | 1020.98 | 1023.36 | 1022.97 | 1023.27 | 1024.38 | 1022.94 | 1021.97 | 1023.52 | 1023.31 | 1022.40 | 1022.44 | 1022.47 | 1021.70 | 1023.15 | 1024.17 | 1020.27 | 1022.50 | 1021.72 | 1024.04 | 1024.26 | 1022.47 |
|        48 | 1023.89 | 1023.47 | 1022.32 | 1024.40 | 1019.99 | 1022.62 | 1022.84 | 1023.44 | 1021.69 | 1019.98 | 1022.12 | 1022.31 | 1023.91 | 1022.81 | 1021.25 | 1022.95 | 1021.26 | 1023.00 | 1023.37 | 1021.23 | 1023.42 | 1022.90 | 1023.36 | 1024.54 | 1023.16 | 1022.09 | 1023.57 | 1023.32 | 1022.42 | 1022.50 | 1022.56 | 1021.61 | 1023.12 | 1024.29 | 1020.38 | 1022.48 | 1021.66 | 1024.06 | 1024.26 | 1022.53 |
|        51 | 1024.16 | 1024.08 | 1022.70 | 1024.06 | 1019.66 | 1022.82 | 1023.07 | 1023.44 | 1022.23 | 1020.41 | 1022.90 | 1022.46 | 1024.81 | 1022.97 | 1022.16 | 1023.23 | 1021.61 | 1023.29 | 1023.29 | 1021.36 | 1023.59 | 1023.67 | 1023.30 | 1024.85 | 1023.24 | 1022.97 | 1023.72 | 1023.50 | 1022.01 | 1022.55 | 1022.96 | 1021.58 | 1023.71 | 1024.51 | 1020.86 | 1023.25 | 1022.18 | 1024.51 | 1024.92 | 1022.92 |
|        54 | 1025.47 | 1025.32 | 1023.98 | 1025.23 | 1021.12 | 1024.06 | 1024.20 | 1024.92 | 1023.29 | 1021.18 | 1023.81 | 1023.64 | 1026.54 | 1024.28 | 1023.41 | 1024.51 | 1023.06 | 1024.40 | 1024.22 | 1022.48 | 1024.49 | 1024.39 | 1024.25 | 1026.07 | 1024.47 | 1024.31 | 1025.06 | 1024.12 | 1023.32 | 1023.62 | 1023.56 | 1022.93 | 1025.05 | 1025.30 | 1021.77 | 1024.28 | 1023.14 | 1025.36 | 1025.70 | 1024.40 |
|        57 | 1026.29 | 1025.72 | 1024.51 | 1026.27 | 1021.68 | 1024.45 | 1025.57 | 1025.76 | 1023.93 | 1021.74 | 1024.66 | 1024.07 | 1027.97 | 1025.20 | 1023.59 | 1025.68 | 1024.07 | 1025.95 | 1025.42 | 1023.28 | 1025.70 | 1025.61 | 1025.56 | 1026.27 | 1024.86 | 1025.72 | 1025.76 | 1024.94 | 1024.08 | 1024.49 | 1024.79 | 1023.94 | 1026.41 | 1025.73 | 1022.47 | 1025.47 | 1024.61 | 1026.50 | 1026.41 | 1025.61 |
|        60 | 1026.07 | 1025.25 | 1023.58 | 1024.83 | 1021.36 | 1023.93 | 1024.73 | 1024.98 | 1022.97 | 1020.92 | 1024.10 | 1023.57 | 1026.94 | 1024.46 | 1023.13 | 1024.36 | 1023.55 | 1024.25 | 1024.06 | 1022.51 | 1024.31 | 1024.78 | 1023.82 | 1025.07 | 1024.88 | 1024.21 | 1024.13 | 1024.25 | 1023.51 | 1023.26 | 1023.78 | 1022.90 | 1024.89 | 1024.88 | 1022.37 | 1024.19 | 1023.88 | 1025.52 | 1024.87 | 1024.84 |
|        63 | 1024.77 | 1023.99 | 1022.18 | 1022.95 | 1020.43 | 1022.85 | 1023.92 | 1024.10 | 1021.25 | 1019.29 | 1022.86 | 1021.79 | 1025.82 | 1022.96 | 1021.87 | 1022.77 | 1022.42 | 1022.49 | 1022.34 | 1020.93 | 1023.42 | 1023.82 | 1022.65 | 1023.66 | 1023.70 | 1023.20 | 1022.35 | 1022.77 | 1021.99 | 1021.99 | 1022.59 | 1021.93 | 1023.73 | 1023.78 | 1021.41 | 1023.13 | 1023.29 | 1024.20 | 1022.95 | 1023.67 |
|        66 | 1026.45 | 1025.14 | 1022.78 | 1023.79 | 1021.42 | 1023.79 | 1024.92 | 1025.17 | 1022.05 | 1019.69 | 1023.71 | 1022.86 | 1026.70 | 1024.29 | 1023.02 | 1023.76 | 1023.55 | 1023.67 | 1023.10 | 1021.87 | 1024.18 | 1024.52 | 1023.79 | 1024.02 | 1024.86 | 1023.84 | 1023.38 | 1023.37 | 1022.97 | 1023.28 | 1023.74 | 1022.82 | 1024.77 | 1024.57 | 1022.26 | 1024.25 | 1024.96 | 1025.58 | 1023.57 | 1024.34 |
|        69 | 1027.11 | 1025.43 | 1022.79 | 1023.84 | 1021.41 | 1023.69 | 1025.99 | 1025.52 | 1022.46 | 1019.85 | 1024.25 | 1022.83 | 1027.37 | 1024.94 | 1022.99 | 1023.50 | 1024.18 | 1024.55 | 1022.85 | 1021.57 | 1025.17 | 1025.31 | 1024.20 | 1024.09 | 1025.25 | 1024.27 | 1022.93 | 1024.04 | 1022.55 | 1023.44 | 1024.16 | 1023.19 | 1025.14 | 1024.71 | 1022.57 | 1024.95 | 1025.86 | 1025.94 | 1023.34 | 1024.74 |
|        72 | 1027.48 | 1025.57 | 1022.35 | 1023.82 | 1021.48 | 1023.60 | 1026.55 | 1025.84 | 1022.43 | 1019.45 | 1024.20 | 1023.19 | 1027.36 | 1024.91 | 1023.41 | 1023.09 | 1024.51 | 1024.30 | 1023.12 | 1021.81 | 1024.73 | 1025.43 | 1024.62 | 1023.83 | 1025.69 | 1023.91 | 1022.96 | 1023.91 | 1022.47 | 1023.55 | 1023.86 | 1023.14 | 1025.11 | 1024.83 | 1022.71 | 1025.02 | 1026.33 | 1026.55 | 1023.04 | 1024.25 |
|        78 | 1027.83 | 1025.91 | 1019.98 | 1022.74 | 1021.56 | 1023.64 | 1026.82 | 1025.99 | 1022.58 | 1018.92 | 1024.05 | 1023.29 | 1027.57 | 1024.89 | 1023.28 | 1021.73 | 1024.24 | 1024.23 | 1022.57 | 1021.39 | 1024.96 | 1025.63 | 1024.58 | 1022.42 | 1026.12 | 1023.18 | 1022.17 | 1023.13 | 1020.85 | 1023.17 | 1023.09 | 1022.76 | 1025.00 | 1025.20 | 1022.65 | 1025.30 | 1026.29 | 1026.56 | 1022.94 | 1022.45 |
|        84 | 1027.59 | 1025.42 | 1019.53 | 1021.75 | 1021.06 | 1023.68 | 1026.12 | 1026.21 | 1022.27 | 1017.92 | 1025.01 | 1022.12 | 1026.92 | 1024.28 | 1023.27 | 1020.15 | 1024.09 | 1024.67 | 1021.82 | 1020.84 | 1023.73 | 1024.47 | 1023.78 | 1022.62 | 1026.15 | 1021.55 | 1021.65 | 1022.97 | 1020.12 | 1022.79 | 1023.09 | 1020.63 | 1025.01 | 1024.73 | 1022.48 | 1025.51 | 1025.64 | 1026.01 | 1023.02 | 1021.11 |
|        90 | 1026.24 | 1024.13 | 1019.03 | 1019.12 | 1019.88 | 1022.84 | 1024.63 | 1025.76 | 1022.84 | 1016.36 | 1023.90 | 1020.25 | 1025.57 | 1022.67 | 1022.67 | 1018.23 | 1023.87 | 1024.70 | 1019.92 | 1019.16 | 1021.19 | 1022.79 | 1023.14 | 1022.05 | 1025.23 | 1018.74 | 1020.16 | 1022.63 | 1018.57 | 1021.26 | 1022.24 | 1019.31 | 1024.29 | 1024.15 | 1021.53 | 1024.45 | 1023.71 | 1025.01 | 1023.33 | 1018.35 |
|        96 | 1024.85 | 1021.93 | 1015.67 | 1016.31 | 1017.69 | 1021.20 | 1023.24 | 1024.56 | 1022.20 | 1012.45 | 1020.93 | 1018.27 | 1024.01 | 1020.97 | 1020.82 | 1015.01 | 1023.58 | 1023.96 | 1017.10 | 1016.48 | 1016.55 | 1019.77 | 1021.32 | 1020.66 | 1023.27 | 1014.84 | 1017.32 | 1021.41 | 1015.13 | 1018.23 | 1020.00 | 1014.59 | 1022.76 | 1022.16 | 1019.80 | 1023.19 | 1021.07 | 1023.07 | 1021.24 | 1014.30 |
|       102 | 1021.89 | 1019.93 | 1012.64 | 1012.52 | 1015.09 | 1019.02 | 1020.72 | 1022.27 | 1020.04 | 1009.14 | 1017.67 | 1014.82 | 1022.02 | 1018.28 | 1017.85 | 1010.72 | 1021.32 | 1022.75 | 1015.14 | 1013.57 | 1012.10 | 1016.94 | 1018.28 | 1018.40 | 1020.74 | 1011.90 | 1015.66 | 1018.99 | 1011.93 | 1015.61 | 1017.08 | 1008.94 | 1021.55 | 1020.18 | 1016.31 | 1020.50 | 1017.11 | 1020.78 | 1018.30 | 1011.75 |
|       108 | 1018.71 | 1015.89 | 1009.65 | 1008.29 | 1010.90 | 1015.99 | 1017.54 | 1018.53 | 1017.94 | 1006.56 | 1013.34 | 1011.72 | 1018.37 | 1014.69 | 1013.96 | 1008.32 | 1017.44 | 1020.07 | 1011.05 | 1010.57 | 1009.80 | 1013.01 | 1015.68 | 1014.95 | 1017.41 | 1008.65 | 1011.72 | 1015.51 | 1008.58 | 1012.42 | 1014.51 | 1005.34 | 1018.80 | 1017.28 | 1013.05 | 1016.04 | 1013.49 | 1017.16 | 1014.06 | 1008.39 |
|       114 | 1016.06 | 1012.95 | 1007.34 | 1007.76 | 1008.19 | 1012.10 | 1016.37 | 1015.01 | 1016.15 | 1003.68 | 1009.88 | 1008.57 | 1014.99 | 1011.89 | 1010.95 | 1006.60 | 1014.80 | 1016.75 | 1009.22 | 1008.43 | 1008.64 | 1011.20 | 1012.45 | 1013.12 | 1014.98 | 1010.71 | 1009.18 | 1012.14 | 1008.26 | 1013.73 | 1012.57 | 1002.27 | 1016.72 | 1014.56 | 1009.88 | 1012.49 | 1010.94 | 1014.13 | 1011.30 | 1007.94 |
|       120 | 1015.68 | 1013.19 | 1009.74 | 1009.42 | 1007.18 | 1013.39 | 1014.99 | 1014.55 | 1015.78 | 1006.75 | 1010.87 | 1006.70 | 1014.27 | 1009.45 | 1009.56 | 1008.67 | 1013.57 | 1015.80 | 1009.39 | 1011.18 | 1011.85 | 1011.45 | 1010.27 | 1013.73 | 1014.03 | 1012.53 | 1012.78 | 1011.15 | 1008.82 | 1015.80 | 1012.35 | 1003.51 | 1017.00 | 1013.90 | 1009.06 | 1011.93 | 1011.19 | 1014.00 | 1009.63 | 1008.78 |
