# variable: Temperature at 850hPa
# units: degree celsius
# 
| fcst_hour |    1 |    2 |    3 |    4 |     5 |    6 |    7 |    8 |    9 |   10 |    11 |   12 |   13 |   14 |   15 |    16 |   17 |   18 |   19 |   20 |   21 |    22 |   23 |    24 |   25 |    26 |   27 |   28 |   29 |   30 |    31 |    32 |   33 |    34 |    35 |    36 |    37 |    38 |    39 |    40 |
|         0 | 7.81 | 8.23 | 7.79 | 7.53 |  7.48 | 7.95 | 7.91 | 8.01 | 7.86 | 8.13 |  7.60 | 7.95 | 7.77 | 7.68 | 7.55 |  8.01 | 7.87 | 7.88 | 7.63 | 7.58 | 7.22 |  7.65 | 8.30 |  7.08 | 7.83 |  7.78 | 7.73 | 7.67 | 7.55 | 8.22 |  7.84 |  7.73 | 8.04 |  7.81 |  8.01 |  7.52 |  7.92 |  7.68 |  7.84 |  7.92 |
|         1 | 7.72 | 8.08 | 7.71 | 7.45 |  7.44 | 7.84 | 7.97 | 7.94 | 7.85 | 8.09 |  7.57 | 7.87 | 7.74 | 7.65 | 7.51 |  7.95 | 7.87 | 7.80 | 7.67 | 7.60 | 7.28 |  7.54 | 8.20 |  7.06 | 7.76 |  7.67 | 7.83 | 7.73 | 7.56 | 8.18 |  7.82 |  7.79 | 7.96 |  7.95 |  8.08 |  7.48 |  8.00 |  7.72 |  7.86 |  7.87 |
|         2 | 7.70 | 7.95 | 7.49 | 7.39 |  7.36 | 7.68 | 7.92 | 7.93 | 7.71 | 7.95 |  7.54 | 7.82 | 7.65 | 7.60 | 7.43 |  7.84 | 7.71 | 7.73 | 7.57 | 7.48 | 7.26 |  7.40 | 8.18 |  6.95 | 7.66 |  7.59 | 7.81 | 7.75 | 7.45 | 8.15 |  7.79 |  7.83 | 7.90 |  7.97 |  8.09 |  7.35 |  7.89 |  7.71 |  7.79 |  7.76 |
|         3 | 7.61 | 7.84 | 7.36 | 7.37 |  7.29 | 7.57 | 7.90 | 7.84 | 7.55 | 7.80 |  7.53 | 7.76 | 7.55 | 7.43 | 7.33 |  7.77 | 7.60 | 7.57 | 7.45 | 7.43 | 7.25 |  7.30 | 8.15 |  6.87 | 7.61 |  7.50 | 7.79 | 7.75 | 7.38 | 8.09 |  7.73 |  7.85 | 7.81 |  7.91 |  8.07 |  7.22 |  7.77 |  7.70 |  7.76 |  7.59 |
|         4 | 7.55 | 7.77 | 7.27 | 7.34 |  7.22 | 7.53 | 7.89 | 7.79 | 7.45 | 7.70 |  7.53 | 7.71 | 7.43 | 7.23 | 7.24 |  7.72 | 7.48 | 7.40 | 7.31 | 7.38 | 7.21 |  7.23 | 8.10 |  6.83 | 7.58 |  7.44 | 7.71 | 7.79 | 7.35 | 8.06 |  7.69 |  7.87 | 7.71 |  7.83 |  7.99 |  7.11 |  7.65 |  7.69 |  7.71 |  7.46 |
|         5 | 7.55 | 7.75 | 7.25 | 7.29 |  7.13 | 7.53 | 7.85 | 7.78 | 7.43 | 7.65 |  7.51 | 7.65 | 7.37 | 7.18 | 7.15 |  7.66 | 7.41 | 7.36 | 7.18 | 7.35 | 7.14 |  7.16 | 8.01 |  6.79 | 7.58 |  7.40 | 7.62 | 7.83 | 7.36 | 8.03 |  7.63 |  7.87 | 7.68 |  7.75 |  7.85 |  7.05 |  7.56 |  7.66 |  7.64 |  7.40 |
|         6 | 7.51 | 7.78 | 7.30 | 7.28 |  7.16 | 7.54 | 7.79 | 7.78 | 7.41 | 7.65 |  7.50 | 7.57 | 7.39 | 7.35 | 7.14 |  7.63 | 7.42 | 7.51 | 7.10 | 7.36 | 7.10 |  7.15 | 7.94 |  6.77 | 7.55 |  7.41 | 7.63 | 7.81 | 7.38 | 8.00 |  7.61 |  7.84 | 7.64 |  7.71 |  7.74 |  7.03 |  7.54 |  7.64 |  7.57 |  7.41 |
|         7 | 7.44 | 7.88 | 7.37 | 7.37 |  7.35 | 7.61 | 7.80 | 7.88 | 7.45 | 7.72 |  7.55 | 7.60 | 7.49 | 7.63 | 7.24 |  7.67 | 7.56 | 7.77 | 7.11 | 7.43 | 7.14 |  7.29 | 7.92 |  6.84 | 7.57 |  7.44 | 7.76 | 7.82 | 7.42 | 8.00 |  7.66 |  7.91 | 7.64 |  7.82 |  7.77 |  7.14 |  7.62 |  7.74 |  7.60 |  7.50 |
|         8 | 7.48 | 8.00 | 7.44 | 7.53 |  7.53 | 7.83 | 7.91 | 8.04 | 7.60 | 7.83 |  7.76 | 7.81 | 7.68 | 7.83 | 7.46 |  7.78 | 7.76 | 7.98 | 7.19 | 7.54 | 7.31 |  7.58 | 7.93 |  6.99 | 7.72 |  7.52 | 7.86 | 7.88 | 7.47 | 8.01 |  7.73 |  7.99 | 7.68 |  7.99 |  7.97 |  7.33 |  7.87 |  7.91 |  7.78 |  7.64 |
|         9 | 7.66 | 8.11 | 7.52 | 7.69 |  7.68 | 8.09 | 8.06 | 8.21 | 7.73 | 7.97 |  8.03 | 8.09 | 8.01 | 7.91 | 7.73 |  7.94 | 7.91 | 8.14 | 7.31 | 7.71 | 7.56 |  7.87 | 7.99 |  7.17 | 7.97 |  7.64 | 7.94 | 8.04 | 7.61 | 8.04 |  7.86 |  8.12 | 7.72 |  8.18 |  8.24 |  7.56 |  8.20 |  8.09 |  8.03 |  7.78 |
|        10 | 7.81 | 8.24 | 7.62 | 7.84 |  7.80 | 8.21 | 8.19 | 8.43 | 7.75 | 8.10 |  8.32 | 8.35 | 8.21 | 7.97 | 7.95 |  8.10 | 8.01 | 8.23 | 7.47 | 7.89 | 7.79 |  8.05 | 8.11 |  7.42 | 8.22 |  7.77 | 8.10 | 8.21 | 7.87 | 8.13 |  8.02 |  8.28 | 7.81 |  8.32 |  8.48 |  7.76 |  8.48 |  8.23 |  8.20 |  7.93 |
|        11 | 7.95 | 8.37 | 7.59 | 8.02 |  7.96 | 8.27 | 8.27 | 8.56 | 7.86 | 8.22 |  8.52 | 8.31 | 8.08 | 8.01 | 7.88 |  8.18 | 8.09 | 8.21 | 7.65 | 8.09 | 7.81 |  8.09 | 8.30 |  7.35 | 8.40 |  7.96 | 8.25 | 8.32 | 8.15 | 8.24 |  8.16 |  8.41 | 7.88 |  8.35 |  8.48 |  7.82 |  8.64 |  8.23 |  8.25 |  7.95 |
|        12 | 8.29 | 8.34 | 7.87 | 8.31 |  8.16 | 8.00 | 8.55 | 8.46 | 8.37 | 8.41 |  8.57 | 8.62 | 8.14 | 8.22 | 8.16 |  8.31 | 8.21 | 8.33 | 8.10 | 8.48 | 8.10 |  8.38 | 8.48 |  7.54 | 8.53 |  8.19 | 8.21 | 8.43 | 8.34 | 8.47 |  8.49 |  8.50 | 8.17 |  8.43 |  8.62 |  8.19 |  8.61 |  8.37 |  8.45 |  8.36 |
|        13 | 8.59 | 8.67 | 8.24 | 8.59 |  8.41 | 8.07 | 8.79 | 8.72 | 8.63 | 8.58 |  8.82 | 8.87 | 8.45 | 8.50 | 8.45 |  8.59 | 8.48 | 8.65 | 8.40 | 8.77 | 8.22 |  8.48 | 8.71 |  7.85 | 8.73 |  8.47 | 8.63 | 8.65 | 8.54 | 8.70 |  8.69 |  8.81 | 8.36 |  8.57 |  8.84 |  8.46 |  8.64 |  8.74 |  8.86 |  8.52 |
|        14 | 8.78 | 8.92 | 8.50 | 8.81 |  8.64 | 8.33 | 9.06 | 9.01 | 8.89 | 8.81 |  9.03 | 9.13 | 8.88 | 8.73 | 8.71 |  8.90 | 8.78 | 8.93 | 8.68 | 9.01 | 8.38 |  8.71 | 8.97 |  8.13 | 8.93 |  8.64 | 8.98 | 9.00 | 8.76 | 8.97 |  8.97 |  9.12 | 8.59 |  8.78 |  9.10 |  8.80 |  8.81 |  9.08 |  9.23 |  8.83 |
|        15 | 9.02 | 9.11 | 8.69 | 9.02 |  8.83 | 8.62 | 9.28 | 9.34 | 9.12 | 9.05 |  9.32 | 9.30 | 9.19 | 8.94 | 8.93 |  9.17 | 8.98 | 9.19 | 8.95 | 9.18 | 8.64 |  9.00 | 9.26 |  8.51 | 9.13 |  8.76 | 9.00 | 9.41 | 8.96 | 9.19 |  9.15 |  9.30 | 8.68 |  9.03 |  9.20 |  9.07 |  9.12 |  9.31 |  9.46 |  9.06 |
|        16 | 9.28 | 9.29 | 8.76 | 9.21 |  9.05 | 9.02 | 9.48 | 9.50 | 9.35 | 9.23 |  9.45 | 9.48 | 9.25 | 9.13 | 9.18 |  9.33 | 9.15 | 9.42 | 9.15 | 9.29 | 8.94 |  9.27 | 9.53 |  8.77 | 9.29 |  8.87 | 8.94 | 9.58 | 9.17 | 9.28 |  9.33 |  9.37 | 8.79 |  9.21 |  9.27 |  9.18 |  9.36 |  9.32 |  9.80 |  9.22 |
|        17 | 9.38 | 9.39 | 8.78 | 9.34 |  9.17 | 9.25 | 9.52 | 9.41 | 9.45 | 9.17 |  9.46 | 9.52 | 9.15 | 9.21 | 9.43 |  9.34 | 9.20 | 9.60 | 9.23 | 9.29 | 9.33 |  9.42 | 9.71 |  8.77 | 9.35 |  8.92 | 8.89 | 9.53 | 9.27 | 9.22 |  9.44 |  9.29 | 8.72 |  9.31 |  9.20 |  9.17 |  9.41 |  9.21 | 10.04 |  9.18 |
|        18 | 9.23 | 9.39 | 8.61 | 9.30 |  9.06 | 9.28 | 9.42 | 9.09 | 9.33 | 8.90 |  9.47 | 9.44 | 8.93 | 9.06 | 9.36 |  9.16 | 9.08 | 9.67 | 9.12 | 9.12 | 9.49 |  9.32 | 9.70 |  8.51 | 9.19 |  8.86 | 8.69 | 9.39 | 9.36 | 9.00 |  9.30 |  9.15 | 8.48 |  9.32 |  9.05 |  8.96 |  9.35 |  9.04 | 10.00 |  9.04 |
|        19 | 8.96 | 9.27 | 8.29 | 9.11 |  8.89 | 9.22 | 9.26 | 8.79 | 9.02 | 8.63 |  9.37 | 9.28 | 8.62 | 8.80 | 9.02 |  8.79 | 8.86 | 9.52 | 8.86 | 8.89 | 9.39 |  9.06 | 9.50 |  8.17 | 8.92 |  8.73 | 8.41 | 9.10 | 9.46 | 8.68 |  9.00 |  8.90 | 8.19 |  9.27 |  8.79 |  8.59 |  9.19 |  8.91 |  9.77 |  8.80 |
|        20 | 8.57 | 9.19 | 8.02 | 8.83 |  8.70 | 9.06 | 9.10 | 8.59 | 8.72 | 8.47 |  9.12 | 8.94 | 8.38 | 8.64 | 8.70 |  8.50 | 8.64 | 9.20 | 8.51 | 8.68 | 9.19 |  8.78 | 9.21 |  8.04 | 8.70 |  8.54 | 8.32 | 8.74 | 9.39 | 8.61 |  8.73 |  8.59 | 8.02 |  9.14 |  8.62 |  8.24 |  8.95 |  8.77 |  9.37 |  8.46 |
|        21 | 8.23 | 9.21 | 7.95 | 8.54 |  8.60 | 8.68 | 9.02 | 8.51 | 8.46 | 8.47 |  8.79 | 8.64 | 8.37 | 8.63 | 8.70 |  8.43 | 8.54 | 8.91 | 8.23 | 8.52 | 8.97 |  8.58 | 9.01 |  8.17 | 8.60 |  8.41 | 8.48 | 8.44 | 9.22 | 8.78 |  8.68 |  8.54 | 7.98 |  8.98 |  8.70 |  8.13 |  8.71 |  8.63 |  8.97 |  8.26 |
|        22 | 8.18 | 9.22 | 7.97 | 8.34 |  8.60 | 8.35 | 8.99 | 8.53 | 8.27 | 8.49 |  8.54 | 8.67 | 8.49 | 8.76 | 8.87 |  8.39 | 8.53 | 8.87 | 8.16 | 8.53 | 8.74 |  8.50 | 8.88 |  8.23 | 8.61 |  8.50 | 8.65 | 8.37 | 9.11 | 8.79 |  8.69 |  8.68 | 7.97 |  8.85 |  8.75 |  8.22 |  8.61 |  8.64 |  8.80 |  8.32 |
|        23 | 8.36 | 9.08 | 7.90 | 8.32 |  8.61 | 8.31 | 8.84 | 8.58 | 8.23 | 8.42 |  8.43 | 8.75 | 8.52 | 8.87 | 8.91 |  8.39 | 8.43 | 8.95 | 8.18 | 8.80 | 8.51 |  8.49 | 8.85 |  8.05 | 8.66 |  8.43 | 8.53 | 8.40 | 9.06 | 8.61 |  8.63 |  8.73 | 7.89 |  8.78 |  8.65 |  8.27 |  8.70 |  8.69 |  8.80 |  8.44 |
|        24 | 8.39 | 8.92 | 7.67 | 8.40 |  8.67 | 8.47 | 8.60 | 8.59 | 8.28 | 8.26 |  8.51 | 8.71 | 8.38 | 8.87 | 8.75 |  8.39 | 8.20 | 8.88 | 8.22 | 8.91 | 8.36 |  8.54 | 8.79 |  7.79 | 8.61 |  8.08 | 8.30 | 8.40 | 9.00 | 8.43 |  8.41 |  8.62 | 7.81 |  8.69 |  8.56 |  8.17 |  8.81 |  8.65 |  8.82 |  8.39 |
|        25 | 8.21 | 8.80 | 7.50 | 8.41 |  8.70 | 8.62 | 8.40 | 8.39 | 8.27 | 8.11 |  8.58 | 8.59 | 8.14 | 8.76 | 8.58 |  8.28 | 7.92 | 8.78 | 8.19 | 8.83 | 8.32 |  8.54 | 8.60 |  7.63 | 8.42 |  7.75 | 8.11 | 8.47 | 9.00 | 8.27 |  8.17 |  8.42 | 7.84 |  8.52 |  8.45 |  8.08 |  8.77 |  8.55 |  8.75 |  8.22 |
|        26 | 8.01 | 8.72 | 7.53 | 8.30 |  8.50 | 8.63 | 8.27 | 8.12 | 8.23 | 8.07 |  8.57 | 8.43 | 7.97 | 8.63 | 8.48 |  8.15 | 7.67 | 8.75 | 8.14 | 8.80 | 8.31 |  8.55 | 8.46 |  7.57 | 8.27 |  7.67 | 7.93 | 8.66 | 8.96 | 8.18 |  8.11 |  8.27 | 7.88 |  8.37 |  8.48 |  8.07 |  8.61 |  8.46 |  8.60 |  8.06 |
|        27 | 7.99 | 8.65 | 7.67 | 8.18 |  8.38 | 8.51 | 8.23 | 7.93 | 8.19 | 8.07 |  8.48 | 8.40 | 8.05 | 8.67 | 8.41 |  8.19 | 7.54 | 8.80 | 8.12 | 8.80 | 8.24 |  8.55 | 8.41 |  7.56 | 8.36 |  7.71 | 7.79 | 8.75 | 8.92 | 8.21 |  8.15 |  8.23 | 7.85 |  8.42 |  8.59 |  8.02 |  8.42 |  8.39 |  8.46 |  7.94 |
|        28 | 8.03 | 8.61 | 7.61 | 8.17 |  8.41 | 8.42 | 8.15 | 7.83 | 8.14 | 7.99 |  8.37 | 8.45 | 8.16 | 8.83 | 8.35 |  8.11 | 7.51 | 8.84 | 8.07 | 8.77 | 8.20 |  8.51 | 8.50 |  7.50 | 8.60 |  7.70 | 7.77 | 8.71 | 8.77 | 8.27 |  8.15 |  8.25 | 7.72 |  8.54 |  8.64 |  7.85 |  8.32 |  8.40 |  8.47 |  7.88 |
|        29 | 7.99 | 8.56 | 7.23 | 8.28 |  8.36 | 8.34 | 8.03 | 7.80 | 8.10 | 7.76 |  8.22 | 8.47 | 7.92 | 8.80 | 8.27 |  7.86 | 7.57 | 8.89 | 8.05 | 8.71 | 8.17 |  8.51 | 8.68 |  7.45 | 8.68 |  7.55 | 7.73 | 8.69 | 8.36 | 8.23 |  8.09 |  8.18 | 7.59 |  8.49 |  8.48 |  7.68 |  8.24 |  8.31 |  8.43 |  7.79 |
|        30 | 7.88 | 8.40 | 6.90 | 8.19 |  8.19 | 8.25 | 7.92 | 7.80 | 7.92 | 7.43 |  8.04 | 8.46 | 7.60 | 8.70 | 8.12 |  7.79 | 7.54 | 8.86 | 8.02 | 8.57 | 7.98 |  8.47 | 8.70 |  7.34 | 8.53 |  7.38 | 7.70 | 8.60 | 7.89 | 8.09 |  7.93 |  7.99 | 7.49 |  8.15 |  8.21 |  7.50 |  8.06 |  8.16 |  8.18 |  7.67 |
|        31 | 7.76 | 8.28 | 6.87 | 7.98 |  8.04 | 8.17 | 7.85 | 7.85 | 7.55 | 7.28 |  7.88 | 8.35 | 7.37 | 8.72 | 8.04 |  7.98 | 7.38 | 8.77 | 7.85 | 8.42 | 7.76 |  8.28 | 8.53 |  7.28 | 8.30 |  7.28 | 7.72 | 8.54 | 7.47 | 7.95 |  7.68 |  7.84 | 7.44 |  7.82 |  8.06 |  7.35 |  7.84 |  8.11 |  7.92 |  7.55 |
|        32 | 7.68 | 8.23 | 7.00 | 7.77 |  7.92 | 8.12 | 7.76 | 7.87 | 7.23 | 7.47 |  7.80 | 8.19 | 7.23 | 8.76 | 7.96 |  8.22 | 7.26 | 8.67 | 7.71 | 8.20 | 7.64 |  8.20 | 8.26 |  7.38 | 8.29 |  7.25 | 7.91 | 8.52 | 7.10 | 7.81 |  7.54 |  7.78 | 7.42 |  7.70 |  8.05 |  7.33 |  7.79 |  8.05 |  7.73 |  7.54 |
|        33 | 7.65 | 8.23 | 7.16 | 7.62 |  7.88 | 8.13 | 7.80 | 7.78 | 7.13 | 7.80 |  7.75 | 8.11 | 7.28 | 8.70 | 7.94 |  8.46 | 7.26 | 8.40 | 7.70 | 7.82 | 7.63 |  8.30 | 8.06 |  7.55 | 8.55 |  7.36 | 8.19 | 8.32 | 6.97 | 7.60 |  7.54 |  7.80 | 7.43 |  7.77 |  8.26 |  7.49 |  7.79 |  8.02 |  7.58 |  7.50 |
|        34 | 7.60 | 8.18 | 7.24 | 7.61 |  7.86 | 8.20 | 7.96 | 7.68 | 7.26 | 8.03 |  7.79 | 8.05 | 7.40 | 8.33 | 7.93 |  8.43 | 7.28 | 7.71 | 7.75 | 7.35 | 7.71 |  8.35 | 8.02 |  7.79 | 8.56 |  7.52 | 8.45 | 7.68 | 7.01 | 7.28 |  7.57 |  7.87 | 7.45 |  7.81 |  8.60 |  7.68 |  7.63 |  8.10 |  7.55 |  7.35 |
|        35 | 7.57 | 7.79 | 6.72 | 7.60 |  7.70 | 8.17 | 7.04 | 7.77 | 7.32 | 7.17 |  7.82 | 7.99 | 6.86 | 7.59 | 7.89 |  6.91 | 6.84 | 7.13 | 7.77 | 7.03 | 7.84 |  8.20 | 8.00 |  7.92 | 7.99 |  7.41 | 8.60 | 7.18 | 6.96 | 6.98 |  7.50 |  8.00 | 6.73 |  7.76 |  8.71 |  6.97 |  7.62 |  7.89 |  7.66 |  7.29 |
|        36 | 7.32 | 7.96 | 6.74 | 7.87 |  7.25 | 7.76 | 7.75 | 7.63 | 7.43 | 7.37 |  7.61 | 7.48 | 7.02 | 7.60 | 7.93 |  7.53 | 7.16 | 7.02 | 7.69 | 7.22 | 8.00 |  8.00 | 7.78 |  7.26 | 7.59 |  7.23 | 7.71 | 7.31 | 6.64 | 6.99 |  7.72 |  8.23 | 7.12 |  7.98 |  8.18 |  7.43 |  7.41 |  7.63 |  7.77 |  7.46 |
|        37 | 7.51 | 8.12 | 7.22 | 7.99 |  7.35 | 8.26 | 8.34 | 7.83 | 7.67 | 8.07 |  7.57 | 7.58 | 7.36 | 7.72 | 8.06 |  7.56 | 7.48 | 6.86 | 7.84 | 7.25 | 7.97 |  8.24 | 7.83 |  7.85 | 7.70 |  7.58 | 8.13 | 7.27 | 6.55 | 7.03 |  7.86 |  8.45 | 7.69 |  8.17 |  8.23 |  7.71 |  7.01 |  7.97 |  7.57 |  7.79 |
|        38 | 7.87 | 8.08 | 7.37 | 8.24 |  7.68 | 8.60 | 8.22 | 8.05 | 8.00 | 8.23 |  7.84 | 7.90 | 7.60 | 7.71 | 7.97 |  7.79 | 7.61 | 6.82 | 8.20 | 7.26 | 8.15 |  8.17 | 7.96 |  8.17 | 7.81 |  7.79 | 8.51 | 7.19 | 6.79 | 7.18 |  8.04 |  8.44 | 7.88 |  8.13 |  8.55 |  7.90 |  6.98 |  8.24 |  7.29 |  7.96 |
|        39 | 8.00 | 7.78 | 7.54 | 8.38 |  7.93 | 8.63 | 8.03 | 8.25 | 8.16 | 8.08 |  8.18 | 7.99 | 7.68 | 7.51 | 7.51 |  7.94 | 7.64 | 6.88 | 8.56 | 7.09 | 8.43 |  8.15 | 8.14 |  8.01 | 7.73 |  8.02 | 8.61 | 7.21 | 6.63 | 7.06 |  8.46 |  8.41 | 7.87 |  7.81 |  8.77 |  8.02 |  6.88 |  8.30 |  6.92 |  8.22 |
|        40 | 8.05 | 7.65 | 7.66 | 8.40 |  8.06 | 8.70 | 7.88 | 8.29 | 8.24 | 7.96 |  8.33 | 8.08 | 7.62 | 7.94 | 7.23 |  7.61 | 7.48 | 6.73 | 8.73 | 6.93 | 8.61 |  7.72 | 8.20 |  7.83 | 7.47 |  8.35 | 8.45 | 7.04 | 6.37 | 6.83 |  8.43 |  8.28 | 7.68 |  7.43 |  8.92 |  7.99 |  6.90 |  8.36 |  6.91 |  8.37 |
|        41 | 8.00 | 7.37 | 7.58 | 8.36 |  8.04 | 8.64 | 7.67 | 8.21 | 8.22 | 7.77 |  8.30 | 8.06 | 7.63 | 8.35 | 7.23 |  7.56 | 7.38 | 6.51 | 8.73 | 6.93 | 8.59 |  7.70 | 8.22 |  7.84 | 7.47 |  8.47 | 8.53 | 6.80 | 6.43 | 6.53 |  8.01 |  8.17 | 7.61 |  7.35 |  9.02 |  7.73 |  6.95 |  8.42 |  6.87 |  8.24 |
|        42 | 7.78 | 7.31 | 7.51 | 8.35 |  7.87 | 8.33 | 7.49 | 8.06 | 8.10 | 7.49 |  8.19 | 7.93 | 7.46 | 8.03 | 7.21 |  7.38 | 7.29 | 6.29 | 8.66 | 6.94 | 8.35 |  7.65 | 8.22 |  7.81 | 7.40 |  8.16 | 8.49 | 6.80 | 6.41 | 6.37 |  7.42 |  8.04 | 7.55 |  6.96 |  8.96 |  7.42 |  6.81 |  8.38 |  6.83 |  7.92 |
|        43 | 7.39 | 7.27 | 7.38 | 8.26 |  7.62 | 7.88 | 7.23 | 7.83 | 7.95 | 7.23 |  8.02 | 7.68 | 7.16 | 8.03 | 7.34 |  7.07 | 7.12 | 5.94 | 8.51 | 6.90 | 8.01 |  7.62 | 8.20 |  7.69 | 7.31 |  7.82 | 8.32 | 6.76 | 6.18 | 6.36 |  7.42 |  7.97 | 7.50 |  7.01 |  8.85 |  7.12 |  6.61 |  8.20 |  6.87 |  7.63 |
|        44 | 6.92 | 6.99 | 7.18 | 8.12 |  7.33 | 7.83 | 7.13 | 7.50 | 7.95 | 6.91 |  7.81 | 7.45 | 6.94 | 7.90 | 7.31 |  7.11 | 6.99 | 5.75 | 8.30 | 6.77 | 7.66 |  7.55 | 8.14 |  7.50 | 7.24 |  7.70 | 8.22 | 6.51 | 6.02 | 6.33 |  7.53 |  7.76 | 7.41 |  7.45 |  8.74 |  6.95 |  6.39 |  7.95 |  6.88 |  7.31 |
|        45 | 6.72 | 6.76 | 7.08 | 8.02 |  7.15 | 7.63 | 7.29 | 7.23 | 7.92 | 6.78 |  7.70 | 7.26 | 6.84 | 7.73 | 7.05 |  6.99 | 7.06 | 5.80 | 8.17 | 6.54 | 7.48 |  7.36 | 8.08 |  7.32 | 7.17 |  7.67 | 8.25 | 6.18 | 5.91 | 6.23 |  7.57 |  7.62 | 7.35 |  7.55 |  8.65 |  6.90 |  6.11 |  7.73 |  6.75 |  6.88 |
|        46 | 6.71 | 6.72 | 7.07 | 7.90 |  7.16 | 7.46 | 7.50 | 7.01 | 7.98 | 7.09 |  7.72 | 7.15 | 6.76 | 7.75 | 6.77 |  6.90 | 7.26 | 6.12 | 8.01 | 6.33 | 7.36 |  7.22 | 7.99 |  7.43 | 7.04 |  7.66 | 8.21 | 5.99 | 5.75 | 6.09 |  7.55 |  7.38 | 7.33 |  7.28 |  8.55 |  6.89 |  5.94 |  7.69 |  6.51 |  6.94 |
|        47 | 6.92 | 6.59 | 7.05 | 7.74 |  7.31 | 7.28 | 7.55 | 6.86 | 8.26 | 7.38 |  7.73 | 7.05 | 6.69 | 7.42 | 6.54 |  6.98 | 7.22 | 6.50 | 7.86 | 6.42 | 7.24 |  7.11 | 7.91 |  7.57 | 6.91 |  7.67 | 8.18 | 5.96 | 5.67 | 5.97 |  7.36 |  7.08 | 7.35 |  6.95 |  8.38 |  6.93 |  5.87 |  7.70 |  6.22 |  7.13 |
|        48 | 7.05 | 6.39 | 7.09 | 7.61 |  7.32 | 7.11 | 7.36 | 6.79 | 8.47 | 7.30 |  7.72 | 6.88 | 6.74 | 7.05 | 6.46 |  6.76 | 7.00 | 6.98 | 7.84 | 6.59 | 6.92 |  7.10 | 7.89 |  7.51 | 6.82 |  7.75 | 8.19 | 5.90 | 5.70 | 5.93 |  7.15 |  7.15 | 7.37 |  6.52 |  8.24 |  7.11 |  5.84 |  7.68 |  6.12 |  7.40 |
|        51 | 7.01 | 6.04 | 6.85 | 7.23 |  7.16 | 6.77 | 6.47 | 6.51 | 8.21 | 6.53 |  7.68 | 6.78 | 6.81 | 6.46 | 6.21 |  6.62 | 6.67 | 6.68 | 8.03 | 6.29 | 6.98 |  7.18 | 7.85 |  7.03 | 6.46 |  7.71 | 8.22 | 5.88 | 5.84 | 5.80 |  6.91 |  7.05 | 7.30 |  5.93 |  7.96 |  7.08 |  5.71 |  7.47 |  6.32 |  7.43 |
|        54 | 6.47 | 6.03 | 6.48 | 7.10 |  7.05 | 6.62 | 6.71 | 6.39 | 7.68 | 6.16 |  7.44 | 6.57 | 6.10 | 6.61 | 6.45 |  6.10 | 6.42 | 6.27 | 7.57 | 6.52 | 6.99 |  6.95 | 7.67 |  6.03 | 6.38 |  7.45 | 8.10 | 5.76 | 6.14 | 5.66 |  6.36 |  6.45 | 7.12 |  5.61 |  7.62 |  7.01 |  5.22 |  7.36 |  6.05 |  6.25 |
|        57 | 6.40 | 6.02 | 6.61 | 7.14 |  7.04 | 6.12 | 7.11 | 6.01 | 7.55 | 6.05 |  7.32 | 6.63 | 6.26 | 6.42 | 6.55 |  6.08 | 6.53 | 6.27 | 6.92 | 6.43 | 6.71 |  6.86 | 7.47 |  5.79 | 6.21 |  7.14 | 7.91 | 6.09 | 5.80 | 6.00 |  6.79 |  6.81 | 7.31 |  6.15 |  7.37 |  6.72 |  5.14 |  7.38 |  5.64 |  6.23 |
|        60 | 6.50 | 6.24 | 7.75 | 7.37 |  7.26 | 6.23 | 7.49 | 6.22 | 8.01 | 6.02 |  7.70 | 7.50 | 6.88 | 7.08 | 7.02 |  5.89 | 6.75 | 6.78 | 7.06 | 6.61 | 7.30 |  7.39 | 7.76 |  6.39 | 6.33 |  7.26 | 7.95 | 6.35 | 6.05 | 6.15 |  7.18 |  7.12 | 7.60 |  6.86 |  7.33 |  6.99 |  5.94 |  7.72 |  6.44 |  6.69 |
|        63 | 7.10 | 6.39 | 8.03 | 7.53 |  7.71 | 6.69 | 7.67 | 6.81 | 7.89 | 5.91 |  8.01 | 8.06 | 7.31 | 7.37 | 7.26 |  5.99 | 6.56 | 6.97 | 7.45 | 7.23 | 7.76 |  7.61 | 7.89 |  6.83 | 6.80 |  7.26 | 8.25 | 6.37 | 6.36 | 6.62 |  8.14 |  7.36 | 7.86 |  6.96 |  7.57 |  7.42 |  6.27 |  8.31 |  7.02 |  6.87 |
|        66 | 7.06 | 6.59 | 7.36 | 6.93 |  7.63 | 6.63 | 7.15 | 6.71 | 7.58 | 5.31 |  8.41 | 7.99 | 7.23 | 7.90 | 7.56 |  5.78 | 6.50 | 6.80 | 7.40 | 6.99 | 7.77 |  7.48 | 7.56 |  6.16 | 6.79 |  6.38 | 7.98 | 6.52 | 6.44 | 7.27 |  8.23 |  7.35 | 7.13 |  7.36 |  7.13 |  7.43 |  6.57 |  8.12 |  6.73 |  6.64 |
|        69 | 6.27 | 6.59 | 6.88 | 6.70 |  6.36 | 6.42 | 7.08 | 6.14 | 6.87 | 4.57 |  8.12 | 7.87 | 6.48 | 7.35 | 7.35 |  5.07 | 5.78 | 6.61 | 7.19 | 6.30 | 7.65 |  6.66 | 7.36 |  5.11 | 6.58 |  6.27 | 7.09 | 6.23 | 6.12 | 7.13 |  8.82 |  7.12 | 6.72 |  7.58 |  6.61 |  7.12 |  6.36 |  8.09 |  6.14 |  5.91 |
|        72 | 6.23 | 6.36 | 6.58 | 6.15 |  5.95 | 6.51 | 6.93 | 5.69 | 6.86 | 4.33 |  8.18 | 7.53 | 6.30 | 7.47 | 7.51 |  4.62 | 4.91 | 6.25 | 7.61 | 6.01 | 7.23 |  6.77 | 7.23 |  4.60 | 6.18 |  6.04 | 6.24 | 6.43 | 6.19 | 7.19 |  8.59 |  6.96 | 6.36 |  7.58 |  6.17 |  7.32 |  6.45 |  7.77 |  5.64 |  5.00 |
|        78 | 6.23 | 6.19 | 4.82 | 5.20 |  5.50 | 6.56 | 6.29 | 4.68 | 4.98 | 3.87 |  8.63 | 6.31 | 5.48 | 7.41 | 7.87 |  4.26 | 3.80 | 6.67 | 7.05 | 4.40 | 6.64 |  6.33 | 6.39 |  3.67 | 5.88 |  5.10 | 5.04 | 5.94 | 5.36 | 7.82 |  8.86 |  5.87 | 5.46 |  7.94 |  5.21 |  6.58 |  6.38 |  7.19 |  3.28 |  3.71 |
|        84 | 6.82 | 6.41 | 4.40 | 5.41 |  6.02 | 6.52 | 7.08 | 4.05 | 4.23 | 4.28 |  9.72 | 7.14 | 5.54 | 8.26 | 6.40 |  4.82 | 3.97 | 6.31 | 6.68 | 4.95 | 6.75 |  5.65 | 6.10 |  4.25 | 6.15 |  5.54 | 4.88 | 6.14 | 5.16 | 8.22 |  9.17 |  5.25 | 5.29 |  7.12 |  5.78 |  7.05 |  6.20 |  7.12 |  3.02 |  3.98 |
|        90 | 7.57 | 6.87 | 4.19 | 5.95 |  6.96 | 7.62 | 7.49 | 4.82 | 4.23 | 4.61 |  9.23 | 7.29 | 7.10 | 8.52 | 7.15 |  5.60 | 4.56 | 7.53 | 6.30 | 5.94 | 6.72 |  5.14 | 5.31 |  4.86 | 6.00 |  6.67 | 6.07 | 6.36 | 4.99 | 7.34 |  9.04 |  5.47 | 5.12 |  6.92 |  6.55 |  8.42 |  7.00 |  7.42 |  3.61 |  4.59 |
|        96 | 7.25 | 6.60 | 3.85 | 5.49 |  8.39 | 7.14 | 7.24 | 4.23 | 3.51 | 4.49 |  8.93 | 8.05 | 6.91 | 8.16 | 6.53 |  5.59 | 4.65 | 6.51 | 6.02 | 5.29 | 6.70 |  5.42 | 4.21 |  5.45 | 2.23 |  6.85 | 6.36 | 5.91 | 4.30 | 7.19 | 10.19 |  5.37 | 4.78 |  8.28 |  7.95 | 10.41 |  7.77 |  7.02 |  6.14 |  4.24 |
|       102 | 7.25 | 6.28 | 5.08 | 5.37 |  8.58 | 6.93 | 6.86 | 4.32 | 1.93 | 4.37 |  9.83 | 7.77 | 7.22 | 7.84 | 8.20 |  6.64 | 5.76 | 7.46 | 5.52 | 5.42 | 6.35 |  6.43 | 5.24 |  6.28 | 1.40 |  6.65 | 6.58 | 6.71 | 3.54 | 7.48 | 11.24 |  7.72 | 5.76 |  9.90 | 10.06 | 11.52 |  9.64 |  8.01 |  5.30 |  6.49 |
|       108 | 7.63 | 7.81 | 7.08 | 6.12 | 11.44 | 7.34 | 8.33 | 6.13 | 1.68 | 4.84 | 10.08 | 7.82 | 9.10 | 8.42 | 4.19 |  9.87 | 8.26 | 9.65 | 7.88 | 6.60 | 6.95 |  8.46 | 8.75 |  8.94 | 2.87 |  8.80 | 7.45 | 7.82 | 5.62 | 7.96 | 12.49 |  9.91 | 8.83 | 11.65 | 12.42 | 12.76 | 12.13 | 10.91 |  4.90 |  8.50 |
|       114 | 8.62 | 7.88 | 7.70 | 6.91 | 12.02 | 8.12 | 8.18 | 7.15 | 1.85 | 5.94 | 11.10 | 8.93 | 9.84 | 8.87 | 4.19 | 10.56 | 9.60 | 9.67 | 7.48 | 7.36 | 7.75 |  8.81 | 7.60 | 10.40 | 4.10 | 10.02 | 8.88 | 5.58 | 5.99 | 6.74 | 12.11 | 10.06 | 7.58 | 11.94 | 12.22 | 12.53 | 12.51 | 11.75 |  7.08 |  9.89 |
|       120 | 7.23 | 6.80 | 7.72 | 6.22 | 12.81 | 7.89 | 8.22 | 6.36 | 2.91 | 5.31 | 11.87 | 8.23 | 9.04 | 8.32 | 4.09 |  8.70 | 8.77 | 9.87 | 7.49 | 8.18 | 7.57 | 10.10 | 6.76 | 11.47 | 4.10 |  8.93 | 7.66 | 4.18 | 6.27 | 5.61 | 12.48 |  9.99 | 8.95 | 12.32 | 11.54 | 13.22 | 12.75 | 12.24 |  6.50 | 12.35 |
