# variable: Total Cloud Cover
# units: percent
# 
| fcst_hour |      1 |      2 |      3 |      4 |      5 |      6 |      7 |      8 |      9 |     10 |     11 |    12 |     13 |     14 |     15 |     16 |     17 |     18 |     19 |     20 |     21 |     22 |     23 |     24 |     25 |     26 |     27 |     28 |     29 |     30 |     31 |     32 |     33 |     34 |     35 |     36 |     37 |     38 |     39 |     40 |
|         0 |   4.97 |   0.21 |  16.09 |      0 |  24.23 |   2.68 |  10.84 |      0 |  46.84 |  18.44 |   1.23 | 44.97 |   6.02 |  30.06 |   6.41 |      0 |   9.71 |  11.44 |   7.36 |  54.46 |  37.49 |      0 |  79.30 |      0 |  21.25 |      0 |      0 |  19.21 |  27.28 |   9.89 |      0 |   5.12 |  19.79 |  61.54 | 100.00 |   8.30 |   6.47 |  57.82 |   9.27 |  56.69 |
|         1 |   6.12 |   2.50 |  24.89 |   5.20 |  35.56 |   9.66 |  16.80 |   5.04 |  51.85 |  41.31 |  14.03 | 45.58 |   5.75 |  32.97 |  24.61 |   2.82 |   5.57 |   4.10 |  32.81 |  64.40 |  20.85 |      0 |  28.62 |      0 |  15.73 |      0 |      0 |  39.61 |  40.47 |   8.12 |      0 |  10.12 |  41.93 |  63.28 |  10.80 |  18.80 |  21.62 |  68.50 |  18.52 |  41.08 |
|         2 |  13.66 |   9.25 |  35.31 |  19.44 |  45.01 |  68.69 |  34.90 |  23.76 |  60.39 |  64.06 |  24.38 | 53.20 |  29.17 |  36.61 |  45.48 |   5.94 |  14.98 |   1.12 |  53.43 |  77.83 |  39.61 |  22.33 |  36.40 |   6.46 |   9.46 |  26.91 |   2.28 |  50.51 |  60.09 |  13.71 |   8.30 |  23.83 |  65.11 |  65.04 |  43.84 |  26.95 |  38.90 |  75.09 |  33.24 |  39.55 |
|         3 |  23.22 |  34.40 |  42.80 |  29.75 |  50.49 |  95.23 |  30.63 |  37.79 |  72.68 |  80.99 |  29.33 | 58.52 |  41.14 |  52.80 |  49.22 |   1.96 |  18.65 |   1.74 |  58.22 |  83.78 |  54.39 |  28.64 |  42.60 |  27.62 |  24.07 |  40.90 |  13.41 |  54.74 |  66.76 |  16.20 |  20.78 |  33.77 |  83.38 |  73.86 |  58.39 |  37.29 |  46.17 |  79.23 |  45.71 |  40.70 |
|         4 |  23.76 |  63.94 |  51.93 |  27.77 |  38.46 |  66.25 |  39.22 |  36.40 |  76.69 |  67.28 |  20.54 | 41.27 |  33.09 |  74.09 |  31.99 |  12.92 |  37.03 |  12.03 |  39.53 |  72.08 |  55.80 |  28.81 |  59.94 |  47.28 |  71.79 |  33.32 |  16.00 |  53.90 |  58.19 |  21.31 |  15.50 |  29.90 |  88.92 |  78.78 |  53.93 |  50.03 |  43.39 |  73.34 |  45.66 |  43.43 |
|         5 |  25.74 |  74.38 |  36.08 |   9.19 |  21.08 |  68.60 |  27.47 |  35.39 |  71.78 |  45.49 |   2.93 |  8.24 |  15.21 |  43.24 |   3.18 |   9.43 |  48.61 |  11.68 |  25.00 |  56.71 |  32.27 |  18.19 |  50.06 |  39.59 |  82.22 |  22.80 |  15.40 |  48.32 |  31.96 |  25.28 |  31.39 |  20.02 |  50.40 |  69.95 |  31.61 |  42.21 |  17.03 |  66.79 |  28.58 |  25.01 |
|         6 |      0 |  48.73 |   6.15 |   9.63 |  12.75 |  31.94 |  21.51 |   5.99 |   5.80 |  37.63 |   0.29 |  5.43 |   1.67 |   7.68 |   2.60 |   2.85 |  46.94 |   6.71 |  14.00 |  38.44 |   5.46 |   8.79 |   2.18 |  62.25 |  59.75 |  14.02 |  13.40 |  34.07 |  17.58 |  15.16 |  39.76 |  30.89 |   1.07 |  50.86 |  41.04 |  35.79 |   0.76 |  58.90 |  19.99 |   2.47 |
|         7 |      0 |  39.23 |      0 |  24.98 |  16.25 |   9.41 |  15.96 |   2.34 |      0 |   4.57 |      0 |  1.92 |   0.30 |   2.58 |   5.48 |      0 |   0.97 |   3.31 |   7.82 |  10.35 |      0 |   9.24 |      0 |  69.81 |  35.12 |   4.47 |   1.15 |   7.52 |   2.33 |  21.19 |  35.19 |  23.47 |   2.64 |      0 |  35.95 |   3.11 |   0.18 |  10.86 |  41.49 |  12.03 |
|         8 |      0 |  22.86 |      0 |  17.58 |   3.18 |   1.97 |  14.21 |   0.62 |      0 |   0.37 |      0 |  0.49 |   4.80 |   1.77 |   1.28 |      0 |   6.74 |   9.78 |   5.66 |   9.36 |      0 |   8.79 |      0 |   6.08 |  80.06 |   2.64 |      0 |      0 |      0 |  20.11 |  30.26 |  13.12 |   2.42 |      0 |  24.56 |   8.85 |   0.45 |      0 |  80.99 |   7.11 |
|         9 |      0 |  36.23 |      0 |  43.25 |   0.68 |      0 |  22.76 |      0 |      0 |      0 |      0 |  0.23 |  12.01 |      0 |   0.95 |   1.46 |  16.30 |   8.40 |   9.00 |  14.85 |      0 |   2.24 |      0 |      0 | 100.00 |      0 |      0 |      0 |      0 |   7.48 |   8.68 |   4.51 |   1.44 |      0 |  11.73 |   1.43 |      0 |      0 | 100.00 |      0 |
|        10 |   3.13 |  39.30 |      0 |  12.36 |      0 |   7.69 |  13.77 |      0 |      0 |   1.20 |      0 |     0 |   7.66 |      0 |   7.24 |   0.82 |   0.53 |   7.05 |  21.31 |  12.41 |  10.93 |      0 |      0 |      0 |  47.58 |      0 |   3.60 |      0 |      0 |   0.19 |  10.92 |      0 |   3.10 |      0 |  17.67 |      0 |      0 |   5.21 | 100.00 |      0 |
|        11 |      0 |  35.27 |      0 |   0.51 |      0 |  17.35 |   2.25 |      0 |      0 |   0.44 |      0 |     0 |   0.28 |      0 |      0 |   4.46 |      0 |   0.29 |   6.41 |   3.85 |  66.30 |      0 |      0 |   2.07 |   3.77 |      0 |      0 |      0 |      0 |   0.57 |   4.21 |      0 |      0 |      0 |  11.96 |      0 |      0 |      0 |  46.33 |      0 |
|        12 |      0 |   1.71 |   4.95 |      0 |      0 |  27.88 |   2.53 |      0 |      0 |      0 |      0 |     0 |      0 |      0 |      0 |  20.46 |   9.46 |      0 |      0 |   1.99 | 100.00 |      0 |      0 |   1.67 |      0 |      0 |      0 |      0 |      0 |  26.07 |  14.94 |   1.08 |      0 |      0 |      0 |      0 |      0 |      0 |  17.75 |      0 |
|        13 |      0 |   6.02 |   8.10 |      0 |      0 |      0 |      0 |      0 |      0 |      0 |      0 |     0 |      0 |      0 |      0 |   6.73 |      0 |      0 |  10.68 |   0.92 | 100.00 |      0 |      0 |      0 |  12.24 |      0 |      0 |  15.36 |      0 |  26.23 |  64.95 |      0 |      0 |   6.71 |      0 |      0 |  22.00 |      0 |   3.64 |      0 |
|        14 |      0 |      0 |  25.37 |   6.74 |  25.62 |  26.10 |      0 |      0 |   7.00 |      0 |   0.17 |  0.32 |      0 |      0 |      0 |  27.60 |      0 |      0 |      0 |      0 |  87.33 |      0 |      0 |      0 |      0 |      0 |      0 |  48.32 |      0 |   3.58 |  56.02 |   7.46 |      0 |      0 |      0 |   5.18 |  60.83 |      0 |  46.48 |      0 |
|        15 |      0 |  52.05 |   4.44 |   0.40 |   5.52 |      0 |      0 |      0 |   5.17 |      0 |  11.66 |     0 |  36.77 |      0 |      0 |  21.39 |      0 |      0 |      0 |   2.03 |   0.56 |   0.30 |      0 |      0 |      0 |  13.54 |   6.81 |  20.01 |      0 |   2.59 |  16.30 |  16.15 |      0 |      0 |      0 |      0 |  28.38 |      0 |  53.38 |      0 |
|        16 |      0 |   4.56 |      0 |      0 |   1.17 |      0 |      0 |      0 |      0 |      0 |   0.40 |  0.24 |  39.79 |      0 |      0 |  11.84 |      0 |      0 |      0 |      0 |      0 |   0.30 |      0 |      0 |      0 |      0 |      0 |  12.85 |      0 |      0 |      0 |   0.42 |      0 |      0 |      0 |      0 |   7.20 |      0 |      0 |      0 |
|        17 |      0 |      0 |      0 |      0 |   0.28 |      0 |      0 |      0 |      0 |      0 |      0 |     0 |   8.38 |      0 |      0 |      0 |  10.49 |      0 |      0 |      0 |   0.80 |      0 |      0 |      0 |      0 |      0 |      0 |   1.00 |      0 |      0 |      0 |      0 |      0 |      0 |      0 |      0 |   0.25 |      0 |      0 |      0 |
|        18 |      0 |      0 |      0 |      0 |      0 |      0 |      0 |      0 |   0.49 |      0 |      0 |  0.20 |   6.66 |      0 |      0 |      0 |   6.63 |      0 |      0 |      0 |  12.20 |      0 |      0 |      0 |      0 |   3.38 |      0 |   2.48 |      0 |      0 |      0 |   1.38 |      0 |      0 |      0 |  12.55 |      0 |      0 |      0 |  68.48 |
|        19 |      0 |   1.17 |      0 |      0 |  15.88 |      0 |      0 |      0 |      0 |      0 |      0 |  5.19 |  28.57 |      0 |      0 |   0.89 |      0 |      0 |      0 |      0 |      0 |      0 |      0 |      0 |      0 |   6.34 |      0 |   1.17 |      0 |      0 |      0 |  18.91 |      0 |      0 |   1.05 |      0 |   4.68 |      0 |      0 | 100.00 |
|        20 |      0 |   1.12 |      0 |      0 |  21.27 |      0 |      0 |      0 |      0 |  10.81 |      0 |  5.32 | 100.00 |      0 |      0 |  61.97 |      0 |      0 |      0 |      0 |      0 |   0.58 |      0 |      0 |      0 |      0 |   4.65 |      0 |      0 |  26.15 |      0 |  14.52 |      0 |   5.69 |      0 |  23.43 |      0 |      0 |      0 | 100.00 |
|        21 |      0 |      0 |      0 |      0 |  29.51 |  27.99 |      0 |  16.09 |   2.89 |  49.95 |      0 | 37.56 |  58.18 |      0 |      0 |  43.38 |      0 |      0 |      0 |      0 |      0 |   1.59 |  19.76 |      0 |      0 |  20.53 |      0 |  12.67 |      0 |  68.00 |      0 |   7.62 |      0 |  41.31 |      0 |  60.68 |      0 |   3.98 |      0 | 100.00 |
|        22 |  36.09 |      0 |  41.55 |  40.13 |  36.26 |  28.28 |  15.51 |  48.04 |  28.63 |  45.29 |      0 | 33.38 |  73.21 |  13.35 |  27.16 |  69.27 |  12.15 |   3.64 |  41.18 |  49.18 |      0 |  40.58 |  58.54 |      0 |  43.87 |  16.84 |  40.67 |  32.63 |  15.50 |  63.02 |      0 |      0 |      0 |  49.11 |  10.81 |  74.15 |  26.52 |  43.15 |      0 |  38.01 |
|        23 |  15.56 |      0 |  57.27 |  64.81 |  32.02 |  64.45 |  33.43 |  51.35 |  57.61 |  58.46 |  20.48 | 50.63 |  49.34 |  45.23 |  30.02 |  69.85 |  36.50 |  35.99 |  55.05 |  31.37 |      0 |  34.45 |  44.80 |  35.23 |  60.99 |  53.52 |  54.71 |  16.07 |  66.67 |  41.18 |  13.28 |  11.67 |   3.52 |  78.26 |  50.65 |  73.45 |  88.20 |      0 |  40.68 |  73.77 |
|        24 |  38.88 |  35.03 |  56.55 |  60.28 |  54.33 |  72.92 |  56.58 |  53.86 |  86.12 |  68.53 |  65.17 | 59.97 |  43.54 |  64.94 |  68.00 | 100.00 |  67.45 |  69.48 |  65.04 |  71.50 |  41.13 |  64.27 |  81.53 |  58.88 |  65.89 |  72.16 |  66.91 |  67.42 |  70.00 |  63.65 |  35.60 |  49.77 |  77.64 |  92.42 |  61.23 |  75.08 |  63.26 |  13.34 |  70.17 |  40.69 |
|        25 |  67.64 |  63.58 |  67.22 |  70.87 |  82.06 |  68.54 |  72.16 |  82.44 |  76.06 |  79.29 |  70.91 | 46.89 |  62.68 |  66.90 |  72.57 |  95.53 |  71.09 |  68.17 |  61.49 |  69.54 |  55.98 |  72.48 |  81.88 |  75.34 |  81.11 |  72.46 |  70.17 |  61.45 |  60.74 |  71.21 |  64.76 |  74.13 |  60.35 |  90.83 |  61.90 |  83.51 |  60.56 |  71.65 |  65.36 |  83.99 |
|        26 |  65.79 |  79.27 |  73.68 |  70.33 |  75.70 |  63.29 |  62.74 |  68.26 |  71.27 |  79.87 |  44.28 | 57.93 |  68.85 |  61.45 |  30.45 |  51.81 |  53.58 |  72.69 |  69.47 |  67.48 |  59.92 |  70.49 |  79.85 |  58.05 |  79.36 |  78.46 |  67.78 |  54.91 |  45.06 |  53.65 |  70.99 |  59.51 |  65.81 |  89.18 |  74.98 |  81.58 |  71.98 |  78.16 |  51.09 |  82.00 |
|        27 |  62.69 |  83.49 |  69.70 |  70.81 |  71.71 |  38.92 |  56.27 |  66.04 |  60.01 |  76.15 |  37.22 | 57.78 |  59.65 |  70.61 |  55.84 |  73.93 |  44.74 |  63.48 |  73.47 |  62.75 |  75.61 |  58.70 |  78.55 |  37.12 |  74.72 |  79.40 |  59.01 |  58.32 |  58.20 |  65.79 |  68.85 |  53.87 |  58.35 |  92.48 |  69.64 |  79.21 |  67.07 |  55.84 |  42.21 |  77.13 |
|        28 |  83.08 |  68.42 |  56.01 |  75.07 |  47.01 |  33.62 |  27.71 |  75.16 |  35.60 |  74.44 |  24.23 | 43.38 |  59.53 |  70.12 |  58.82 |  87.11 |  69.52 |  80.09 |  72.49 |  65.66 |  78.86 |  53.51 |  70.51 |  31.85 |  66.99 |  75.46 |  78.71 |  57.29 |  53.35 |  68.90 |  65.80 |  60.79 |  69.92 |  92.04 |  68.63 |  76.71 |  63.18 |  27.50 |  58.96 |  78.88 |
|        29 |  86.55 |  70.39 |  61.56 |  41.35 |  56.19 |  41.55 |  13.19 |  69.66 |  60.45 |  86.52 |   5.71 | 36.78 |  73.75 |  73.13 |  73.72 |  69.51 |  75.52 |  77.49 |  70.06 |  67.90 |  77.94 |  37.94 |  60.88 |  62.98 |  55.36 |  68.55 |  62.79 |  60.99 |  38.56 |  76.82 |  76.69 |  75.93 |  69.28 |  94.78 |  75.04 |  97.00 |  64.10 |   4.56 |  81.18 |  77.26 |
|        30 |  80.94 |  70.05 |  83.05 |  77.47 |  62.43 |  58.05 |  70.74 |  78.56 |  89.77 |  81.89 |  40.97 | 42.52 |  78.44 |  70.52 | 100.00 |  92.93 |  68.58 |  91.42 |  83.98 |  73.88 |  80.17 |  60.61 |  81.54 |  86.59 |  53.12 |  86.38 |  63.44 |  48.05 |  25.63 | 100.00 |  72.50 |  66.23 | 100.00 |  91.15 |  83.77 |  68.64 |  57.11 |  60.75 |  86.39 |  87.98 |
|        31 |  60.38 |  78.02 |  81.10 | 100.00 |  71.33 |  86.72 |  94.69 |  34.72 |  89.02 |  74.02 |  29.69 | 57.84 |  80.38 |  70.13 |  90.76 |  81.40 |  89.66 |  86.62 |  76.79 |  88.34 |  87.72 |  58.68 |  85.85 |  62.07 |  78.76 |  81.59 |  74.27 |  84.28 |  56.38 |  76.58 |  39.19 |  61.87 |  50.57 |  88.87 |  96.90 |  63.44 |  72.56 |  91.94 |  84.82 |  87.69 |
|        32 |  86.78 |  94.25 |  86.96 | 100.00 |  73.50 |  73.20 |  93.22 |  24.54 |  83.34 |  69.10 |  15.29 | 41.83 |  85.20 |  83.96 |  79.20 |  78.42 |  84.03 |  81.23 |  72.26 |  98.49 |  91.04 |  70.71 |  84.56 |  84.76 |  96.74 |  90.57 |  60.12 |  98.94 |  45.01 |  90.65 |  43.70 |  43.41 |  50.48 |  91.68 |  92.18 |  71.75 |  55.26 |  90.40 |  87.26 |  87.94 |
|        33 |  73.79 |  94.58 |  76.25 |  56.18 |  84.27 |  63.25 |  70.50 |  23.61 |  64.75 |  52.90 |  22.32 | 39.90 |  78.34 |  52.63 |  49.84 |  69.23 |  83.61 |  52.81 |  74.93 |  89.89 |  74.48 |  48.91 |  78.28 |  92.26 |  97.33 |  87.93 |  48.11 |  92.07 |  64.60 |  91.34 |  66.57 |  19.39 |  54.72 |  83.04 |  98.45 |  72.92 |  29.38 |  65.63 |  86.02 |  85.33 |
|        34 |  51.04 |  89.25 |  33.13 |  62.59 |  72.44 |  40.63 |  24.45 |  34.73 |  58.15 |  38.78 |   3.73 | 41.87 |  71.76 |  61.62 |  34.34 |  61.37 |  87.21 |  36.51 |  60.19 |  65.27 |  52.27 |  40.00 |  54.28 | 100.00 |  80.59 |  80.05 |  56.59 |  92.64 |  55.16 |  69.62 |  95.09 |  34.90 |  53.91 |  79.33 |  85.37 |  62.45 |  36.46 |  16.33 |  79.90 |  81.05 |
|        35 |  21.91 |  47.57 |  84.07 | 100.00 |  59.05 |  27.64 |  11.03 |  30.90 |  60.46 |  50.22 |      0 | 37.09 | 100.00 | 100.00 |  35.49 |  56.53 |  79.67 |  38.39 |  50.84 |  48.57 |  58.65 |      0 |  53.26 | 100.00 |  67.35 |  52.57 |  30.61 |  62.91 |  39.57 |  72.65 |  64.44 |  26.95 |  55.22 |  51.29 |  79.81 |  53.89 |  39.74 |      0 |  57.63 |  62.89 |
|        36 |      0 |      0 |  68.45 |  63.57 |  48.26 |  64.14 |  50.50 |  27.74 |  71.80 |  77.84 |   5.31 | 42.37 |  33.34 |  57.97 |  28.02 |  45.49 |  45.76 |  50.22 |  36.02 |  33.69 |  38.03 |   6.32 |  54.25 | 100.00 |  52.46 |  55.09 |  35.34 |  56.06 |  28.50 |  66.23 |  88.04 |  27.10 |  41.11 |  48.91 |  53.17 |  71.71 |  42.25 |      0 |  43.45 |  37.94 |
|        37 |      0 |  72.17 |  87.24 |  90.92 |  22.83 |  49.06 |  67.22 |  34.63 |  83.21 |  60.79 |  11.36 | 43.34 |  41.20 |  62.32 |  32.10 |  60.95 |  35.21 |  47.87 |  41.09 |  53.66 |  38.54 |  16.16 |  55.47 | 100.00 |  52.21 |  38.48 | 100.00 |  45.47 |  76.34 |  58.20 |  43.29 |  34.11 |  50.00 |  58.38 |  38.27 |  69.11 |  40.23 |      0 |  55.82 |  24.62 |
|        38 |  11.46 |  37.82 |  82.39 |  69.38 |  58.88 |  35.10 |  50.42 |  28.10 |  70.38 |  61.92 |      0 | 30.60 |  40.10 |  67.79 |  66.84 |  78.50 |  41.60 |  62.50 |  50.90 |  57.37 |  34.55 |  26.11 |  56.84 |  51.32 |  63.38 |  45.51 |  99.38 |  92.14 |  50.11 |  50.21 |  68.32 |  30.01 |  72.50 |  65.95 |  37.17 |  76.09 |  27.41 |      0 |  73.82 |  51.34 |
|        39 |  49.12 |  51.05 |  63.71 |  60.06 |  21.22 |  35.34 |  33.80 |  38.85 |  69.60 |  75.17 |      0 | 37.74 |  41.72 |  52.66 |  46.82 |  47.95 |  92.41 |  74.27 |  54.18 |  55.85 |  28.49 |  25.63 |  66.16 |  52.97 |  67.90 |  72.25 |  49.46 |  72.04 |  21.98 |  60.55 |  80.23 |  20.88 |  53.02 |  75.92 |  90.19 |  70.22 |   9.87 |   3.76 |  61.82 |  58.65 |
|        40 |  33.79 |  75.90 |  69.75 |  69.34 |  22.34 |  15.26 |  33.14 |  48.79 |  84.21 |  85.27 |   7.81 | 47.50 |  39.80 |  38.42 |   6.95 |  57.09 | 100.00 |  78.52 |  45.41 |  52.19 |  28.05 |      0 |  48.09 |  53.64 |  69.33 |  46.59 |  52.81 |  94.35 |  25.11 |  41.13 |  75.79 |   8.51 |  44.81 |  70.01 |  43.21 |  79.04 |   2.74 |      0 |  43.52 |  52.75 |
|        41 |  28.22 |  84.31 |  56.65 |  64.35 |  27.81 |  11.91 |  40.93 |  44.52 |  83.03 |  82.71 |  19.69 | 36.97 |  40.24 |  30.30 |  22.09 |  67.56 |  99.97 |  67.10 |  51.12 |  41.96 |  16.13 |      0 |  77.69 |  73.42 |  59.27 |  75.77 |  68.01 | 100.00 |  52.68 |  45.00 |  68.35 |  15.44 |  15.33 |  59.63 |  56.96 |  83.27 |      0 |      0 |   5.82 |  49.59 |
|        42 |  37.24 |  73.75 |  54.59 |  51.34 |  63.28 |  15.42 |  11.64 |  38.71 |  88.58 |  73.71 |  32.41 |  6.90 |  32.43 |  21.93 |   9.39 |  75.01 | 100.00 |  62.55 |  54.92 |  36.79 |   5.54 |   7.33 |  60.54 | 100.00 |  48.57 | 100.00 |  59.86 | 100.00 |  35.15 |  50.86 |  81.27 |  11.12 |  35.55 |  45.85 |  72.62 |  83.82 |  13.41 |      0 |  28.76 |  50.74 |
|        43 |  33.36 |  53.62 |  51.25 |  88.54 |  79.64 |  33.24 |  21.74 |  43.91 |  84.30 |  72.04 |  48.84 | 11.10 |  57.96 |  51.32 |      0 |  76.65 | 100.00 |  57.83 | 100.00 |  34.59 |  32.23 |      0 |  53.30 | 100.00 |  40.51 | 100.00 |  66.84 |  80.58 |  18.39 |  48.58 |  61.65 | 100.00 |  52.75 |  49.00 |  75.70 |  79.40 |  29.78 |   5.87 |  26.69 |  57.03 |
|        44 |  29.72 |  36.53 |  49.19 |  88.53 |  47.07 |  55.43 |  31.01 |  52.98 |  77.11 |  75.65 |  45.92 | 16.14 |  38.63 |  73.06 |      0 |  78.90 | 100.00 |  47.31 | 100.00 |  31.17 |  44.05 |  73.48 |  34.97 | 100.00 |  46.55 | 100.00 |  97.56 | 100.00 |  46.74 |  51.81 |  50.55 | 100.00 |  67.98 |  56.31 |  85.23 |  95.87 |  41.74 |  10.69 |  38.05 | 100.00 |
|        45 |  62.62 |  30.96 |  57.63 |  70.60 |  42.41 |  57.39 |  49.89 |  47.71 |  82.41 |  71.72 |  50.79 |  4.22 |  27.76 | 100.00 |  34.33 |  75.29 | 100.00 |  94.66 | 100.00 |  25.43 |  42.65 | 100.00 |  35.23 | 100.00 |  40.55 | 100.00 | 100.00 |  99.71 |  23.77 | 100.00 |  27.37 | 100.00 |  89.07 |  63.27 |  65.04 | 100.00 |  35.24 |      0 |  44.26 | 100.00 |
|        46 |  51.72 |  30.93 | 100.00 |  55.90 |  47.53 |  67.85 |  38.51 |  40.26 |  77.75 |  99.68 |  32.38 | 33.22 |  33.64 | 100.00 |  33.45 |  80.74 | 100.00 | 100.00 | 100.00 | 100.00 |  46.57 | 100.00 |  49.55 | 100.00 |  45.69 | 100.00 | 100.00 | 100.00 |      0 | 100.00 |  45.69 | 100.00 |  98.76 |  77.17 |  64.22 | 100.00 |  27.44 |      0 |  55.90 | 100.00 |
|        47 |  55.83 |  10.92 |  97.90 |  87.76 |  49.49 |  67.03 |      0 |  42.88 |  67.13 | 100.00 |  47.18 | 35.45 |  46.44 | 100.00 |      0 |  95.35 |  98.30 | 100.00 | 100.00 | 100.00 |  51.46 | 100.00 |  61.92 |  86.07 |  64.38 | 100.00 | 100.00 | 100.00 |   3.80 | 100.00 |  64.27 | 100.00 | 100.00 |  73.67 |  67.15 | 100.00 |  42.11 |      0 |  71.45 | 100.00 |
|        48 |  49.19 |  38.77 |  98.81 |  94.91 |  52.47 |  61.73 |      0 |  68.22 |  63.04 | 100.00 |  63.28 | 40.23 |  71.65 | 100.00 |      0 | 100.00 | 100.00 | 100.00 | 100.00 |  82.94 |  50.52 | 100.00 |  55.26 |  53.48 |  53.60 |  98.34 | 100.00 | 100.00 |  32.82 | 100.00 |  70.23 | 100.00 | 100.00 |  82.59 |  79.33 | 100.00 |  43.88 |   9.04 | 100.00 | 100.00 |
|        51 |  70.99 |  78.86 | 100.00 |  92.62 |  77.81 |  50.89 |  31.23 |  95.18 | 100.00 |  96.63 | 100.00 | 47.25 |  92.21 |  98.27 |      0 |  94.23 | 100.00 | 100.00 | 100.00 |  71.98 |  70.15 |  99.64 | 100.00 |  24.71 |  53.20 |  92.97 | 100.00 |  97.71 |  61.23 | 100.00 |  25.22 |  91.76 | 100.00 |  73.96 |  95.18 |  98.64 |  38.76 |  60.17 | 100.00 | 100.00 |
|        54 |  95.18 | 100.00 | 100.00 |  84.20 |  90.06 |  97.03 |  35.27 | 100.00 | 100.00 | 100.00 |  28.51 | 71.94 |  86.49 | 100.00 |  52.96 |  88.52 |  93.38 | 100.00 |  89.96 |  84.11 |  91.72 | 100.00 | 100.00 |  14.90 |  73.08 | 100.00 |  80.63 | 100.00 | 100.00 | 100.00 | 100.00 |  86.03 | 100.00 |  81.81 |  71.53 | 100.00 |  48.25 |  95.48 | 100.00 | 100.00 |
|        57 |  59.76 |  92.08 | 100.00 |  75.97 | 100.00 |  73.98 |  13.28 | 100.00 | 100.00 | 100.00 |  92.81 | 94.05 | 100.00 |  98.02 |  29.24 |  92.54 | 100.00 | 100.00 |  97.77 |  99.53 |  14.27 | 100.00 |  98.65 |  28.20 | 100.00 | 100.00 |  70.81 | 100.00 |  95.91 | 100.00 | 100.00 |  88.34 |  98.56 |  78.91 | 100.00 | 100.00 |  42.16 | 100.00 | 100.00 | 100.00 |
|        60 |  88.90 |  98.55 |  74.41 |  83.38 | 100.00 |  42.29 |      0 |  89.27 |  99.85 | 100.00 | 100.00 | 87.83 |  99.27 |  87.30 | 100.00 | 100.00 |  76.49 |  90.64 | 100.00 |  98.04 |  40.57 |  92.48 |  78.98 |  31.74 | 100.00 | 100.00 |  60.85 | 100.00 | 100.00 | 100.00 | 100.00 |  56.25 | 100.00 |  90.63 | 100.00 | 100.00 |  80.36 |  99.16 |  93.64 |  84.76 |
|        63 | 100.00 | 100.00 |  51.10 |  98.66 |  99.70 |  86.38 |  12.66 | 100.00 | 100.00 | 100.00 |  93.14 | 71.30 | 100.00 | 100.00 |  94.25 |  78.75 |  98.16 |  91.04 | 100.00 | 100.00 |  95.14 |  24.21 |  89.83 |   5.14 | 100.00 | 100.00 | 100.00 |  89.89 | 100.00 | 100.00 | 100.00 |  55.28 | 100.00 | 100.00 | 100.00 | 100.00 |  70.25 | 100.00 |  79.42 |  95.61 |
|        66 | 100.00 | 100.00 |  75.10 | 100.00 | 100.00 |  30.94 | 100.00 |  98.06 | 100.00 | 100.00 | 100.00 | 96.31 | 100.00 | 100.00 |  94.10 |  94.27 | 100.00 | 100.00 |  91.40 |  94.46 | 100.00 |  42.54 | 100.00 |   3.09 | 100.00 |  99.98 |  86.20 | 100.00 |  99.17 | 100.00 |  94.79 | 100.00 | 100.00 |  99.39 | 100.00 | 100.00 |  52.71 | 100.00 |  71.09 |  68.19 |
|        69 | 100.00 | 100.00 |  66.68 |  76.76 |  98.26 |  50.35 | 100.00 |  91.32 |  87.94 | 100.00 | 100.00 | 68.41 |  16.76 |  95.92 |  69.97 |  80.18 |  96.59 |  93.78 | 100.00 | 100.00 | 100.00 |  92.63 |  92.43 |   5.97 | 100.00 | 100.00 | 100.00 | 100.00 | 100.00 |  51.74 |  99.95 |  95.55 | 100.00 | 100.00 |  90.11 |  72.28 | 100.00 |  56.43 |  84.18 |  93.52 |
|        72 |  96.95 |  70.79 |  56.63 |  89.33 |  82.98 | 100.00 |  93.46 |  82.70 | 100.00 | 100.00 | 100.00 | 97.98 |  30.88 |  91.25 |  84.71 | 100.00 |  40.83 | 100.00 |  85.11 | 100.00 | 100.00 | 100.00 | 100.00 |  36.11 | 100.00 | 100.00 | 100.00 | 100.00 |  82.89 | 100.00 |  82.72 | 100.00 | 100.00 | 100.00 |  67.90 |  90.60 |  31.61 |  73.33 |  98.59 | 100.00 |
|        78 | 100.00 |  99.03 |  87.92 |  97.58 |  78.12 | 100.00 |  99.79 |  62.86 |  78.14 | 100.00 | 100.00 | 86.30 |  66.74 |  89.89 | 100.00 |  93.05 |  61.73 | 100.00 |  99.82 | 100.00 | 100.00 |  97.06 | 100.00 |  81.16 |  99.74 |  89.26 | 100.00 |  99.61 |  91.29 |  89.75 | 100.00 | 100.00 |  97.57 |  91.43 |  94.68 |  89.29 | 100.00 |  86.94 | 100.00 | 100.00 |
|        84 |  45.98 |  46.25 |  98.11 |  82.36 |  63.43 | 100.00 |  91.70 |  55.45 |  77.38 |  92.51 |   8.99 | 72.89 |  91.85 |  89.00 |  76.28 |  94.45 |  77.02 |  92.58 |  73.50 |  96.38 |  96.57 |  51.76 |  19.31 |  59.72 |  84.74 |  74.70 |  95.63 |  72.84 |  71.02 |  64.11 |  58.51 | 100.00 |  77.25 |  90.78 |  81.10 |  66.77 | 100.00 |  78.79 |  77.42 | 100.00 |
|        90 |  32.85 |  49.81 | 100.00 |  40.42 |      0 |  33.94 |  12.52 |      0 |  46.56 |  59.82 |  28.04 | 75.48 |  40.52 |  71.39 |  33.19 |  60.75 |  56.30 |  40.96 |      0 |  46.08 |  74.52 |  25.02 |   8.09 |  32.63 |  59.39 |  34.13 |  85.66 |   2.73 |      0 |  79.64 |  44.84 |  39.69 |      0 |  89.24 |  33.41 |  35.72 |  57.22 |      0 |  62.55 | 100.00 |
|        96 |  69.94 |  58.57 |  98.02 |  65.67 |  31.84 |  55.29 |  35.69 |   6.72 |  49.76 |  59.85 |  43.32 | 73.61 |  36.55 |  70.14 |  44.04 |  88.81 |  40.25 |  55.67 |  86.32 |  76.08 |  97.65 |   4.31 |  72.40 |      0 |  56.49 |  68.77 |  82.50 |  68.25 |  66.29 |  69.98 |      0 |  10.16 |  46.68 |  95.89 |   4.59 |  66.95 |  79.94 |  73.26 |  97.22 |  64.25 |
|       102 |  80.68 |  70.87 |  87.39 |  93.34 |  78.10 |  54.54 |  53.72 |  99.31 |  70.90 |  88.63 |  87.69 | 86.45 |  96.81 |  78.93 |  82.45 |  99.06 |  42.64 |  76.21 |  95.28 |  96.42 |  92.32 | 100.00 |  78.80 |  73.96 |  81.79 |  60.95 |  84.74 |  71.59 |  68.48 |  74.33 |  92.06 |  64.44 |  83.70 |  94.14 |  72.88 |  89.17 |  96.19 |  62.03 |  88.45 |  45.12 |
|       108 |  55.80 |  54.52 |  65.06 |  82.54 |  34.27 |  61.20 |   8.30 | 100.00 |  88.32 |  59.35 |  99.23 | 75.42 |  51.14 | 100.00 |  46.86 | 100.00 |  54.67 |  20.41 |  63.21 |  49.21 |  99.59 |  93.37 |  88.27 |  22.98 |      0 | 100.00 |  75.13 |  83.53 |  80.33 |  63.66 |  28.34 |   8.90 |  64.32 |  44.17 |  77.40 |  60.72 | 100.00 |  75.51 |  48.74 |  43.09 |
|       114 |      0 |  24.56 |  99.58 |  60.79 |  30.98 |  26.72 |  49.03 |   4.10 | 100.00 |  41.85 |  57.88 | 34.26 |  59.31 | 100.00 |  54.63 | 100.00 |  30.17 |  51.58 | 100.00 |      0 |  49.64 |  10.18 | 100.00 |      0 |   0.77 |  22.37 |  53.77 |  49.67 |  57.39 | 100.00 |  27.34 |      0 | 100.00 |  37.33 |  28.57 | 100.00 | 100.00 | 100.00 |      0 |   5.75 |
|       120 |  43.56 |  32.32 | 100.00 |  87.60 |  79.41 |  45.01 | 100.00 |  63.15 | 100.00 |  81.63 |  92.87 | 70.99 |  16.39 | 100.00 |  52.40 |  97.20 |  92.59 |  70.06 | 100.00 |  27.59 | 100.00 |  74.36 | 100.00 |  40.16 |  83.86 | 100.00 |  21.20 |  86.81 |  16.28 |  89.42 |  72.44 |  78.73 | 100.00 |  87.63 |  65.87 | 100.00 |  76.75 | 100.00 |  67.42 |      0 |
