# variable: Mean Sea Level Pressure
# units: hPa
# 
| fcst_hour |       1 |       2 |       3 |       4 |       5 |       6 |       7 |       8 |       9 |      10 |      11 |      12 |      13 |      14 |      15 |      16 |      17 |      18 |      19 |      20 |      21 |      22 |      23 |      24 |      25 |      26 |      27 |      28 |      29 |      30 |      31 |      32 |      33 |      34 |      35 |      36 |      37 |      38 |      39 |      40 |
|         0 | 1020.08 | 1020.47 | 1020.13 | 1019.59 | 1019.81 | 1020.29 | 1020.00 | 1020.11 | 1020.65 | 1019.93 | 1020.64 | 1019.32 | 1020.19 | 1020.55 | 1020.20 | 1019.86 | 1020.37 | 1020.38 | 1020.19 | 1020.06 | 1020.26 | 1020.98 | 1020.04 | 1020.35 | 1019.93 | 1020.40 | 1019.58 | 1020.37 | 1020.57 | 1020.90 | 1021.22 | 1020.98 | 1020.70 | 1020.67 | 1020.88 | 1019.87 | 1020.60 | 1020.80 | 1020.70 | 1019.72 |
|         1 | 1019.74 | 1019.94 | 1019.37 | 1019.22 | 1019.63 | 1019.87 | 1019.27 | 1019.60 | 1020.22 | 1019.68 | 1020.02 | 1019.08 | 1019.90 | 1019.91 | 1019.91 | 1019.25 | 1019.92 | 1019.97 | 1019.70 | 1019.56 | 1020.04 | 1020.38 | 1019.74 | 1019.85 | 1019.75 | 1020.08 | 1019.21 | 1019.85 | 1020.19 | 1020.04 | 1020.45 | 1020.71 | 1020.28 | 1020.03 | 1020.44 | 1019.53 | 1020.20 | 1020.33 | 1020.35 | 1019.47 |
|         2 | 1019.16 | 1019.48 | 1018.75 | 1018.78 | 1019.44 | 1019.46 | 1018.80 | 1018.89 | 1019.71 | 1019.07 | 1019.48 | 1018.62 | 1019.29 | 1019.21 | 1019.57 | 1018.79 | 1019.60 | 1019.42 | 1019.30 | 1019.08 | 1019.63 | 1019.69 | 1019.21 | 1019.31 | 1019.15 | 1019.73 | 1018.64 | 1019.34 | 1019.75 | 1019.13 | 1019.73 | 1020.18 | 1019.84 | 1019.74 | 1019.84 | 1019.04 | 1019.67 | 1019.49 | 1019.68 | 1018.81 |
|         3 | 1019.12 | 1019.68 | 1018.60 | 1018.82 | 1019.24 | 1019.51 | 1018.61 | 1018.93 | 1019.60 | 1018.78 | 1019.39 | 1018.70 | 1019.32 | 1019.16 | 1019.46 | 1018.75 | 1019.41 | 1019.22 | 1019.13 | 1019.22 | 1019.41 | 1019.44 | 1019.18 | 1018.99 | 1018.87 | 1019.60 | 1018.74 | 1019.24 | 1019.41 | 1018.82 | 1019.26 | 1019.90 | 1019.67 | 1019.66 | 1019.57 | 1019.19 | 1019.29 | 1019.44 | 1019.56 | 1018.52 |
|         4 | 1018.86 | 1019.59 | 1018.29 | 1018.63 | 1018.81 | 1019.20 | 1018.65 | 1018.57 | 1019.26 | 1018.39 | 1019.21 | 1018.33 | 1019.04 | 1019.01 | 1019.08 | 1018.48 | 1019.03 | 1019.08 | 1018.85 | 1018.94 | 1019.07 | 1019.16 | 1018.87 | 1018.87 | 1018.66 | 1019.10 | 1018.51 | 1019.19 | 1019.26 | 1018.63 | 1019.15 | 1019.52 | 1019.23 | 1019.44 | 1019.02 | 1019.05 | 1018.95 | 1019.40 | 1019.38 | 1018.27 |
|         5 | 1019.25 | 1019.93 | 1018.79 | 1019.12 | 1019.01 | 1019.45 | 1018.84 | 1019.13 | 1019.69 | 1018.64 | 1019.51 | 1018.65 | 1019.29 | 1019.39 | 1019.27 | 1018.95 | 1019.20 | 1019.38 | 1019.27 | 1019.02 | 1019.45 | 1019.72 | 1019.46 | 1019.52 | 1019.40 | 1019.35 | 1018.55 | 1019.74 | 1019.69 | 1019.34 | 1019.69 | 1020.01 | 1019.85 | 1019.66 | 1019.61 | 1019.41 | 1019.40 | 1019.79 | 1019.51 | 1018.79 |
|         6 | 1018.79 | 1019.46 | 1018.25 | 1018.47 | 1018.82 | 1019.00 | 1018.22 | 1018.86 | 1019.12 | 1018.34 | 1019.11 | 1017.94 | 1019.04 | 1018.86 | 1018.87 | 1018.50 | 1019.13 | 1019.00 | 1018.73 | 1018.61 | 1019.30 | 1019.27 | 1018.85 | 1019.16 | 1019.04 | 1019.04 | 1018.16 | 1019.20 | 1019.55 | 1019.07 | 1019.28 | 1019.67 | 1019.64 | 1019.12 | 1019.33 | 1018.76 | 1019.08 | 1019.44 | 1018.96 | 1018.35 |
|         7 | 1018.33 | 1019.31 | 1018.19 | 1018.22 | 1018.87 | 1019.04 | 1018.06 | 1018.57 | 1019.02 | 1018.31 | 1019.15 | 1017.84 | 1018.90 | 1018.63 | 1018.91 | 1018.35 | 1019.37 | 1018.89 | 1018.49 | 1018.73 | 1019.27 | 1019.11 | 1018.54 | 1018.81 | 1018.80 | 1019.14 | 1017.70 | 1018.88 | 1019.50 | 1018.83 | 1019.12 | 1019.47 | 1019.51 | 1018.91 | 1019.15 | 1018.41 | 1018.96 | 1019.29 | 1018.75 | 1018.10 |
|         8 | 1018.36 | 1019.11 | 1018.29 | 1018.22 | 1018.99 | 1018.89 | 1018.09 | 1018.42 | 1018.97 | 1018.48 | 1019.51 | 1017.90 | 1019.04 | 1018.58 | 1019.20 | 1017.97 | 1019.38 | 1018.80 | 1018.61 | 1018.83 | 1019.43 | 1019.01 | 1018.25 | 1018.83 | 1018.77 | 1019.18 | 1017.74 | 1018.63 | 1019.59 | 1018.72 | 1019.20 | 1019.61 | 1019.51 | 1018.85 | 1019.09 | 1018.45 | 1019.08 | 1019.17 | 1018.95 | 1018.14 |
|         9 | 1018.08 | 1018.67 | 1017.77 | 1017.83 | 1018.58 | 1018.40 | 1017.92 | 1017.73 | 1018.49 | 1017.91 | 1019.00 | 1017.63 | 1018.53 | 1018.23 | 1018.87 | 1017.75 | 1018.37 | 1018.18 | 1018.44 | 1018.19 | 1019.07 | 1018.44 | 1018.09 | 1018.55 | 1018.26 | 1018.79 | 1017.41 | 1018.36 | 1019.01 | 1018.22 | 1018.79 | 1019.33 | 1018.97 | 1018.53 | 1018.59 | 1018.08 | 1018.70 | 1018.62 | 1018.47 | 1017.75 |
|        10 | 1017.23 | 1017.58 | 1016.81 | 1016.76 | 1017.50 | 1017.45 | 1017.17 | 1016.92 | 1017.82 | 1017.08 | 1018.01 | 1016.74 | 1017.72 | 1017.52 | 1017.97 | 1016.78 | 1017.41 | 1017.16 | 1017.32 | 1017.25 | 1017.88 | 1017.67 | 1017.45 | 1017.74 | 1017.40 | 1017.82 | 1016.64 | 1017.52 | 1017.82 | 1017.19 | 1018.17 | 1018.34 | 1018.00 | 1017.61 | 1017.88 | 1017.46 | 1017.56 | 1017.77 | 1017.38 | 1017.09 |
|        11 | 1016.46 | 1016.92 | 1015.78 | 1015.96 | 1016.53 | 1016.81 | 1016.47 | 1016.17 | 1017.00 | 1016.38 | 1017.01 | 1015.92 | 1016.98 | 1016.78 | 1016.99 | 1016.07 | 1016.75 | 1016.55 | 1016.72 | 1016.41 | 1017.16 | 1016.90 | 1016.74 | 1016.82 | 1016.61 | 1016.84 | 1016.15 | 1016.91 | 1017.11 | 1016.34 | 1017.24 | 1017.28 | 1017.30 | 1016.99 | 1017.12 | 1016.74 | 1016.78 | 1017.16 | 1016.69 | 1016.13 |
|        12 | 1015.56 | 1016.18 | 1014.93 | 1015.20 | 1015.69 | 1016.16 | 1015.60 | 1015.30 | 1016.15 | 1015.54 | 1016.15 | 1015.17 | 1016.05 | 1016.09 | 1016.06 | 1015.30 | 1015.96 | 1015.65 | 1016.01 | 1015.64 | 1016.28 | 1016.22 | 1015.91 | 1016.21 | 1015.81 | 1016.03 | 1015.52 | 1015.94 | 1016.48 | 1015.50 | 1016.37 | 1016.31 | 1016.50 | 1016.29 | 1016.12 | 1015.97 | 1016.24 | 1016.40 | 1016.02 | 1015.38 |
|        13 | 1015.00 | 1015.54 | 1014.54 | 1014.69 | 1015.16 | 1015.62 | 1014.65 | 1014.37 | 1015.14 | 1014.86 | 1015.61 | 1014.43 | 1015.44 | 1015.33 | 1015.27 | 1014.70 | 1015.15 | 1014.87 | 1015.46 | 1014.94 | 1015.66 | 1015.58 | 1015.17 | 1015.56 | 1014.86 | 1015.45 | 1014.80 | 1015.19 | 1016.13 | 1014.82 | 1015.72 | 1015.49 | 1015.90 | 1015.42 | 1015.10 | 1015.36 | 1015.72 | 1015.74 | 1015.32 | 1014.74 |
|        14 | 1014.32 | 1014.90 | 1014.16 | 1014.26 | 1014.75 | 1015.10 | 1014.05 | 1013.65 | 1014.49 | 1014.03 | 1014.79 | 1014.23 | 1014.76 | 1014.69 | 1014.76 | 1014.06 | 1014.31 | 1014.42 | 1014.63 | 1014.52 | 1015.25 | 1015.08 | 1014.47 | 1014.88 | 1014.44 | 1014.93 | 1014.18 | 1014.66 | 1015.49 | 1014.29 | 1015.24 | 1015.00 | 1015.45 | 1014.58 | 1014.13 | 1014.70 | 1014.96 | 1015.14 | 1014.72 | 1014.11 |
|        15 | 1013.89 | 1014.15 | 1013.50 | 1013.65 | 1014.19 | 1014.54 | 1013.55 | 1013.15 | 1014.07 | 1013.33 | 1014.04 | 1013.49 | 1014.24 | 1014.07 | 1014.19 | 1013.57 | 1013.73 | 1013.82 | 1013.85 | 1013.93 | 1014.74 | 1014.51 | 1013.94 | 1014.08 | 1014.06 | 1014.17 | 1013.43 | 1014.18 | 1014.84 | 1013.79 | 1014.70 | 1014.53 | 1014.89 | 1014.02 | 1013.77 | 1013.86 | 1014.36 | 1014.70 | 1014.26 | 1013.51 |
|        16 | 1013.25 | 1013.61 | 1012.64 | 1013.04 | 1013.62 | 1013.69 | 1013.09 | 1012.68 | 1013.41 | 1012.64 | 1013.30 | 1012.97 | 1013.57 | 1013.65 | 1013.42 | 1013.15 | 1012.99 | 1013.10 | 1013.21 | 1013.29 | 1014.08 | 1013.42 | 1013.06 | 1013.69 | 1013.48 | 1013.46 | 1012.76 | 1013.70 | 1014.10 | 1013.17 | 1013.88 | 1013.92 | 1014.00 | 1013.46 | 1013.10 | 1013.31 | 1013.69 | 1014.09 | 1013.57 | 1012.88 |
|        17 | 1013.00 | 1013.24 | 1012.22 | 1012.60 | 1013.14 | 1013.19 | 1012.70 | 1012.50 | 1012.99 | 1012.64 | 1013.01 | 1012.51 | 1013.42 | 1013.45 | 1013.14 | 1013.13 | 1012.64 | 1012.74 | 1012.83 | 1012.96 | 1013.55 | 1012.94 | 1012.99 | 1013.46 | 1013.10 | 1013.13 | 1012.65 | 1013.23 | 1013.84 | 1013.03 | 1013.68 | 1013.44 | 1013.37 | 1013.25 | 1012.95 | 1013.20 | 1013.69 | 1013.88 | 1013.05 | 1012.45 |
|        18 | 1012.67 | 1013.11 | 1012.27 | 1012.41 | 1013.03 | 1012.79 | 1012.51 | 1012.36 | 1012.83 | 1012.78 | 1012.74 | 1012.28 | 1013.34 | 1013.33 | 1013.08 | 1013.20 | 1012.74 | 1012.71 | 1012.53 | 1012.71 | 1013.28 | 1012.81 | 1012.98 | 1013.34 | 1012.95 | 1013.07 | 1012.68 | 1012.94 | 1013.58 | 1012.89 | 1013.57 | 1013.33 | 1013.16 | 1013.08 | 1013.07 | 1013.15 | 1013.58 | 1013.75 | 1012.81 | 1012.27 |
|        19 | 1013.05 | 1013.46 | 1012.70 | 1012.81 | 1013.44 | 1013.08 | 1012.92 | 1012.46 | 1013.30 | 1012.94 | 1013.21 | 1012.61 | 1013.86 | 1013.52 | 1013.79 | 1013.40 | 1013.17 | 1013.09 | 1012.83 | 1013.31 | 1013.71 | 1013.63 | 1013.28 | 1013.45 | 1013.43 | 1013.22 | 1013.15 | 1013.26 | 1013.95 | 1013.07 | 1013.89 | 1013.87 | 1013.44 | 1013.44 | 1013.42 | 1013.31 | 1013.94 | 1014.21 | 1013.33 | 1012.75 |
|        20 | 1013.15 | 1013.32 | 1012.74 | 1012.87 | 1013.38 | 1013.55 | 1013.05 | 1012.35 | 1013.21 | 1012.50 | 1013.38 | 1012.47 | 1013.64 | 1013.24 | 1013.60 | 1013.06 | 1012.77 | 1013.03 | 1013.00 | 1013.19 | 1013.70 | 1013.57 | 1013.12 | 1013.30 | 1013.22 | 1013.13 | 1012.90 | 1013.09 | 1013.73 | 1013.00 | 1013.69 | 1013.90 | 1013.47 | 1013.34 | 1013.22 | 1013.09 | 1013.66 | 1013.98 | 1013.22 | 1012.64 |
|        21 | 1013.34 | 1013.40 | 1012.78 | 1013.02 | 1013.51 | 1013.82 | 1013.41 | 1012.46 | 1013.55 | 1012.60 | 1013.30 | 1012.65 | 1013.73 | 1013.35 | 1013.64 | 1013.15 | 1012.66 | 1013.06 | 1013.25 | 1013.47 | 1013.93 | 1013.68 | 1012.95 | 1013.51 | 1013.30 | 1013.30 | 1012.81 | 1013.20 | 1014.10 | 1013.19 | 1013.75 | 1014.15 | 1013.60 | 1013.54 | 1013.15 | 1013.24 | 1013.69 | 1014.00 | 1013.31 | 1013.00 |
|        22 | 1013.23 | 1013.41 | 1012.82 | 1013.12 | 1013.57 | 1013.92 | 1013.49 | 1012.48 | 1013.60 | 1012.53 | 1013.44 | 1012.65 | 1013.55 | 1013.41 | 1013.83 | 1013.32 | 1012.67 | 1013.19 | 1013.18 | 1013.51 | 1013.89 | 1013.48 | 1012.90 | 1013.43 | 1013.50 | 1013.50 | 1012.66 | 1013.22 | 1014.29 | 1013.27 | 1013.94 | 1013.89 | 1013.48 | 1013.54 | 1013.26 | 1013.44 | 1013.79 | 1013.89 | 1013.36 | 1012.88 |
|        23 | 1013.14 | 1013.32 | 1012.77 | 1013.10 | 1013.58 | 1013.79 | 1013.37 | 1012.39 | 1013.59 | 1012.90 | 1013.37 | 1012.76 | 1013.53 | 1013.61 | 1013.71 | 1013.68 | 1012.76 | 1013.12 | 1012.94 | 1013.39 | 1013.79 | 1013.46 | 1013.05 | 1013.31 | 1013.52 | 1013.48 | 1012.60 | 1013.22 | 1014.26 | 1013.35 | 1013.98 | 1013.59 | 1013.40 | 1013.57 | 1013.44 | 1013.48 | 1013.84 | 1013.76 | 1013.36 | 1013.00 |
|        24 | 1012.95 | 1013.12 | 1012.70 | 1012.75 | 1013.10 | 1013.43 | 1013.44 | 1012.35 | 1013.04 | 1012.77 | 1013.44 | 1012.54 | 1013.70 | 1013.53 | 1013.67 | 1013.64 | 1012.50 | 1013.00 | 1012.83 | 1013.24 | 1013.69 | 1013.40 | 1012.77 | 1013.00 | 1013.51 | 1013.15 | 1012.51 | 1013.12 | 1014.08 | 1012.98 | 1013.90 | 1013.20 | 1013.57 | 1013.29 | 1013.07 | 1013.30 | 1013.74 | 1013.93 | 1013.35 | 1013.03 |
|        25 | 1012.74 | 1012.97 | 1012.45 | 1012.53 | 1012.97 | 1013.18 | 1013.23 | 1011.98 | 1012.60 | 1012.31 | 1013.29 | 1012.09 | 1013.38 | 1013.09 | 1013.63 | 1013.17 | 1012.13 | 1012.76 | 1012.53 | 1013.16 | 1013.17 | 1012.98 | 1012.48 | 1012.72 | 1013.27 | 1012.68 | 1012.33 | 1012.75 | 1013.77 | 1012.57 | 1013.38 | 1013.16 | 1013.10 | 1012.74 | 1012.83 | 1012.83 | 1013.26 | 1013.94 | 1013.17 | 1013.01 |
|        26 | 1012.65 | 1012.93 | 1012.42 | 1012.59 | 1013.05 | 1013.25 | 1013.12 | 1011.89 | 1012.61 | 1012.23 | 1013.20 | 1012.09 | 1013.28 | 1012.80 | 1013.68 | 1012.87 | 1012.15 | 1012.79 | 1012.45 | 1013.13 | 1013.13 | 1012.86 | 1012.34 | 1012.96 | 1013.24 | 1012.46 | 1012.32 | 1012.61 | 1013.54 | 1012.38 | 1013.27 | 1013.32 | 1012.84 | 1012.68 | 1012.77 | 1012.85 | 1013.08 | 1014.14 | 1012.97 | 1012.82 |
|        27 | 1012.43 | 1012.93 | 1012.22 | 1012.39 | 1012.89 | 1012.91 | 1012.92 | 1011.78 | 1012.88 | 1012.25 | 1013.18 | 1012.11 | 1013.03 | 1012.80 | 1013.64 | 1012.63 | 1012.21 | 1012.74 | 1012.28 | 1013.13 | 1013.07 | 1012.78 | 1012.47 | 1012.82 | 1012.93 | 1012.38 | 1012.26 | 1012.47 | 1013.11 | 1012.17 | 1013.18 | 1013.28 | 1012.70 | 1012.78 | 1012.67 | 1012.91 | 1012.87 | 1013.98 | 1012.79 | 1012.64 |
|        28 | 1012.56 | 1012.68 | 1012.07 | 1012.45 | 1012.68 | 1013.07 | 1012.95 | 1011.74 | 1013.18 | 1012.13 | 1013.07 | 1012.29 | 1013.28 | 1012.84 | 1013.64 | 1012.75 | 1012.24 | 1012.83 | 1012.18 | 1013.26 | 1013.12 | 1012.84 | 1012.40 | 1012.86 | 1012.98 | 1012.24 | 1012.35 | 1012.58 | 1013.18 | 1012.15 | 1013.27 | 1013.05 | 1012.54 | 1012.87 | 1012.66 | 1013.14 | 1012.90 | 1013.91 | 1012.85 | 1012.51 |
|        29 | 1012.75 | 1012.77 | 1012.23 | 1012.50 | 1013.08 | 1013.16 | 1013.45 | 1011.93 | 1013.47 | 1012.11 | 1013.35 | 1012.37 | 1013.38 | 1012.95 | 1013.74 | 1012.79 | 1012.37 | 1012.97 | 1012.38 | 1013.54 | 1013.17 | 1012.91 | 1012.41 | 1013.13 | 1013.28 | 1012.33 | 1012.71 | 1012.79 | 1013.53 | 1012.45 | 1013.65 | 1013.27 | 1012.81 | 1013.28 | 1012.87 | 1013.41 | 1013.20 | 1013.86 | 1013.16 | 1012.64 |
|        30 | 1012.84 | 1012.95 | 1012.71 | 1013.52 | 1013.29 | 1013.48 | 1013.98 | 1012.46 | 1013.88 | 1012.37 | 1013.60 | 1012.54 | 1013.72 | 1013.55 | 1014.44 | 1012.99 | 1012.69 | 1013.01 | 1012.63 | 1013.93 | 1013.25 | 1013.17 | 1012.68 | 1014.02 | 1013.56 | 1012.75 | 1012.96 | 1013.04 | 1013.98 | 1012.91 | 1013.88 | 1013.60 | 1012.96 | 1013.64 | 1013.31 | 1013.96 | 1013.37 | 1014.18 | 1013.37 | 1013.03 |
|        31 | 1012.81 | 1013.27 | 1013.25 | 1014.40 | 1013.68 | 1013.80 | 1014.55 | 1012.64 | 1014.15 | 1012.68 | 1013.57 | 1012.87 | 1014.19 | 1013.96 | 1014.69 | 1013.59 | 1013.09 | 1013.37 | 1012.75 | 1014.30 | 1013.45 | 1013.74 | 1012.63 | 1013.76 | 1013.82 | 1013.23 | 1013.12 | 1013.39 | 1013.97 | 1013.08 | 1013.67 | 1013.99 | 1013.28 | 1014.04 | 1013.57 | 1014.23 | 1013.52 | 1014.59 | 1013.54 | 1013.53 |
|        32 | 1012.90 | 1013.72 | 1013.63 | 1013.94 | 1013.60 | 1014.04 | 1014.71 | 1013.14 | 1014.52 | 1013.12 | 1013.89 | 1013.46 | 1014.58 | 1014.74 | 1015.01 | 1014.06 | 1013.19 | 1013.93 | 1013.27 | 1014.96 | 1014.28 | 1014.42 | 1012.88 | 1014.05 | 1014.30 | 1013.54 | 1013.18 | 1014.24 | 1014.29 | 1013.44 | 1013.82 | 1014.41 | 1013.34 | 1014.53 | 1013.99 | 1014.49 | 1013.88 | 1015.17 | 1013.99 | 1014.08 |
|        33 | 1013.24 | 1014.27 | 1013.63 | 1014.20 | 1013.89 | 1014.10 | 1014.90 | 1013.12 | 1014.38 | 1013.14 | 1013.76 | 1013.45 | 1014.74 | 1014.25 | 1015.18 | 1014.23 | 1013.43 | 1013.95 | 1013.34 | 1014.98 | 1014.57 | 1014.56 | 1013.09 | 1014.13 | 1014.53 | 1013.60 | 1013.04 | 1014.14 | 1014.27 | 1013.77 | 1013.62 | 1014.59 | 1013.44 | 1014.05 | 1014.25 | 1015.02 | 1013.84 | 1015.34 | 1014.21 | 1014.30 |
|        34 | 1013.32 | 1013.91 | 1013.53 | 1014.12 | 1014.00 | 1013.96 | 1014.46 | 1013.13 | 1014.18 | 1013.02 | 1013.46 | 1013.35 | 1014.65 | 1014.12 | 1015.07 | 1014.11 | 1013.41 | 1013.80 | 1013.60 | 1014.71 | 1014.31 | 1014.43 | 1012.96 | 1014.45 | 1014.64 | 1013.53 | 1012.94 | 1014.21 | 1014.34 | 1013.89 | 1014.22 | 1014.37 | 1013.46 | 1014.03 | 1014.06 | 1015.02 | 1013.68 | 1014.99 | 1014.31 | 1014.18 |
|        35 | 1012.71 | 1013.58 | 1013.08 | 1013.78 | 1013.75 | 1013.38 | 1013.87 | 1012.63 | 1013.62 | 1012.45 | 1012.95 | 1012.88 | 1014.42 | 1013.86 | 1014.54 | 1013.85 | 1013.07 | 1013.25 | 1012.96 | 1014.13 | 1013.50 | 1013.67 | 1012.62 | 1014.20 | 1014.31 | 1013.16 | 1012.57 | 1013.81 | 1013.86 | 1013.31 | 1013.81 | 1014.06 | 1013.09 | 1013.49 | 1013.58 | 1014.57 | 1013.31 | 1014.26 | 1013.86 | 1013.72 |
|        36 | 1012.34 | 1013.10 | 1012.99 | 1013.71 | 1013.42 | 1013.15 | 1013.77 | 1012.37 | 1013.67 | 1012.21 | 1012.81 | 1012.75 | 1014.35 | 1013.85 | 1014.27 | 1013.69 | 1012.85 | 1013.10 | 1012.46 | 1014.03 | 1013.37 | 1013.29 | 1012.38 | 1013.71 | 1014.00 | 1012.62 | 1012.26 | 1013.59 | 1013.30 | 1012.91 | 1013.80 | 1013.65 | 1012.70 | 1013.22 | 1013.23 | 1014.44 | 1013.13 | 1014.08 | 1013.54 | 1013.47 |
|        37 | 1011.65 | 1012.36 | 1012.27 | 1012.72 | 1012.60 | 1012.48 | 1013.39 | 1011.69 | 1013.34 | 1011.65 | 1012.29 | 1012.17 | 1013.70 | 1013.12 | 1013.50 | 1013.04 | 1012.28 | 1012.55 | 1011.84 | 1013.50 | 1012.81 | 1012.67 | 1011.88 | 1013.26 | 1013.50 | 1012.00 | 1011.54 | 1012.76 | 1012.68 | 1012.25 | 1013.34 | 1012.90 | 1011.98 | 1012.74 | 1012.51 | 1014.03 | 1012.61 | 1013.57 | 1013.07 | 1013.05 |
|        38 | 1011.14 | 1011.94 | 1011.91 | 1012.48 | 1011.96 | 1012.14 | 1013.06 | 1011.46 | 1013.11 | 1011.41 | 1011.93 | 1011.78 | 1013.27 | 1012.72 | 1013.15 | 1012.37 | 1011.96 | 1012.21 | 1011.34 | 1013.02 | 1012.45 | 1012.39 | 1011.41 | 1012.90 | 1013.31 | 1011.81 | 1010.92 | 1012.26 | 1012.10 | 1011.73 | 1012.77 | 1012.73 | 1011.51 | 1012.36 | 1012.29 | 1013.86 | 1012.30 | 1013.07 | 1012.72 | 1012.72 |
|        39 | 1010.47 | 1011.80 | 1012.06 | 1012.17 | 1011.58 | 1011.74 | 1012.58 | 1011.22 | 1012.65 | 1011.24 | 1011.68 | 1011.49 | 1012.85 | 1012.44 | 1012.95 | 1012.15 | 1011.49 | 1011.97 | 1010.88 | 1012.58 | 1011.88 | 1011.82 | 1010.97 | 1012.41 | 1012.86 | 1011.20 | 1010.68 | 1011.67 | 1011.77 | 1011.26 | 1012.32 | 1012.57 | 1011.12 | 1012.09 | 1011.83 | 1013.62 | 1011.68 | 1012.57 | 1012.34 | 1012.04 |
|        40 | 1010.16 | 1011.73 | 1011.95 | 1011.98 | 1011.46 | 1011.49 | 1012.47 | 1011.19 | 1012.58 | 1011.18 | 1011.85 | 1011.55 | 1012.71 | 1012.31 | 1012.85 | 1012.40 | 1011.33 | 1011.89 | 1010.97 | 1012.52 | 1011.58 | 1011.62 | 1010.95 | 1012.12 | 1012.63 | 1010.95 | 1010.85 | 1011.87 | 1011.76 | 1011.29 | 1012.22 | 1012.42 | 1011.02 | 1012.12 | 1011.74 | 1013.64 | 1011.36 | 1012.71 | 1012.29 | 1011.83 |
|        41 | 1010.33 | 1011.83 | 1012.09 | 1011.97 | 1011.71 | 1011.80 | 1012.83 | 1011.43 | 1012.72 | 1011.48 | 1012.12 | 1011.84 | 1012.91 | 1012.35 | 1012.89 | 1012.61 | 1011.51 | 1012.08 | 1010.96 | 1012.60 | 1011.59 | 1011.62 | 1011.23 | 1012.54 | 1012.83 | 1011.24 | 1010.97 | 1012.52 | 1011.94 | 1011.40 | 1012.44 | 1012.51 | 1010.93 | 1012.48 | 1011.87 | 1013.68 | 1011.56 | 1012.96 | 1012.46 | 1012.01 |
|        42 | 1011.05 | 1012.22 | 1012.44 | 1012.26 | 1012.14 | 1012.52 | 1013.14 | 1011.82 | 1013.05 | 1011.74 | 1012.73 | 1012.11 | 1013.20 | 1012.72 | 1013.16 | 1013.14 | 1012.09 | 1012.65 | 1011.29 | 1012.99 | 1012.00 | 1012.35 | 1011.81 | 1013.06 | 1013.28 | 1011.78 | 1011.25 | 1013.22 | 1012.25 | 1011.86 | 1012.80 | 1013.12 | 1011.41 | 1012.94 | 1012.59 | 1013.84 | 1012.15 | 1013.49 | 1012.74 | 1012.52 |
|        43 | 1011.67 | 1012.90 | 1013.00 | 1012.82 | 1012.57 | 1013.37 | 1013.86 | 1012.52 | 1013.64 | 1012.42 | 1013.69 | 1012.76 | 1013.75 | 1013.67 | 1013.73 | 1013.81 | 1012.87 | 1013.26 | 1011.77 | 1013.70 | 1012.70 | 1013.09 | 1012.48 | 1013.79 | 1014.16 | 1012.49 | 1011.94 | 1014.09 | 1012.93 | 1012.26 | 1013.20 | 1013.95 | 1012.26 | 1013.56 | 1013.38 | 1014.34 | 1012.97 | 1014.13 | 1013.28 | 1013.13 |
|        44 | 1012.22 | 1013.31 | 1013.43 | 1013.20 | 1013.04 | 1013.71 | 1014.37 | 1013.08 | 1014.04 | 1012.87 | 1014.34 | 1013.36 | 1014.23 | 1014.31 | 1014.35 | 1014.40 | 1013.56 | 1013.75 | 1012.15 | 1014.17 | 1013.28 | 1013.77 | 1012.79 | 1014.11 | 1014.58 | 1013.02 | 1012.64 | 1014.45 | 1013.40 | 1012.69 | 1013.47 | 1014.53 | 1012.89 | 1013.88 | 1013.89 | 1014.65 | 1013.54 | 1014.62 | 1013.66 | 1013.43 |
|        45 | 1012.85 | 1013.77 | 1013.85 | 1013.83 | 1013.53 | 1013.98 | 1014.94 | 1013.48 | 1014.19 | 1013.16 | 1015.05 | 1014.10 | 1014.69 | 1014.67 | 1014.85 | 1014.70 | 1013.86 | 1014.23 | 1012.47 | 1014.33 | 1013.75 | 1014.17 | 1013.03 | 1014.38 | 1014.73 | 1013.49 | 1013.06 | 1014.83 | 1013.50 | 1013.18 | 1013.82 | 1014.68 | 1013.11 | 1014.24 | 1014.06 | 1015.01 | 1014.06 | 1014.99 | 1013.99 | 1013.67 |
|        46 | 1013.37 | 1014.19 | 1014.10 | 1014.40 | 1013.93 | 1014.44 | 1015.48 | 1013.92 | 1014.40 | 1013.46 | 1015.42 | 1014.53 | 1015.03 | 1014.97 | 1015.27 | 1014.99 | 1013.99 | 1014.52 | 1012.77 | 1014.41 | 1014.13 | 1014.57 | 1013.44 | 1014.95 | 1015.09 | 1013.92 | 1013.54 | 1015.36 | 1013.80 | 1013.66 | 1014.39 | 1015.20 | 1013.28 | 1014.49 | 1014.31 | 1015.37 | 1014.39 | 1015.42 | 1014.30 | 1014.07 |
|        47 | 1013.54 | 1014.33 | 1013.98 | 1014.48 | 1014.15 | 1014.46 | 1015.69 | 1014.04 | 1014.57 | 1013.54 | 1015.29 | 1014.48 | 1015.15 | 1015.13 | 1015.53 | 1015.04 | 1014.13 | 1014.55 | 1012.95 | 1014.53 | 1014.18 | 1014.73 | 1013.62 | 1015.25 | 1015.29 | 1014.05 | 1013.53 | 1015.51 | 1013.72 | 1013.68 | 1014.73 | 1015.48 | 1013.45 | 1014.63 | 1014.49 | 1015.48 | 1014.49 | 1015.58 | 1014.43 | 1014.39 |
|        48 | 1013.50 | 1014.36 | 1013.64 | 1014.35 | 1014.03 | 1014.47 | 1015.74 | 1014.01 | 1014.37 | 1013.45 | 1015.10 | 1014.28 | 1015.00 | 1015.07 | 1015.51 | 1014.90 | 1014.21 | 1014.41 | 1012.75 | 1014.46 | 1013.88 | 1014.56 | 1013.55 | 1015.25 | 1015.18 | 1013.92 | 1013.39 | 1015.52 | 1013.52 | 1013.46 | 1014.73 | 1015.43 | 1013.23 | 1014.66 | 1014.44 | 1015.22 | 1014.60 | 1015.62 | 1014.46 | 1014.27 |
|        51 | 1013.40 | 1014.78 | 1013.67 | 1014.28 | 1014.10 | 1014.71 | 1016.01 | 1013.99 | 1013.92 | 1013.28 | 1015.10 | 1014.15 | 1015.41 | 1014.95 | 1015.78 | 1015.00 | 1014.25 | 1014.15 | 1012.88 | 1014.79 | 1013.75 | 1014.85 | 1013.24 | 1015.30 | 1015.21 | 1014.07 | 1013.35 | 1015.50 | 1013.30 | 1013.51 | 1014.92 | 1015.49 | 1013.23 | 1014.76 | 1014.46 | 1014.77 | 1014.85 | 1015.42 | 1014.47 | 1013.91 |
|        54 | 1014.02 | 1015.52 | 1014.42 | 1014.83 | 1014.94 | 1015.12 | 1016.42 | 1015.32 | 1014.89 | 1014.21 | 1015.58 | 1014.83 | 1015.93 | 1015.45 | 1016.52 | 1015.70 | 1014.69 | 1014.70 | 1013.72 | 1015.62 | 1014.34 | 1015.34 | 1014.04 | 1015.87 | 1015.69 | 1014.49 | 1013.83 | 1016.18 | 1013.89 | 1014.22 | 1015.71 | 1015.85 | 1014.03 | 1015.39 | 1015.74 | 1015.34 | 1015.81 | 1016.15 | 1015.44 | 1014.53 |
|        57 | 1014.68 | 1016.34 | 1014.85 | 1015.34 | 1015.39 | 1015.53 | 1016.68 | 1016.09 | 1015.46 | 1014.92 | 1016.06 | 1015.37 | 1016.99 | 1015.79 | 1016.85 | 1016.22 | 1015.16 | 1015.39 | 1014.43 | 1016.38 | 1014.69 | 1016.57 | 1014.32 | 1016.19 | 1016.35 | 1014.64 | 1013.87 | 1017.03 | 1014.31 | 1015.33 | 1016.20 | 1016.63 | 1014.60 | 1015.77 | 1016.40 | 1015.87 | 1016.20 | 1016.90 | 1016.00 | 1014.94 |
|        60 | 1013.57 | 1014.76 | 1013.90 | 1013.88 | 1014.69 | 1014.38 | 1015.00 | 1015.37 | 1014.88 | 1014.10 | 1014.60 | 1014.52 | 1016.40 | 1015.13 | 1015.87 | 1015.90 | 1014.68 | 1014.90 | 1013.81 | 1015.59 | 1013.35 | 1015.31 | 1013.73 | 1014.82 | 1015.55 | 1014.18 | 1012.69 | 1016.50 | 1013.62 | 1015.49 | 1015.64 | 1014.67 | 1014.56 | 1015.17 | 1015.15 | 1015.81 | 1015.07 | 1016.62 | 1015.03 | 1014.01 |
|        63 | 1012.67 | 1014.08 | 1012.34 | 1012.46 | 1014.01 | 1013.33 | 1013.34 | 1014.84 | 1014.56 | 1012.91 | 1013.69 | 1013.21 | 1015.32 | 1013.93 | 1015.19 | 1014.81 | 1014.19 | 1013.59 | 1012.89 | 1014.72 | 1013.03 | 1014.13 | 1012.78 | 1013.98 | 1015.20 | 1013.27 | 1011.56 | 1015.10 | 1012.64 | 1015.02 | 1015.03 | 1013.71 | 1013.52 | 1014.44 | 1014.53 | 1015.56 | 1014.13 | 1016.23 | 1013.60 | 1012.81 |
|        66 | 1013.38 | 1014.54 | 1012.51 | 1013.11 | 1014.22 | 1014.21 | 1013.92 | 1015.87 | 1015.73 | 1013.93 | 1014.23 | 1013.72 | 1015.90 | 1014.85 | 1015.69 | 1015.44 | 1015.60 | 1014.19 | 1013.05 | 1015.64 | 1014.15 | 1014.69 | 1014.14 | 1014.50 | 1015.37 | 1014.05 | 1012.21 | 1015.96 | 1013.19 | 1015.15 | 1015.80 | 1013.94 | 1013.40 | 1015.16 | 1015.69 | 1016.18 | 1014.60 | 1015.93 | 1013.91 | 1013.60 |
|        69 | 1014.56 | 1015.90 | 1013.45 | 1014.11 | 1015.49 | 1015.45 | 1015.58 | 1017.07 | 1017.07 | 1014.90 | 1015.13 | 1015.10 | 1017.23 | 1015.95 | 1016.98 | 1016.41 | 1017.27 | 1015.89 | 1014.07 | 1016.89 | 1015.44 | 1017.01 | 1015.65 | 1015.96 | 1016.85 | 1015.68 | 1013.10 | 1017.32 | 1014.21 | 1016.45 | 1016.91 | 1015.35 | 1014.88 | 1016.35 | 1017.00 | 1017.33 | 1016.00 | 1017.18 | 1014.85 | 1015.17 |
|        72 | 1014.50 | 1015.76 | 1013.10 | 1014.29 | 1015.45 | 1015.62 | 1015.75 | 1016.86 | 1017.24 | 1014.92 | 1015.10 | 1014.95 | 1017.27 | 1016.48 | 1017.15 | 1016.82 | 1017.90 | 1015.70 | 1014.52 | 1016.66 | 1015.81 | 1016.79 | 1015.95 | 1016.14 | 1016.80 | 1015.46 | 1013.58 | 1017.28 | 1014.83 | 1016.31 | 1017.28 | 1015.41 | 1014.78 | 1016.34 | 1016.94 | 1017.37 | 1015.93 | 1017.38 | 1014.68 | 1015.36 |
|        78 | 1015.03 | 1016.76 | 1013.71 | 1015.15 | 1015.81 | 1016.59 | 1017.02 | 1017.57 | 1017.92 | 1015.84 | 1016.05 | 1015.96 | 1017.96 | 1016.96 | 1018.06 | 1017.18 | 1018.83 | 1016.16 | 1014.78 | 1017.25 | 1016.79 | 1017.90 | 1016.71 | 1017.52 | 1017.63 | 1015.63 | 1014.70 | 1017.64 | 1015.48 | 1016.85 | 1018.23 | 1016.51 | 1015.36 | 1017.01 | 1017.51 | 1018.23 | 1016.65 | 1018.11 | 1015.44 | 1015.93 |
|        84 | 1014.76 | 1016.01 | 1013.84 | 1014.88 | 1015.17 | 1016.75 | 1018.00 | 1017.58 | 1017.87 | 1016.20 | 1015.86 | 1015.90 | 1017.33 | 1016.16 | 1017.73 | 1017.95 | 1018.99 | 1015.60 | 1014.77 | 1017.15 | 1016.84 | 1017.68 | 1016.12 | 1017.01 | 1017.88 | 1015.74 | 1015.32 | 1017.52 | 1015.65 | 1015.71 | 1018.04 | 1016.33 | 1015.92 | 1017.44 | 1016.88 | 1017.18 | 1017.20 | 1018.45 | 1015.30 | 1016.08 |
|        90 | 1014.18 | 1014.97 | 1013.79 | 1014.72 | 1014.38 | 1016.03 | 1017.62 | 1016.87 | 1017.81 | 1015.65 | 1015.00 | 1015.17 | 1017.39 | 1015.82 | 1017.34 | 1017.21 | 1018.10 | 1014.46 | 1014.09 | 1016.73 | 1017.46 | 1017.00 | 1015.74 | 1015.71 | 1016.94 | 1014.38 | 1014.89 | 1016.56 | 1014.99 | 1015.12 | 1016.70 | 1015.58 | 1015.04 | 1017.43 | 1015.49 | 1016.64 | 1016.47 | 1017.48 | 1014.40 | 1014.95 |
|        96 | 1015.40 | 1015.77 | 1014.85 | 1016.30 | 1014.56 | 1017.16 | 1018.98 | 1017.77 | 1018.60 | 1016.57 | 1016.54 | 1016.32 | 1018.22 | 1016.59 | 1018.30 | 1017.75 | 1018.49 | 1015.47 | 1014.78 | 1017.58 | 1018.62 | 1018.16 | 1016.67 | 1016.79 | 1017.31 | 1015.43 | 1016.24 | 1017.56 | 1016.29 | 1015.36 | 1017.97 | 1017.22 | 1016.30 | 1017.65 | 1015.69 | 1017.56 | 1016.83 | 1018.36 | 1015.48 | 1015.67 |
|       102 | 1015.53 | 1015.62 | 1014.90 | 1016.38 | 1013.59 | 1016.96 | 1019.49 | 1017.49 | 1018.44 | 1016.35 | 1016.91 | 1016.34 | 1018.57 | 1016.41 | 1018.26 | 1017.22 | 1017.83 | 1015.47 | 1014.19 | 1017.44 | 1018.59 | 1018.47 | 1016.24 | 1016.75 | 1016.74 | 1015.05 | 1016.08 | 1016.77 | 1016.53 | 1014.98 | 1018.10 | 1017.48 | 1015.73 | 1017.76 | 1015.61 | 1017.84 | 1017.02 | 1017.76 | 1015.57 | 1016.07 |
|       108 | 1015.42 | 1014.50 | 1014.52 | 1016.10 | 1012.30 | 1015.42 | 1019.16 | 1016.47 | 1017.33 | 1015.42 | 1015.62 | 1016.06 | 1017.80 | 1016.00 | 1016.69 | 1016.48 | 1016.19 | 1014.00 | 1012.96 | 1016.43 | 1018.22 | 1017.59 | 1014.24 | 1015.54 | 1014.93 | 1014.15 | 1015.27 | 1016.38 | 1015.74 | 1013.78 | 1016.61 | 1016.46 | 1014.72 | 1016.56 | 1014.48 | 1017.27 | 1016.52 | 1016.01 | 1015.29 | 1015.06 |
|       114 | 1014.57 | 1012.98 | 1013.62 | 1014.59 | 1010.56 | 1013.71 | 1018.27 | 1015.40 | 1016.14 | 1013.93 | 1014.41 | 1014.67 | 1016.62 | 1015.68 | 1014.73 | 1015.70 | 1014.35 | 1012.43 | 1011.57 | 1015.05 | 1016.59 | 1015.42 | 1012.04 | 1014.24 | 1012.74 | 1012.42 | 1013.72 | 1015.25 | 1014.29 | 1015.47 | 1014.89 | 1014.96 | 1012.99 | 1015.64 | 1013.36 | 1016.04 | 1014.25 | 1013.96 | 1014.37 | 1013.96 |
|       120 | 1015.74 | 1013.56 | 1014.28 | 1014.99 | 1011.31 | 1014.67 | 1019.47 | 1016.23 | 1016.87 | 1014.49 | 1015.35 | 1015.52 | 1017.55 | 1017.52 | 1014.92 | 1017.04 | 1014.19 | 1012.96 | 1013.81 | 1016.23 | 1017.28 | 1015.31 | 1011.30 | 1015.48 | 1012.84 | 1012.33 | 1014.24 | 1016.40 | 1014.89 | 1018.41 | 1015.58 | 1015.86 | 1012.43 | 1016.15 | 1014.15 | 1017.67 | 1014.46 | 1014.15 | 1015.73 | 1015.68 |
