# variable: Mean Sea Level Pressure
# units: hPa
# 
| fcst_hour |       1 |       2 |       3 |       4 |       5 |       6 |       7 |       8 |       9 |      10 |      11 |      12 |      13 |      14 |      15 |      16 |      17 |      18 |      19 |      20 |      21 |      22 |      23 |      24 |      25 |      26 |      27 |      28 |      29 |      30 |      31 |      32 |      33 |      34 |      35 |      36 |      37 |      38 |      39 |      40 |
|         0 | 1019.18 | 1018.49 | 1018.95 | 1019.83 | 1018.65 | 1018.95 | 1018.45 | 1018.53 | 1018.95 | 1017.99 | 1018.87 | 1019.49 | 1018.79 | 1019.64 | 1018.14 | 1019.74 | 1018.69 | 1019.19 | 1018.63 | 1018.51 | 1019.12 | 1019.59 | 1018.28 | 1017.52 | 1018.66 | 1019.00 | 1019.06 | 1018.38 | 1018.76 | 1019.32 | 1018.52 | 1019.02 | 1019.06 | 1018.81 | 1018.43 | 1019.12 | 1018.06 | 1019.08 | 1018.97 | 1018.95 |
|         1 | 1019.41 | 1018.49 | 1019.05 | 1019.97 | 1018.59 | 1019.02 | 1018.54 | 1018.83 | 1018.93 | 1018.16 | 1019.17 | 1019.43 | 1018.94 | 1019.52 | 1018.48 | 1019.83 | 1018.72 | 1019.26 | 1018.69 | 1018.38 | 1019.47 | 1019.62 | 1018.50 | 1017.78 | 1018.84 | 1019.10 | 1019.11 | 1018.29 | 1018.62 | 1019.09 | 1018.44 | 1019.07 | 1019.08 | 1018.87 | 1018.59 | 1019.48 | 1018.28 | 1019.00 | 1018.74 | 1019.27 |
|         2 | 1019.26 | 1018.64 | 1019.11 | 1019.72 | 1018.51 | 1018.88 | 1018.41 | 1018.72 | 1018.62 | 1017.99 | 1019.08 | 1019.71 | 1018.57 | 1019.21 | 1018.34 | 1019.84 | 1018.87 | 1019.32 | 1018.44 | 1018.28 | 1019.51 | 1019.65 | 1018.32 | 1018.03 | 1018.83 | 1018.84 | 1018.96 | 1018.40 | 1018.66 | 1018.76 | 1018.35 | 1019.18 | 1019.03 | 1018.60 | 1018.47 | 1019.68 | 1018.26 | 1018.75 | 1018.76 | 1019.15 |
|         3 | 1019.70 | 1018.87 | 1019.46 | 1019.72 | 1018.78 | 1019.41 | 1018.70 | 1018.75 | 1019.08 | 1018.64 | 1019.10 | 1019.84 | 1018.65 | 1019.62 | 1018.84 | 1020.17 | 1019.11 | 1019.83 | 1018.95 | 1018.77 | 1019.88 | 1019.88 | 1019.08 | 1018.07 | 1019.17 | 1019.19 | 1019.38 | 1018.74 | 1018.88 | 1019.15 | 1018.59 | 1019.60 | 1019.37 | 1018.95 | 1018.50 | 1019.92 | 1018.51 | 1018.94 | 1019.05 | 1019.75 |
|         4 | 1019.42 | 1018.61 | 1019.42 | 1019.65 | 1018.89 | 1019.22 | 1018.52 | 1018.52 | 1018.94 | 1018.53 | 1018.68 | 1019.58 | 1018.55 | 1019.58 | 1018.96 | 1019.89 | 1018.89 | 1019.81 | 1019.09 | 1018.67 | 1019.91 | 1019.95 | 1019.06 | 1017.93 | 1019.06 | 1019.03 | 1019.07 | 1018.65 | 1019.03 | 1019.21 | 1018.45 | 1019.55 | 1019.31 | 1018.61 | 1018.41 | 1019.65 | 1018.59 | 1018.58 | 1019.17 | 1019.76 |
|         5 | 1019.75 | 1018.76 | 1019.59 | 1019.85 | 1018.84 | 1019.52 | 1018.35 | 1018.53 | 1019.34 | 1018.85 | 1018.87 | 1019.72 | 1018.84 | 1019.64 | 1019.13 | 1019.74 | 1018.98 | 1019.99 | 1019.49 | 1018.85 | 1020.32 | 1020.04 | 1018.98 | 1018.12 | 1019.30 | 1019.21 | 1018.95 | 1018.58 | 1019.18 | 1019.49 | 1018.60 | 1019.60 | 1019.64 | 1018.97 | 1018.62 | 1019.94 | 1018.32 | 1018.66 | 1019.40 | 1019.90 |
|         6 | 1020.04 | 1018.86 | 1019.82 | 1019.88 | 1018.95 | 1020.00 | 1018.27 | 1018.39 | 1019.42 | 1018.95 | 1019.13 | 1020.47 | 1019.16 | 1019.46 | 1019.44 | 1019.51 | 1019.30 | 1020.22 | 1019.52 | 1019.01 | 1020.82 | 1020.40 | 1019.08 | 1018.38 | 1019.71 | 1019.32 | 1019.39 | 1018.82 | 1019.26 | 1019.74 | 1018.76 | 1020.19 | 1019.95 | 1019.22 | 1018.56 | 1020.25 | 1018.49 | 1019.22 | 1019.70 | 1020.15 |
|         7 | 1020.10 | 1019.04 | 1020.07 | 1020.25 | 1018.92 | 1020.29 | 1018.70 | 1018.77 | 1019.62 | 1019.36 | 1019.19 | 1020.89 | 1019.39 | 1019.36 | 1019.58 | 1019.66 | 1019.95 | 1020.69 | 1020.00 | 1019.36 | 1021.24 | 1020.58 | 1019.44 | 1018.51 | 1019.87 | 1019.58 | 1019.63 | 1018.97 | 1019.35 | 1020.21 | 1019.08 | 1020.62 | 1020.38 | 1019.51 | 1018.52 | 1020.51 | 1018.97 | 1019.62 | 1019.65 | 1020.47 |
|         8 | 1020.20 | 1019.21 | 1020.31 | 1020.72 | 1019.06 | 1020.79 | 1019.21 | 1019.05 | 1020.10 | 1019.71 | 1019.49 | 1021.36 | 1019.87 | 1019.41 | 1020.23 | 1020.09 | 1020.42 | 1021.09 | 1020.23 | 1019.54 | 1021.57 | 1020.99 | 1019.93 | 1018.68 | 1019.98 | 1020.24 | 1020.15 | 1019.68 | 1019.81 | 1020.42 | 1019.42 | 1021.08 | 1020.88 | 1019.54 | 1018.85 | 1020.73 | 1019.77 | 1020.05 | 1020.18 | 1020.81 |
|         9 | 1019.95 | 1018.91 | 1020.31 | 1020.42 | 1019.04 | 1020.69 | 1018.99 | 1019.01 | 1020.10 | 1019.61 | 1019.00 | 1021.06 | 1019.33 | 1019.15 | 1020.05 | 1020.23 | 1020.41 | 1020.91 | 1019.83 | 1019.30 | 1021.28 | 1020.48 | 1019.88 | 1018.60 | 1019.80 | 1020.02 | 1019.81 | 1019.59 | 1019.53 | 1020.00 | 1019.42 | 1020.98 | 1020.84 | 1019.13 | 1018.90 | 1020.68 | 1019.51 | 1019.57 | 1019.87 | 1020.46 |
|        10 | 1019.39 | 1017.99 | 1019.48 | 1019.79 | 1018.20 | 1020.11 | 1018.06 | 1018.34 | 1019.65 | 1018.94 | 1018.15 | 1020.47 | 1018.82 | 1018.60 | 1019.44 | 1019.60 | 1019.72 | 1020.22 | 1019.14 | 1018.50 | 1020.74 | 1020.01 | 1019.27 | 1018.18 | 1019.24 | 1019.26 | 1019.19 | 1018.71 | 1018.78 | 1019.46 | 1018.75 | 1020.32 | 1020.38 | 1017.98 | 1018.29 | 1020.41 | 1018.89 | 1018.69 | 1019.17 | 1019.86 |
|        11 | 1019.73 | 1018.14 | 1019.19 | 1019.46 | 1017.53 | 1019.89 | 1018.12 | 1018.18 | 1019.66 | 1018.85 | 1017.09 | 1020.19 | 1018.83 | 1018.22 | 1018.69 | 1019.22 | 1019.38 | 1020.18 | 1019.38 | 1018.14 | 1020.28 | 1019.77 | 1018.91 | 1018.35 | 1019.15 | 1018.92 | 1018.91 | 1018.92 | 1018.29 | 1019.30 | 1018.14 | 1020.08 | 1019.82 | 1017.76 | 1018.12 | 1020.23 | 1018.86 | 1018.24 | 1018.68 | 1019.58 |
|        12 | 1019.89 | 1018.86 | 1019.69 | 1019.60 | 1017.09 | 1019.63 | 1018.42 | 1017.97 | 1019.72 | 1018.73 | 1016.84 | 1020.39 | 1018.94 | 1018.86 | 1018.24 | 1018.90 | 1019.54 | 1020.23 | 1019.57 | 1018.73 | 1019.81 | 1019.52 | 1018.82 | 1018.39 | 1019.46 | 1018.85 | 1019.08 | 1019.19 | 1018.23 | 1019.59 | 1018.03 | 1020.13 | 1019.75 | 1017.52 | 1018.72 | 1019.86 | 1019.12 | 1018.10 | 1018.53 | 1019.22 |
|        13 | 1020.69 | 1019.52 | 1020.70 | 1020.21 | 1018.25 | 1020.26 | 1019.21 | 1018.57 | 1020.37 | 1019.47 | 1017.81 | 1020.99 | 1019.61 | 1019.30 | 1018.95 | 1019.95 | 1020.54 | 1021.04 | 1019.94 | 1019.54 | 1020.03 | 1020.31 | 1019.69 | 1019.30 | 1020.27 | 1019.85 | 1020.25 | 1019.93 | 1018.69 | 1020.24 | 1018.31 | 1021.37 | 1020.59 | 1019.05 | 1019.34 | 1021.16 | 1020.01 | 1019.29 | 1019.17 | 1020.13 |
|        14 | 1020.82 | 1019.68 | 1020.68 | 1020.34 | 1018.51 | 1020.28 | 1019.08 | 1018.92 | 1020.41 | 1019.57 | 1018.27 | 1021.20 | 1019.98 | 1019.52 | 1019.51 | 1020.11 | 1020.54 | 1021.05 | 1020.17 | 1019.43 | 1020.04 | 1020.53 | 1019.97 | 1019.48 | 1020.33 | 1019.87 | 1020.35 | 1020.28 | 1019.24 | 1020.25 | 1018.35 | 1021.17 | 1020.89 | 1019.27 | 1019.60 | 1021.13 | 1020.20 | 1019.09 | 1018.72 | 1020.79 |
|        15 | 1021.71 | 1020.77 | 1021.19 | 1021.16 | 1019.11 | 1020.99 | 1019.79 | 1020.13 | 1020.81 | 1020.28 | 1019.20 | 1021.73 | 1020.90 | 1020.23 | 1020.33 | 1020.53 | 1021.30 | 1021.91 | 1021.16 | 1020.08 | 1021.22 | 1020.95 | 1020.59 | 1020.28 | 1020.80 | 1020.58 | 1021.25 | 1021.29 | 1019.89 | 1020.83 | 1018.96 | 1021.90 | 1021.52 | 1019.63 | 1020.60 | 1021.57 | 1020.95 | 1019.57 | 1019.54 | 1021.64 |
|        16 | 1021.32 | 1020.97 | 1021.32 | 1021.38 | 1019.40 | 1021.26 | 1020.13 | 1020.43 | 1020.89 | 1020.50 | 1019.42 | 1021.85 | 1021.42 | 1020.67 | 1020.41 | 1020.80 | 1021.29 | 1022.28 | 1021.64 | 1020.27 | 1020.95 | 1020.83 | 1020.89 | 1020.68 | 1020.88 | 1020.68 | 1021.59 | 1021.80 | 1020.43 | 1021.08 | 1019.49 | 1021.96 | 1021.65 | 1019.61 | 1020.92 | 1021.54 | 1021.17 | 1019.63 | 1019.78 | 1022.17 |
|        17 | 1022.23 | 1021.93 | 1022.40 | 1022.26 | 1020.54 | 1022.21 | 1021.22 | 1021.76 | 1022.02 | 1021.48 | 1020.46 | 1022.75 | 1022.69 | 1022.14 | 1021.16 | 1021.83 | 1022.29 | 1023.21 | 1022.99 | 1021.29 | 1022.00 | 1022.01 | 1021.91 | 1021.92 | 1021.81 | 1022.04 | 1022.49 | 1022.93 | 1021.75 | 1022.18 | 1021.12 | 1022.99 | 1022.67 | 1020.72 | 1022.06 | 1022.31 | 1022.43 | 1020.86 | 1021.20 | 1023.33 |
|        18 | 1023.50 | 1023.14 | 1023.41 | 1023.24 | 1021.73 | 1023.28 | 1022.31 | 1022.88 | 1023.22 | 1022.73 | 1021.64 | 1023.87 | 1024.00 | 1023.38 | 1022.30 | 1023.28 | 1023.17 | 1024.13 | 1024.15 | 1022.48 | 1023.13 | 1023.19 | 1023.10 | 1023.12 | 1022.94 | 1023.35 | 1023.78 | 1024.20 | 1023.19 | 1023.42 | 1022.52 | 1024.22 | 1023.80 | 1021.97 | 1023.21 | 1023.34 | 1023.40 | 1022.25 | 1022.66 | 1024.30 |
|        19 | 1024.88 | 1024.20 | 1024.58 | 1024.27 | 1022.99 | 1024.34 | 1023.63 | 1024.03 | 1024.26 | 1023.98 | 1022.77 | 1024.87 | 1025.12 | 1024.65 | 1023.59 | 1024.52 | 1024.32 | 1025.27 | 1025.14 | 1023.54 | 1024.21 | 1024.37 | 1024.41 | 1024.12 | 1024.01 | 1024.73 | 1025.12 | 1025.55 | 1024.53 | 1024.58 | 1023.95 | 1025.45 | 1025.09 | 1023.33 | 1024.26 | 1024.74 | 1024.73 | 1023.57 | 1023.71 | 1025.41 |
|        20 | 1025.40 | 1024.65 | 1025.10 | 1025.00 | 1023.78 | 1024.94 | 1024.57 | 1024.63 | 1024.77 | 1024.64 | 1023.46 | 1025.46 | 1025.76 | 1025.40 | 1024.46 | 1025.20 | 1025.21 | 1025.95 | 1025.71 | 1024.01 | 1024.84 | 1025.07 | 1025.44 | 1024.74 | 1024.41 | 1025.48 | 1025.79 | 1026.14 | 1025.25 | 1025.21 | 1024.76 | 1026.06 | 1025.65 | 1023.80 | 1024.75 | 1025.21 | 1025.56 | 1024.20 | 1024.34 | 1026.10 |
|        21 | 1025.87 | 1024.95 | 1025.61 | 1025.48 | 1024.55 | 1025.45 | 1025.46 | 1025.10 | 1025.60 | 1025.19 | 1023.91 | 1025.88 | 1026.40 | 1026.09 | 1025.30 | 1025.62 | 1025.98 | 1026.69 | 1025.84 | 1024.38 | 1025.47 | 1025.92 | 1025.97 | 1025.52 | 1024.94 | 1026.05 | 1026.09 | 1026.59 | 1025.74 | 1026.04 | 1025.37 | 1026.30 | 1026.41 | 1024.39 | 1025.41 | 1025.81 | 1026.31 | 1024.57 | 1024.76 | 1026.71 |
|        22 | 1026.45 | 1025.51 | 1026.33 | 1025.94 | 1025.29 | 1026.11 | 1026.14 | 1025.78 | 1026.56 | 1025.75 | 1024.68 | 1026.45 | 1027.04 | 1026.80 | 1026.03 | 1026.35 | 1026.63 | 1027.18 | 1026.19 | 1025.10 | 1026.31 | 1026.79 | 1026.57 | 1026.33 | 1025.51 | 1026.72 | 1026.65 | 1026.89 | 1026.38 | 1026.79 | 1026.07 | 1026.89 | 1027.25 | 1024.79 | 1026.13 | 1026.40 | 1026.86 | 1025.18 | 1025.23 | 1027.29 |
|        23 | 1027.35 | 1026.25 | 1026.99 | 1026.59 | 1026.00 | 1026.72 | 1026.94 | 1026.40 | 1027.10 | 1026.48 | 1025.51 | 1027.16 | 1027.57 | 1027.44 | 1026.66 | 1027.00 | 1027.17 | 1027.68 | 1027.06 | 1025.91 | 1026.84 | 1027.50 | 1027.06 | 1027.10 | 1026.48 | 1027.23 | 1027.37 | 1027.53 | 1027.15 | 1027.48 | 1026.59 | 1027.80 | 1027.87 | 1025.42 | 1026.82 | 1027.19 | 1027.49 | 1025.82 | 1025.81 | 1027.92 |
|        24 | 1028.00 | 1026.91 | 1027.56 | 1027.15 | 1026.71 | 1027.47 | 1027.41 | 1027.07 | 1027.42 | 1027.20 | 1026.11 | 1027.73 | 1028.10 | 1027.96 | 1027.11 | 1027.78 | 1027.93 | 1028.22 | 1027.96 | 1026.58 | 1027.47 | 1028.33 | 1027.60 | 1027.61 | 1027.26 | 1027.96 | 1028.06 | 1028.02 | 1027.70 | 1027.97 | 1027.08 | 1028.30 | 1028.30 | 1026.18 | 1027.33 | 1027.86 | 1027.88 | 1026.44 | 1026.28 | 1028.67 |
|        25 | 1028.29 | 1027.39 | 1027.87 | 1027.67 | 1027.17 | 1028.02 | 1027.93 | 1027.38 | 1027.87 | 1027.52 | 1026.48 | 1028.36 | 1028.48 | 1028.30 | 1027.64 | 1028.48 | 1028.61 | 1028.65 | 1028.33 | 1027.18 | 1027.80 | 1028.92 | 1028.14 | 1028.00 | 1027.99 | 1028.47 | 1028.46 | 1028.34 | 1027.99 | 1028.28 | 1027.34 | 1028.67 | 1028.57 | 1026.78 | 1027.67 | 1028.09 | 1028.11 | 1026.80 | 1026.82 | 1029.09 |
|        26 | 1028.46 | 1027.52 | 1028.11 | 1027.98 | 1027.47 | 1028.27 | 1028.01 | 1027.70 | 1028.44 | 1027.36 | 1026.67 | 1028.72 | 1028.58 | 1028.47 | 1028.08 | 1028.91 | 1028.95 | 1028.73 | 1028.24 | 1027.48 | 1028.31 | 1029.26 | 1028.48 | 1028.19 | 1028.20 | 1028.43 | 1028.86 | 1028.57 | 1028.13 | 1028.45 | 1027.60 | 1028.96 | 1028.80 | 1027.15 | 1027.81 | 1028.32 | 1028.33 | 1027.03 | 1027.21 | 1029.36 |
|        27 | 1028.60 | 1027.60 | 1028.17 | 1028.02 | 1027.20 | 1028.46 | 1027.91 | 1027.65 | 1028.81 | 1027.34 | 1026.60 | 1028.72 | 1028.65 | 1028.59 | 1028.15 | 1028.77 | 1028.98 | 1028.66 | 1028.08 | 1027.72 | 1028.36 | 1029.20 | 1028.52 | 1028.31 | 1028.28 | 1028.29 | 1029.06 | 1028.65 | 1028.14 | 1028.51 | 1027.56 | 1029.22 | 1028.91 | 1027.13 | 1027.81 | 1028.45 | 1028.40 | 1027.18 | 1027.09 | 1029.33 |
|        28 | 1028.97 | 1027.69 | 1028.73 | 1028.37 | 1027.16 | 1028.68 | 1027.89 | 1027.93 | 1029.03 | 1027.47 | 1027.16 | 1028.83 | 1028.95 | 1028.79 | 1028.34 | 1028.82 | 1029.16 | 1028.90 | 1028.38 | 1028.00 | 1028.76 | 1029.53 | 1028.70 | 1028.65 | 1028.57 | 1028.41 | 1029.45 | 1028.87 | 1028.28 | 1028.71 | 1027.85 | 1029.47 | 1029.22 | 1027.40 | 1028.16 | 1028.73 | 1028.69 | 1027.54 | 1027.19 | 1029.55 |
|        29 | 1029.08 | 1027.93 | 1028.95 | 1028.60 | 1027.06 | 1028.86 | 1027.93 | 1028.07 | 1029.17 | 1027.42 | 1027.52 | 1028.93 | 1029.15 | 1028.95 | 1028.59 | 1029.03 | 1029.47 | 1029.20 | 1028.67 | 1028.13 | 1028.95 | 1029.73 | 1028.87 | 1028.97 | 1028.77 | 1028.84 | 1029.69 | 1029.17 | 1028.29 | 1028.75 | 1027.86 | 1029.60 | 1029.54 | 1027.51 | 1028.47 | 1028.78 | 1028.85 | 1027.85 | 1027.17 | 1029.71 |
|        30 | 1029.29 | 1028.47 | 1029.39 | 1029.11 | 1027.49 | 1029.28 | 1028.27 | 1028.63 | 1029.56 | 1027.81 | 1028.06 | 1029.29 | 1029.47 | 1029.22 | 1029.03 | 1029.69 | 1030.28 | 1029.46 | 1029.06 | 1028.49 | 1029.31 | 1030.34 | 1029.12 | 1029.46 | 1029.31 | 1029.36 | 1030.17 | 1029.61 | 1028.57 | 1029.30 | 1028.28 | 1029.98 | 1030.20 | 1027.90 | 1028.99 | 1029.15 | 1029.33 | 1028.42 | 1027.52 | 1030.14 |
|        31 | 1029.34 | 1028.60 | 1029.38 | 1029.19 | 1027.70 | 1029.55 | 1028.32 | 1028.75 | 1029.67 | 1027.98 | 1028.56 | 1029.17 | 1029.54 | 1029.39 | 1029.06 | 1029.83 | 1030.65 | 1029.51 | 1028.92 | 1028.73 | 1029.24 | 1030.49 | 1029.23 | 1029.49 | 1029.32 | 1029.30 | 1030.34 | 1029.51 | 1028.54 | 1029.38 | 1028.39 | 1030.19 | 1030.09 | 1027.97 | 1029.09 | 1029.35 | 1029.36 | 1028.69 | 1027.64 | 1030.32 |
|        32 | 1030.13 | 1029.45 | 1030.08 | 1030.04 | 1028.57 | 1030.42 | 1028.94 | 1029.41 | 1030.31 | 1028.95 | 1029.42 | 1030.09 | 1030.39 | 1029.94 | 1029.55 | 1030.16 | 1031.28 | 1030.17 | 1029.45 | 1029.31 | 1029.21 | 1031.02 | 1029.73 | 1030.12 | 1029.97 | 1029.83 | 1031.09 | 1030.24 | 1029.15 | 1029.85 | 1029.06 | 1030.49 | 1030.35 | 1028.70 | 1029.76 | 1030.04 | 1029.99 | 1029.49 | 1028.30 | 1030.98 |
|        33 | 1030.06 | 1029.13 | 1030.07 | 1030.12 | 1028.67 | 1030.46 | 1028.70 | 1029.55 | 1030.23 | 1028.72 | 1029.67 | 1029.90 | 1030.30 | 1029.74 | 1029.22 | 1030.03 | 1031.29 | 1030.10 | 1029.41 | 1029.34 | 1029.36 | 1030.76 | 1029.71 | 1030.20 | 1029.85 | 1029.69 | 1031.11 | 1030.18 | 1029.14 | 1029.81 | 1028.96 | 1030.85 | 1030.39 | 1028.91 | 1029.91 | 1029.58 | 1029.66 | 1029.42 | 1028.33 | 1030.75 |
|        34 | 1029.51 | 1028.65 | 1029.74 | 1029.65 | 1028.07 | 1030.01 | 1028.35 | 1029.14 | 1029.61 | 1028.38 | 1029.22 | 1029.50 | 1029.71 | 1029.13 | 1028.91 | 1029.67 | 1030.76 | 1029.77 | 1028.91 | 1029.03 | 1028.72 | 1030.24 | 1029.46 | 1029.81 | 1029.34 | 1029.16 | 1030.91 | 1029.73 | 1028.98 | 1029.39 | 1028.71 | 1030.31 | 1029.70 | 1028.63 | 1029.54 | 1028.90 | 1029.43 | 1028.89 | 1027.87 | 1030.11 |
|        35 | 1029.09 | 1028.16 | 1029.40 | 1029.15 | 1027.75 | 1029.48 | 1028.02 | 1028.69 | 1028.98 | 1028.02 | 1028.81 | 1028.99 | 1029.25 | 1028.71 | 1028.39 | 1029.31 | 1030.33 | 1029.21 | 1028.42 | 1028.64 | 1028.19 | 1029.63 | 1029.15 | 1029.43 | 1028.70 | 1028.48 | 1030.56 | 1029.23 | 1028.65 | 1029.01 | 1028.34 | 1029.99 | 1029.08 | 1028.26 | 1029.24 | 1028.39 | 1028.69 | 1028.51 | 1027.47 | 1029.51 |
|        36 | 1028.26 | 1027.45 | 1028.41 | 1028.26 | 1027.02 | 1028.54 | 1027.52 | 1027.84 | 1028.36 | 1027.22 | 1028.09 | 1028.03 | 1028.55 | 1028.09 | 1027.45 | 1028.49 | 1029.52 | 1028.41 | 1027.57 | 1027.91 | 1027.26 | 1028.67 | 1028.30 | 1028.59 | 1027.71 | 1027.60 | 1029.59 | 1028.53 | 1027.92 | 1028.35 | 1027.30 | 1029.22 | 1028.28 | 1027.60 | 1028.44 | 1027.51 | 1027.57 | 1028.03 | 1026.64 | 1028.56 |
|        37 | 1027.50 | 1026.84 | 1027.75 | 1027.63 | 1026.54 | 1027.71 | 1026.86 | 1027.26 | 1027.79 | 1026.39 | 1027.53 | 1027.11 | 1027.94 | 1027.59 | 1026.56 | 1027.72 | 1028.92 | 1027.63 | 1026.93 | 1027.33 | 1026.39 | 1027.66 | 1027.67 | 1028.14 | 1026.94 | 1027.10 | 1028.64 | 1028.08 | 1027.26 | 1027.74 | 1026.51 | 1028.35 | 1027.60 | 1027.03 | 1027.91 | 1026.70 | 1026.56 | 1027.72 | 1025.91 | 1027.65 |
|        38 | 1027.14 | 1026.31 | 1026.96 | 1027.22 | 1025.87 | 1027.03 | 1026.11 | 1026.66 | 1027.18 | 1025.70 | 1027.08 | 1026.27 | 1027.44 | 1027.07 | 1025.85 | 1027.08 | 1028.45 | 1026.91 | 1026.41 | 1026.85 | 1025.73 | 1026.98 | 1027.20 | 1027.72 | 1026.45 | 1026.58 | 1027.86 | 1027.32 | 1026.61 | 1027.30 | 1026.08 | 1027.64 | 1027.11 | 1026.49 | 1027.31 | 1025.99 | 1025.89 | 1027.39 | 1025.19 | 1026.78 |
|        39 | 1026.89 | 1026.00 | 1026.48 | 1026.96 | 1025.25 | 1026.45 | 1025.68 | 1026.22 | 1026.83 | 1025.48 | 1026.93 | 1025.85 | 1026.91 | 1026.65 | 1025.48 | 1026.60 | 1028.30 | 1026.49 | 1026.12 | 1026.60 | 1025.15 | 1026.41 | 1026.97 | 1027.36 | 1026.31 | 1026.15 | 1027.60 | 1026.78 | 1026.18 | 1027.02 | 1025.76 | 1027.30 | 1026.57 | 1026.14 | 1027.02 | 1025.67 | 1025.46 | 1027.14 | 1024.87 | 1026.44 |
|        40 | 1026.59 | 1025.86 | 1026.58 | 1026.75 | 1025.12 | 1026.34 | 1025.48 | 1026.30 | 1026.94 | 1025.35 | 1026.78 | 1025.81 | 1026.72 | 1026.78 | 1025.38 | 1026.60 | 1028.47 | 1026.37 | 1026.24 | 1026.78 | 1024.85 | 1026.10 | 1027.02 | 1027.10 | 1026.36 | 1025.90 | 1027.53 | 1026.57 | 1026.15 | 1027.20 | 1025.60 | 1027.42 | 1026.49 | 1026.17 | 1027.05 | 1025.31 | 1025.22 | 1027.19 | 1024.90 | 1026.51 |
|        41 | 1026.29 | 1025.75 | 1026.66 | 1026.48 | 1024.92 | 1026.34 | 1025.33 | 1026.27 | 1027.09 | 1024.88 | 1026.53 | 1025.46 | 1026.60 | 1026.91 | 1025.11 | 1026.54 | 1028.40 | 1026.14 | 1026.18 | 1027.07 | 1024.73 | 1025.90 | 1027.03 | 1027.06 | 1026.07 | 1025.84 | 1027.27 | 1026.43 | 1026.04 | 1027.13 | 1025.57 | 1027.35 | 1026.30 | 1026.09 | 1027.22 | 1024.92 | 1024.77 | 1027.26 | 1024.73 | 1026.36 |
|        42 | 1026.50 | 1026.03 | 1026.83 | 1026.55 | 1025.43 | 1026.78 | 1025.33 | 1026.53 | 1027.37 | 1024.86 | 1026.72 | 1025.40 | 1026.92 | 1027.20 | 1025.22 | 1026.83 | 1028.75 | 1026.27 | 1026.38 | 1027.63 | 1025.13 | 1026.06 | 1027.41 | 1027.45 | 1026.21 | 1026.17 | 1027.50 | 1026.59 | 1026.17 | 1027.41 | 1025.95 | 1027.52 | 1026.52 | 1026.33 | 1027.45 | 1025.15 | 1024.68 | 1027.63 | 1024.94 | 1026.58 |
|        43 | 1026.23 | 1025.79 | 1026.58 | 1026.43 | 1025.24 | 1026.73 | 1025.12 | 1026.30 | 1027.04 | 1024.44 | 1026.57 | 1025.24 | 1026.78 | 1027.06 | 1024.85 | 1026.64 | 1028.60 | 1025.96 | 1026.01 | 1027.71 | 1024.97 | 1025.67 | 1027.12 | 1027.50 | 1025.96 | 1026.28 | 1027.46 | 1026.59 | 1026.08 | 1027.66 | 1025.82 | 1027.48 | 1026.37 | 1026.30 | 1027.09 | 1024.98 | 1024.43 | 1027.75 | 1024.38 | 1026.31 |
|        44 | 1026.09 | 1025.54 | 1026.53 | 1026.42 | 1025.11 | 1026.50 | 1025.28 | 1026.23 | 1026.95 | 1024.28 | 1026.55 | 1024.98 | 1026.87 | 1027.01 | 1024.75 | 1026.60 | 1028.66 | 1025.77 | 1025.91 | 1027.90 | 1024.79 | 1025.52 | 1027.13 | 1027.75 | 1025.82 | 1026.43 | 1027.32 | 1026.59 | 1025.85 | 1027.50 | 1025.76 | 1027.40 | 1026.49 | 1026.24 | 1026.91 | 1024.77 | 1024.34 | 1027.83 | 1023.97 | 1026.50 |
|        45 | 1025.69 | 1025.16 | 1026.03 | 1026.15 | 1024.76 | 1025.95 | 1024.98 | 1025.70 | 1026.63 | 1023.93 | 1026.11 | 1024.46 | 1026.50 | 1026.49 | 1024.30 | 1026.26 | 1028.28 | 1025.27 | 1025.55 | 1027.68 | 1024.24 | 1025.04 | 1026.80 | 1027.35 | 1025.26 | 1026.01 | 1027.01 | 1026.29 | 1025.47 | 1027.13 | 1025.41 | 1026.77 | 1026.14 | 1025.85 | 1026.70 | 1024.26 | 1023.90 | 1027.74 | 1023.54 | 1026.19 |
|        46 | 1025.40 | 1024.75 | 1025.63 | 1025.87 | 1024.50 | 1025.43 | 1024.57 | 1025.35 | 1026.55 | 1023.71 | 1025.85 | 1023.94 | 1026.25 | 1025.98 | 1024.06 | 1026.05 | 1027.94 | 1024.84 | 1025.30 | 1027.46 | 1023.90 | 1024.46 | 1026.41 | 1027.01 | 1024.80 | 1025.81 | 1026.62 | 1026.07 | 1025.12 | 1026.81 | 1025.14 | 1026.30 | 1025.75 | 1025.40 | 1026.34 | 1024.10 | 1023.62 | 1027.64 | 1023.22 | 1025.91 |
|        47 | 1025.03 | 1024.27 | 1025.11 | 1025.73 | 1024.06 | 1024.98 | 1024.24 | 1024.92 | 1026.26 | 1023.33 | 1025.24 | 1023.46 | 1025.88 | 1025.55 | 1023.70 | 1025.58 | 1027.57 | 1024.26 | 1024.76 | 1026.96 | 1023.53 | 1023.82 | 1025.98 | 1026.54 | 1024.23 | 1025.45 | 1026.01 | 1025.63 | 1024.85 | 1026.35 | 1024.74 | 1025.92 | 1025.25 | 1024.81 | 1025.92 | 1023.82 | 1023.26 | 1027.12 | 1022.99 | 1025.51 |
|        48 | 1024.69 | 1023.98 | 1024.88 | 1025.49 | 1023.46 | 1024.63 | 1024.29 | 1024.49 | 1026.06 | 1023.07 | 1024.85 | 1023.20 | 1025.74 | 1025.41 | 1023.35 | 1025.20 | 1027.28 | 1023.93 | 1024.58 | 1026.62 | 1023.32 | 1023.49 | 1025.49 | 1026.34 | 1023.87 | 1025.11 | 1025.66 | 1025.41 | 1024.57 | 1026.02 | 1024.36 | 1025.70 | 1024.79 | 1024.56 | 1025.59 | 1023.62 | 1022.87 | 1026.90 | 1022.68 | 1025.46 |
|        51 | 1023.39 | 1023.22 | 1024.03 | 1024.78 | 1022.50 | 1023.33 | 1023.55 | 1023.50 | 1025.33 | 1022.34 | 1024.13 | 1022.12 | 1025.17 | 1024.42 | 1022.89 | 1024.24 | 1026.42 | 1022.54 | 1024.07 | 1026.03 | 1022.45 | 1022.65 | 1024.28 | 1025.56 | 1022.57 | 1024.41 | 1024.21 | 1024.32 | 1023.86 | 1025.22 | 1023.27 | 1024.62 | 1023.82 | 1023.99 | 1024.60 | 1022.35 | 1022.29 | 1026.20 | 1021.12 | 1024.70 |
|        54 | 1022.28 | 1022.52 | 1022.34 | 1023.89 | 1021.26 | 1022.16 | 1022.53 | 1022.10 | 1024.77 | 1021.56 | 1023.32 | 1020.67 | 1024.50 | 1023.90 | 1022.22 | 1023.13 | 1025.44 | 1021.42 | 1023.55 | 1025.26 | 1022.02 | 1021.73 | 1023.44 | 1024.67 | 1021.44 | 1023.56 | 1023.20 | 1023.17 | 1023.01 | 1024.49 | 1022.30 | 1023.68 | 1023.33 | 1023.05 | 1023.14 | 1021.01 | 1021.24 | 1025.31 | 1020.34 | 1024.01 |
|        57 | 1022.38 | 1022.29 | 1021.76 | 1023.67 | 1020.66 | 1020.94 | 1022.03 | 1021.49 | 1023.80 | 1020.55 | 1022.91 | 1019.75 | 1024.47 | 1023.43 | 1021.50 | 1022.13 | 1024.99 | 1021.24 | 1023.25 | 1025.03 | 1021.72 | 1020.78 | 1022.57 | 1023.27 | 1020.30 | 1022.96 | 1022.62 | 1022.16 | 1021.85 | 1023.85 | 1021.37 | 1022.84 | 1022.67 | 1022.17 | 1022.06 | 1019.66 | 1021.00 | 1024.31 | 1019.09 | 1023.53 |
|        60 | 1019.58 | 1019.72 | 1018.13 | 1021.10 | 1017.83 | 1017.68 | 1018.64 | 1018.95 | 1020.71 | 1018.59 | 1020.49 | 1017.52 | 1021.83 | 1020.41 | 1018.69 | 1019.35 | 1021.81 | 1018.51 | 1021.28 | 1022.41 | 1019.35 | 1018.25 | 1019.55 | 1020.95 | 1017.57 | 1019.97 | 1020.83 | 1019.34 | 1019.32 | 1020.70 | 1019.00 | 1020.15 | 1020.13 | 1019.38 | 1019.80 | 1017.08 | 1017.81 | 1020.87 | 1016.56 | 1020.47 |
|        63 | 1017.25 | 1017.77 | 1014.55 | 1018.52 | 1014.80 | 1014.45 | 1015.29 | 1017.21 | 1017.98 | 1015.76 | 1017.92 | 1014.92 | 1018.57 | 1017.97 | 1016.35 | 1016.87 | 1019.02 | 1015.70 | 1018.95 | 1020.01 | 1017.22 | 1016.40 | 1017.22 | 1017.96 | 1015.36 | 1016.83 | 1019.10 | 1016.89 | 1016.52 | 1017.69 | 1016.43 | 1017.34 | 1017.20 | 1016.94 | 1017.06 | 1014.58 | 1013.93 | 1017.82 | 1014.06 | 1017.73 |
|        66 | 1017.98 | 1017.61 | 1013.91 | 1018.38 | 1014.50 | 1013.52 | 1014.00 | 1017.78 | 1017.94 | 1016.49 | 1018.46 | 1016.02 | 1017.32 | 1016.96 | 1016.51 | 1016.88 | 1017.96 | 1016.48 | 1018.56 | 1020.07 | 1018.16 | 1017.86 | 1016.76 | 1017.20 | 1016.52 | 1017.12 | 1020.13 | 1016.73 | 1015.93 | 1017.07 | 1016.57 | 1017.57 | 1017.30 | 1017.23 | 1016.82 | 1015.62 | 1014.23 | 1017.41 | 1014.27 | 1016.65 |
|        69 | 1017.99 | 1017.91 | 1013.96 | 1019.11 | 1015.04 | 1013.61 | 1013.44 | 1018.98 | 1018.35 | 1016.96 | 1019.14 | 1016.92 | 1017.01 | 1016.83 | 1017.30 | 1017.88 | 1018.10 | 1017.05 | 1018.74 | 1019.79 | 1018.95 | 1018.77 | 1017.88 | 1017.83 | 1017.02 | 1017.56 | 1020.27 | 1017.12 | 1016.78 | 1017.80 | 1018.20 | 1018.90 | 1017.93 | 1017.65 | 1017.94 | 1016.70 | 1015.07 | 1016.77 | 1015.70 | 1017.48 |
|        72 | 1017.35 | 1017.23 | 1013.84 | 1018.78 | 1014.80 | 1013.20 | 1013.05 | 1018.73 | 1018.70 | 1016.99 | 1018.80 | 1016.68 | 1016.03 | 1016.49 | 1017.41 | 1018.15 | 1017.66 | 1017.02 | 1017.99 | 1019.26 | 1018.90 | 1017.83 | 1018.02 | 1017.41 | 1016.76 | 1018.01 | 1019.71 | 1017.02 | 1016.88 | 1017.15 | 1017.78 | 1018.69 | 1017.88 | 1016.84 | 1017.77 | 1016.24 | 1014.66 | 1016.32 | 1015.54 | 1017.16 |
|        78 | 1015.85 | 1015.66 | 1014.94 | 1018.32 | 1016.77 | 1013.60 | 1014.18 | 1017.92 | 1018.27 | 1015.81 | 1017.41 | 1016.60 | 1015.48 | 1014.83 | 1016.62 | 1016.98 | 1017.61 | 1017.31 | 1015.47 | 1018.95 | 1017.08 | 1016.66 | 1017.01 | 1016.43 | 1016.95 | 1018.16 | 1017.66 | 1017.19 | 1016.21 | 1017.47 | 1017.77 | 1017.97 | 1016.76 | 1016.18 | 1017.29 | 1016.64 | 1015.34 | 1016.54 | 1015.85 | 1017.13 |
|        84 | 1014.65 | 1013.65 | 1013.95 | 1016.21 | 1015.44 | 1015.61 | 1013.96 | 1014.45 | 1015.97 | 1013.86 | 1014.80 | 1015.40 | 1012.83 | 1012.63 | 1014.22 | 1015.07 | 1016.95 | 1016.33 | 1011.34 | 1018.25 | 1014.97 | 1012.67 | 1012.69 | 1014.27 | 1014.60 | 1016.45 | 1014.19 | 1015.42 | 1012.99 | 1016.45 | 1013.90 | 1015.27 | 1013.57 | 1013.57 | 1014.71 | 1015.06 | 1014.01 | 1016.10 | 1012.85 | 1015.18 |
|        90 | 1010.93 | 1007.93 | 1011.23 | 1013.66 | 1011.48 | 1013.36 | 1012.77 | 1011.53 | 1012.15 | 1010.08 | 1010.99 | 1011.45 | 1011.84 | 1008.25 | 1010.51 | 1011.32 | 1015.34 | 1013.00 | 1007.93 | 1016.25 | 1011.52 | 1008.09 | 1008.82 | 1012.23 | 1009.93 | 1010.37 | 1009.57 | 1011.49 | 1009.32 | 1012.44 | 1009.22 | 1012.31 | 1008.69 | 1009.66 | 1010.50 | 1011.45 | 1010.74 | 1015.80 | 1008.31 | 1013.00 |
|        96 | 1007.08 | 1003.48 | 1007.18 | 1009.70 | 1004.33 | 1008.36 | 1009.43 | 1008.36 | 1007.48 | 1005.63 | 1007.87 | 1008.20 | 1008.79 | 1003.93 | 1005.75 | 1005.83 | 1011.78 | 1007.26 | 1008.15 | 1012.81 | 1007.56 | 1005.90 | 1004.82 | 1009.42 | 1008.17 | 1005.24 | 1001.27 | 1008.37 | 1003.25 | 1006.71 | 1006.17 | 1010.36 | 1006.55 | 1006.11 | 1007.49 | 1007.79 | 1006.83 | 1014.25 | 1002.31 | 1010.71 |
|       102 | 1000.05 |  999.52 |  998.79 | 1000.88 |  996.11 |  999.97 | 1005.28 | 1006.39 | 1002.73 | 1002.39 | 1005.57 | 1004.72 | 1003.29 | 1000.84 | 1000.34 |  998.89 | 1008.23 | 1001.68 | 1005.41 | 1006.80 | 1002.31 | 1003.22 | 1002.75 | 1006.14 | 1006.04 | 1001.72 |  997.62 | 1004.74 |  999.29 | 1002.10 | 1003.95 | 1006.69 | 1004.68 | 1002.93 | 1004.12 | 1003.94 | 1003.64 | 1009.12 |  997.36 | 1008.26 |
|       108 |  994.28 | 1005.14 |  996.52 | 1004.58 |  995.15 |  992.38 |  998.54 | 1005.92 |  999.91 | 1000.31 | 1004.58 | 1004.72 |  998.82 | 1005.24 | 1004.66 | 1001.48 | 1005.38 | 1005.21 | 1006.28 | 1005.56 | 1003.39 | 1003.15 | 1004.94 | 1003.09 | 1006.34 | 1001.95 | 1002.84 | 1002.79 | 1002.04 |  996.34 | 1006.68 | 1002.98 | 1004.46 | 1003.73 | 1003.30 | 1002.36 | 1004.53 | 1003.92 |  997.44 | 1007.71 |
|       114 |  999.13 | 1010.24 | 1003.61 | 1008.30 | 1003.55 |  996.45 | 1000.69 | 1011.21 |  999.99 | 1007.63 | 1003.39 | 1011.50 | 1005.69 | 1005.83 | 1011.44 | 1003.67 | 1010.40 | 1010.48 | 1003.16 | 1007.16 | 1005.37 | 1010.15 | 1005.87 | 1003.03 | 1013.17 | 1007.67 | 1007.59 | 1007.92 | 1000.68 | 1003.29 | 1009.07 | 1006.66 | 1004.74 | 1007.97 | 1007.75 | 1010.52 | 1006.17 | 1002.63 | 1004.13 | 1007.08 |
|       120 | 1009.37 | 1013.28 | 1006.65 | 1006.14 | 1005.24 | 1003.89 | 1004.02 | 1013.62 | 1006.19 | 1014.71 | 1010.36 | 1014.93 | 1008.82 | 1007.26 | 1014.40 | 1003.94 | 1016.74 | 1013.31 | 1005.14 | 1008.08 | 1007.45 | 1014.68 | 1005.01 | 1013.07 | 1015.69 | 1011.04 | 1011.15 | 1012.48 | 1003.06 | 1007.58 | 1011.29 | 1011.81 | 1007.39 | 1009.34 | 1011.15 | 1014.61 | 1011.41 | 1005.18 | 1006.09 | 1015.38 |
