# variable: Wind Gust at 10m, Maximum of Time Interval before fcst_hour
# units: km/h
# 
| fcst_hour |     1 |     2 |     3 |     4 |     5 |     6 |     7 |     8 |     9 |    10 |    11 |    12 |    13 |    14 |    15 |    16 |    17 |    18 |    19 |    20 |    21 |    22 |    23 |    24 |    25 |    26 |    27 |    28 |    29 |    30 |    31 |    32 |    33 |    34 |    35 |    36 |    37 |    38 |    39 |    40 |
|         1 |  3.06 |  2.91 |  5.05 |  1.97 |  1.04 |  2.61 |  1.75 |  1.54 |  1.67 |  4.47 |  2.75 |  3.98 |  3.16 |  3.69 |  1.38 |  2.02 |  3.01 |  1.03 |  1.73 |  2.56 |  3.64 |  4.19 |  1.95 |  4.21 |  2.34 |  2.14 |  4.49 |  2.77 |  4.34 |  4.04 |  5.23 |  3.88 |  2.70 |  5.75 |  3.23 |  2.67 |  4.32 |  1.68 |  2.29 |  4.53 |
|         2 |  2.31 |  2.14 |  4.65 |  1.66 |  0.45 |  2.12 |  1.36 |  1.83 |  2.14 |  3.93 |  2.78 |  3.99 |  2.80 |  3.64 |  1.72 |  2.42 |  2.99 |  1.03 |  1.57 |  2.56 |  3.90 |  4.10 |  1.74 |  4.37 |  2.25 |  1.12 |  4.24 |  2.78 |  4.29 |  4.02 |  5.24 |  3.99 |  2.79 |  5.33 |  2.66 |  2.68 |  3.79 |  1.72 |  2.28 |  4.36 |
|         3 |  1.70 |  1.40 |  3.04 |  1.50 |  1.15 |  1.96 |  1.94 |  0.89 |  2.32 |  2.83 |  2.32 |  2.98 |  2.47 |  3.99 |  2.03 |  2.85 |  2.78 |  0.87 |  1.21 |  1.73 |  3.43 |  3.09 |  1.46 |  4.41 |  2.30 |  0.71 |  2.95 |  2.27 |  3.17 |  3.09 |  4.26 |  3.88 |  2.52 |  4.06 |  1.26 |  2.96 |  3.36 |  2.02 |  1.52 |  4.28 |
|         4 |  1.58 |  1.52 |  2.95 |  1.41 |  1.31 |  2.26 |  2.43 |  1.33 |  2.30 |  2.16 |  2.73 |  3.07 |  2.58 |  4.45 |  2.13 |  2.68 |  3.02 |  0.80 |  1.79 |  2.06 |  3.54 |  3.70 |  1.59 |  4.69 |  3.29 |  0.90 |  3.75 |  2.79 |  3.73 |  3.53 |  4.35 |  4.21 |  3.17 |  4.14 |  1.47 |  2.96 |  3.72 |  2.43 |  2.31 |  4.66 |
|         5 |  2.04 |  2.32 |  4.49 |  1.87 |  0.86 |  2.86 |  3.48 |  1.62 |  2.82 |  2.78 |  3.36 |  3.61 |  3.38 |  5.00 |  2.38 |  3.47 |  3.93 |  1.31 |  2.72 |  3.00 |  3.99 |  5.01 |  2.03 |  4.87 |  4.42 |  0.90 |  4.74 |  3.78 |  4.66 |  4.62 |  4.83 |  4.63 |  3.56 |  5.20 |  1.95 |  4.06 |  4.26 |  3.19 |  3.55 |  5.09 |
|         6 |  2.04 |  2.69 |  5.25 |  1.88 |  1.26 |  3.08 |  3.60 |  2.04 |  2.86 |  3.42 |  4.22 |  3.81 |  3.77 |  4.06 |  2.66 |  3.67 |  3.98 |  0.95 |  3.43 |  3.33 |  4.07 |  5.31 |  2.04 |  4.82 |  4.62 |  1.73 |  4.49 |  4.52 |  5.83 |  4.59 |  4.96 |  4.48 |  3.76 |  5.29 |  2.29 |  4.93 |  4.61 |  3.58 |  4.15 |  5.15 |
|         7 |  6.20 |  5.11 |  6.54 |  4.25 |  3.65 |  5.50 |  5.15 |  4.58 |  5.42 |  5.63 |  5.30 |  6.07 |  5.92 |  4.72 |  4.76 |  5.27 |  5.19 |  3.39 |  5.45 |  5.11 |  5.52 |  6.39 |  3.79 |  6.11 |  5.69 |  3.90 |  5.24 |  5.93 |  7.33 |  6.03 |  5.84 |  5.52 |  5.48 |  6.67 |  4.89 |  6.25 |  6.44 |  5.67 |  5.16 |  5.97 |
|         8 | 10.76 | 12.45 | 15.16 | 11.13 |  6.05 | 12.25 | 11.46 | 11.45 | 12.26 | 13.92 | 11.89 | 12.77 | 13.55 | 11.53 | 11.12 | 12.15 | 12.67 |  6.62 | 11.43 | 11.31 | 12.70 | 12.06 | 10.97 | 15.35 | 13.17 | 10.77 | 12.40 | 12.55 | 15.18 | 13.97 | 12.91 | 12.22 | 12.79 | 12.40 | 10.26 | 12.87 | 13.86 | 10.91 |  8.98 | 13.99 |
|         9 | 13.95 | 15.27 | 19.57 | 15.27 | 12.91 | 15.75 | 14.37 | 15.95 | 16.40 | 16.74 | 15.19 | 16.27 | 14.26 | 17.46 | 14.78 | 15.02 | 16.45 | 10.35 | 14.05 | 14.71 | 16.94 | 15.34 | 14.88 | 20.21 | 15.98 | 14.33 | 16.32 | 15.13 | 18.48 | 18.49 | 14.50 | 16.44 | 16.40 | 15.30 | 15.78 | 15.74 | 17.32 | 14.87 | 11.04 | 17.34 |
|        10 | 18.60 | 17.35 | 24.00 | 18.07 | 17.92 | 18.39 | 18.91 | 18.99 | 21.43 | 20.87 | 17.54 | 20.45 | 17.68 | 22.57 | 18.71 | 19.01 | 21.66 | 13.76 | 16.12 | 18.70 | 20.97 | 20.01 | 18.15 | 24.36 | 19.53 | 18.59 | 20.14 | 18.09 | 21.69 | 21.66 | 17.23 | 20.55 | 20.53 | 16.48 | 20.33 | 20.35 | 21.32 | 19.39 | 15.19 | 20.72 |
|        11 | 22.86 | 19.19 | 26.45 | 20.40 | 20.28 | 19.93 | 23.92 | 21.95 | 23.22 | 25.26 | 20.25 | 22.69 | 24.12 | 24.67 | 21.05 | 23.68 | 24.31 | 18.11 | 17.59 | 22.21 | 22.84 | 22.83 | 21.92 | 25.14 | 23.00 | 22.80 | 23.35 | 21.82 | 24.77 | 24.63 | 20.69 | 23.73 | 24.50 | 18.42 | 24.69 | 24.26 | 24.66 | 23.59 | 19.46 | 23.14 |
|        12 | 23.76 | 19.99 | 26.98 | 20.97 | 20.67 | 20.79 | 25.82 | 23.10 | 23.15 | 28.11 | 21.99 | 24.14 | 27.04 | 25.24 | 21.46 | 25.77 | 24.44 | 21.79 | 20.02 | 24.27 | 22.76 | 23.55 | 25.31 | 26.06 | 24.78 | 23.77 | 26.57 | 24.50 | 26.15 | 25.99 | 23.13 | 25.95 | 26.68 | 19.44 | 25.35 | 26.01 | 26.68 | 26.31 | 21.55 | 23.80 |
|        13 | 24.44 | 21.72 | 27.30 | 22.30 | 20.06 | 22.69 | 25.86 | 23.86 | 23.09 | 28.88 | 23.06 | 25.22 | 27.46 | 25.41 | 21.74 | 26.57 | 24.76 | 22.14 | 22.05 | 24.91 | 23.31 | 24.04 | 25.57 | 26.38 | 24.98 | 23.81 | 27.78 | 26.86 | 26.81 | 26.34 | 24.42 | 27.42 | 27.58 | 20.47 | 24.87 | 26.62 | 27.16 | 27.41 | 22.48 | 24.30 |
|        14 | 26.10 | 23.45 | 27.40 | 22.40 | 19.45 | 22.97 | 24.93 | 23.96 | 22.85 | 28.80 | 23.59 | 25.12 | 26.77 | 24.65 | 22.83 | 25.93 | 24.82 | 22.78 | 23.09 | 24.82 | 23.37 | 23.61 | 25.41 | 25.23 | 24.58 | 23.50 | 27.89 | 26.86 | 26.66 | 25.04 | 24.19 | 27.44 | 27.71 | 21.03 | 23.77 | 27.24 | 26.29 | 26.99 | 23.26 | 23.97 |
|        15 | 25.69 | 22.97 | 27.47 | 22.07 | 19.25 | 22.17 | 23.98 | 23.69 | 23.24 | 27.27 | 23.74 | 24.94 | 24.83 | 24.53 | 23.19 | 24.31 | 24.65 | 22.78 | 22.89 | 23.91 | 22.84 | 23.24 | 23.69 | 23.93 | 23.68 | 22.28 | 27.01 | 26.92 | 26.27 | 22.85 | 23.95 | 26.40 | 27.33 | 21.46 | 23.77 | 27.11 | 25.32 | 26.59 | 23.25 | 23.97 |
|        16 | 23.80 | 22.26 | 27.04 | 21.73 | 18.59 | 20.48 | 23.54 | 23.20 | 22.99 | 24.83 | 23.29 | 23.91 | 21.65 | 23.73 | 21.92 | 21.97 | 23.70 | 21.41 | 22.30 | 22.55 | 20.92 | 22.34 | 20.65 | 22.74 | 20.53 | 21.37 | 25.37 | 24.82 | 25.27 | 21.88 | 23.09 | 22.46 | 25.63 | 20.96 | 23.80 | 25.68 | 21.97 | 24.14 | 21.33 | 22.99 |
|        17 | 17.69 | 18.23 | 22.62 | 17.04 | 17.31 | 16.01 | 19.89 | 20.26 | 18.76 | 20.11 | 18.89 | 19.90 | 16.37 | 19.38 | 17.63 | 18.36 | 19.69 | 18.30 | 19.57 | 18.70 | 16.35 | 18.97 | 15.99 | 18.51 | 13.71 | 18.43 | 20.74 | 19.24 | 20.95 | 17.51 | 20.14 | 16.61 | 20.93 | 17.20 | 20.01 | 20.91 | 17.24 | 19.32 | 18.67 | 18.99 |
|        18 | 10.91 | 12.03 | 14.11 | 10.65 | 12.38 | 11.05 | 11.84 | 12.78 | 10.08 | 13.24 | 11.12 | 12.55 | 10.81 | 10.69 | 11.83 | 11.41 | 11.93 | 11.40 | 12.27 | 13.84 | 11.31 | 11.50 | 12.79 | 10.92 | 10.15 | 11.40 | 12.94 | 13.26 | 13.61 | 13.08 | 12.78 | 10.18 | 15.37 | 13.93 | 13.68 | 13.52 | 10.72 | 11.56 | 11.85 | 10.89 |
|        19 |  9.13 |  9.89 | 10.05 |  9.29 | 11.63 |  9.77 | 10.39 |  9.48 |  8.00 | 10.75 |  8.38 | 10.42 | 10.08 |  8.72 | 10.06 |  9.56 |  9.65 |  9.78 |  8.92 | 11.65 |  9.62 |  9.58 | 10.45 |  9.72 |  9.52 | 10.33 | 10.49 | 12.22 | 11.60 | 10.76 | 10.23 |  9.94 | 12.94 | 11.68 | 11.26 | 10.38 |  8.85 |  9.47 |  9.57 |  9.15 |
|        20 |  6.59 |  8.27 |  8.70 |  7.17 | 10.10 |  8.45 |  8.76 |  6.87 |  6.05 |  9.78 |  6.46 |  8.88 |  8.27 |  8.09 |  8.06 |  8.13 |  8.49 |  7.63 |  6.23 | 10.25 |  9.37 |  7.07 |  6.71 |  8.81 |  7.50 |  9.39 |  9.75 |  9.34 | 11.00 |  9.51 |  8.60 |  7.45 | 11.06 |  9.29 |  9.74 |  8.99 |  7.51 |  7.56 |  5.87 |  7.42 |
|        21 |  6.28 |  7.21 |  9.61 |  6.16 |  9.38 |  7.83 |  8.30 |  6.03 |  5.91 |  9.66 |  6.78 |  8.87 |  9.40 |  9.13 |  9.29 |  8.16 |  8.15 |  7.81 |  7.45 | 11.50 |  8.57 |  7.23 |  6.55 |  9.15 |  7.72 | 10.08 |  9.75 |  6.25 | 10.51 | 10.28 |  8.40 |  8.14 | 10.07 |  7.32 |  9.31 |  8.41 |  7.61 |  6.15 |  6.78 |  8.56 |
|        22 |  7.89 |  7.67 |  9.69 |  7.37 | 10.05 |  8.20 |  8.31 |  7.70 |  7.82 |  9.57 |  7.65 |  9.60 | 10.17 |  9.89 |  8.86 |  8.48 |  9.02 |  9.37 |  8.30 | 10.86 |  7.36 |  9.04 |  8.21 |  9.54 |  8.76 | 10.45 |  9.82 |  8.89 |  9.19 | 10.66 |  8.49 |  8.68 |  9.70 |  7.84 |  9.74 |  9.33 |  8.11 |  7.16 |  8.31 |  9.58 |
|        23 |  8.80 |  7.84 |  9.71 |  7.84 | 10.77 |  9.02 |  8.64 |  8.48 |  8.20 |  9.75 |  8.20 |  9.97 | 10.46 |  9.94 |  8.54 |  9.05 |  9.57 | 10.34 |  8.31 | 10.79 |  7.41 |  9.00 |  8.69 |  9.98 |  9.61 | 10.66 |  9.58 |  9.50 | 10.02 | 10.63 |  9.07 |  8.64 | 10.45 |  8.56 |  9.68 |  9.92 |  8.71 |  7.42 |  8.81 |  9.73 |
|        24 |  8.89 |  7.72 |  9.98 |  7.99 | 11.59 |  9.80 |  9.50 |  8.37 |  7.80 | 10.11 |  8.70 | 10.52 | 10.25 |  9.54 |  9.49 |  9.28 |  9.52 | 10.49 |  8.08 | 11.20 |  7.69 |  9.18 |  9.38 | 10.42 |  9.65 | 10.63 |  9.58 |  9.31 |  9.61 | 10.52 |  9.35 |  8.86 | 11.43 |  8.98 |  9.53 |  9.60 |  8.92 |  8.06 |  8.07 |  9.74 |
|        25 |  8.70 |  7.65 | 10.54 |  8.50 | 12.51 | 10.51 |  9.73 |  7.90 |  8.31 | 10.93 |  8.73 | 11.13 | 10.96 |  8.74 | 10.59 | 10.32 |  9.74 | 10.62 |  8.25 | 12.42 |  7.75 |  9.73 | 10.19 | 11.48 | 10.24 | 10.57 | 10.13 | 10.06 | 10.00 | 10.73 |  9.58 |  8.75 | 12.54 |  9.43 |  9.97 | 10.32 |  9.02 |  8.49 |  7.88 |  9.28 |
|        26 |  9.44 |  7.88 | 10.73 |  9.43 | 12.72 | 11.17 | 10.61 |  8.16 |  8.34 | 11.13 |  9.08 | 11.40 | 11.75 |  8.85 | 11.60 | 11.01 |  9.99 | 11.29 |  8.07 | 13.36 |  8.52 |  9.96 | 10.45 | 11.62 | 11.35 | 11.19 | 10.53 | 11.35 | 10.04 | 11.21 |  9.86 |  9.03 | 12.70 | 10.15 | 10.09 | 11.18 |  9.68 |  9.29 |  7.93 |  9.63 |
|        27 | 10.44 |  9.13 | 11.15 |  9.87 | 13.29 | 11.49 | 11.40 |  8.70 |  8.52 | 11.48 |  9.55 | 12.45 | 12.81 |  9.01 | 11.80 | 11.74 | 10.77 | 12.06 |  8.87 | 13.34 |  9.63 | 10.58 | 11.25 | 11.90 | 11.92 | 12.32 | 11.00 | 11.82 | 10.39 | 11.19 | 10.14 |  8.53 | 13.93 | 11.95 | 10.38 | 11.95 |  9.93 |  9.79 |  8.58 | 10.75 |
|        28 | 10.79 |  9.93 | 11.24 | 10.55 | 14.43 | 12.35 | 11.98 |  9.91 |  8.67 | 11.80 |  9.95 | 13.25 | 13.56 |  9.29 | 11.26 | 12.41 | 11.73 | 12.08 |  9.06 | 13.60 | 10.22 | 11.34 | 13.13 | 12.94 | 13.12 | 12.74 | 12.05 | 11.90 |  9.69 | 10.72 | 10.47 |  8.90 | 14.56 | 12.75 | 10.63 | 12.73 | 10.52 | 10.04 |  8.58 | 11.30 |
|        29 | 11.34 | 10.11 | 11.31 | 10.94 | 15.42 | 13.10 | 13.15 | 11.40 |  9.11 | 12.45 | 10.18 | 13.44 | 13.59 |  9.31 | 11.92 | 13.36 | 12.47 | 12.43 |  9.30 | 14.31 | 10.63 | 12.81 | 14.36 | 14.01 | 13.46 | 13.05 | 12.37 | 12.92 |  8.08 | 12.01 | 10.93 |  8.90 | 14.79 | 12.63 | 11.12 | 13.37 | 11.81 | 10.56 |  8.41 | 11.30 |
|        30 | 11.56 |  9.50 | 11.59 | 11.44 | 15.47 | 13.63 | 13.94 | 11.60 |  9.94 | 12.78 | 10.58 | 14.31 | 13.19 |  8.56 | 12.02 | 13.88 | 12.74 | 12.39 | 10.02 | 14.66 | 10.62 | 13.35 | 14.99 | 14.41 | 13.56 | 13.14 | 12.86 | 13.77 |  4.94 | 12.01 | 10.83 |  8.60 | 14.89 | 11.50 | 11.51 | 13.72 | 11.92 | 11.59 |  8.18 | 11.45 |
|        31 | 14.53 |  9.43 | 15.24 | 17.05 | 20.38 | 19.84 | 19.56 | 12.34 | 12.00 | 17.46 | 13.22 | 20.73 | 18.61 |  8.89 | 15.30 | 20.08 | 17.36 | 13.37 | 12.15 | 18.34 | 11.54 | 18.17 | 18.17 | 21.13 | 16.02 | 20.08 | 14.77 | 16.90 |  5.07 | 12.77 | 11.42 |  9.46 | 20.63 | 12.92 | 14.27 | 20.48 | 13.98 | 14.35 |  8.89 | 13.26 |
|        32 | 26.51 | 18.01 | 27.57 | 24.69 | 27.39 | 26.32 | 29.82 | 23.34 | 23.80 | 29.10 | 24.25 | 26.82 | 27.21 | 15.70 | 20.50 | 27.43 | 27.74 | 20.97 | 22.69 | 21.80 | 20.01 | 24.60 | 24.53 | 28.44 | 25.52 | 26.14 | 24.49 | 20.85 |  7.47 | 16.56 | 21.00 | 18.78 | 28.09 | 19.97 | 25.92 | 26.70 | 22.30 | 24.06 | 15.41 | 23.04 |
|        33 | 30.41 | 19.94 | 30.44 | 28.11 | 31.71 | 28.77 | 35.01 | 24.91 | 26.82 | 32.94 | 27.79 | 30.25 | 30.45 | 15.99 | 21.36 | 30.96 | 31.25 | 21.13 | 24.60 | 21.87 | 23.26 | 27.25 | 26.76 | 32.75 | 26.41 | 30.94 | 30.57 | 21.30 |  9.61 | 16.70 | 21.25 | 20.39 | 33.69 | 23.80 | 29.47 | 29.71 | 23.05 | 25.76 | 16.09 | 25.46 |
|        34 | 32.36 | 20.15 | 31.21 | 29.77 | 32.48 | 30.46 | 37.48 | 25.94 | 28.95 | 36.09 | 28.93 | 30.63 | 32.66 | 11.11 | 20.92 | 31.77 | 33.52 | 18.70 | 25.59 | 19.87 | 23.43 | 27.90 | 28.98 | 35.30 | 26.31 | 32.17 | 32.97 | 19.04 | 12.84 | 13.29 | 20.42 | 20.83 | 36.55 | 23.93 | 33.00 | 30.83 | 22.92 | 27.06 | 13.98 | 25.46 |
|        35 | 32.19 | 16.18 | 31.00 | 29.80 | 32.37 | 30.40 | 37.54 | 26.20 | 29.37 | 36.84 | 28.95 | 30.20 | 33.25 | 28.50 | 18.66 | 30.70 | 33.96 | 19.25 | 26.07 | 13.47 | 23.45 | 27.35 | 30.27 | 35.83 | 23.13 | 31.63 | 33.90 | 14.42 | 19.65 | 18.08 | 18.24 | 18.30 | 36.62 | 23.42 | 33.43 | 30.68 | 18.21 | 28.75 |  8.64 | 24.96 |
|        36 | 31.67 |  9.89 | 30.12 | 29.42 | 31.44 | 28.21 | 34.97 | 26.31 | 28.77 | 36.43 | 28.75 | 29.58 | 32.37 | 35.89 | 11.63 | 25.06 | 33.47 | 27.58 | 26.00 | 21.25 | 23.01 | 22.77 | 30.29 | 36.02 | 12.40 | 30.05 | 34.22 | 23.10 | 21.18 | 24.90 | 16.29 | 13.52 | 36.00 | 20.26 | 33.57 | 27.79 | 24.84 | 28.59 | 11.18 | 24.52 |
|        37 | 30.04 | 16.43 | 27.84 | 28.47 | 29.48 | 24.41 | 33.61 | 24.56 | 27.76 | 33.48 | 26.71 | 27.57 | 29.94 | 35.33 |  6.87 | 19.13 | 32.31 | 29.25 | 24.38 | 24.85 | 22.59 | 15.39 | 27.51 | 34.78 |  5.90 | 27.60 | 32.53 | 30.01 | 29.88 | 29.22 | 16.22 |  9.12 | 33.27 | 14.51 | 32.22 | 24.74 | 37.42 | 26.73 | 17.98 | 22.87 |
|        38 | 26.29 | 25.53 | 24.08 | 28.20 | 26.67 | 22.82 | 33.10 | 24.18 | 25.32 | 32.34 | 23.50 | 24.22 | 26.68 | 29.32 | 13.25 | 11.45 | 29.84 | 28.79 | 22.06 | 24.94 | 21.20 |  8.99 | 23.28 | 31.76 |  6.97 | 25.04 | 28.69 | 31.62 | 30.55 | 29.51 | 13.95 |  7.65 | 31.09 |  9.79 | 29.62 | 20.54 | 37.69 | 24.18 | 22.65 | 21.48 |
|        39 | 21.71 | 35.83 | 20.74 | 27.22 | 24.05 | 21.66 | 29.33 | 23.71 | 21.82 | 29.58 | 21.30 | 20.11 | 24.61 | 18.14 | 26.39 |  8.91 | 27.86 | 27.92 | 20.41 | 23.96 | 18.92 | 17.32 | 20.77 | 27.86 | 17.51 | 20.51 | 26.96 | 31.26 | 29.12 | 29.02 | 14.88 | 13.31 | 30.32 | 23.39 | 28.17 | 17.91 | 33.59 | 21.17 | 27.90 | 18.77 |
|        40 | 19.26 | 37.93 | 19.59 | 24.37 | 20.85 | 18.30 | 25.61 | 20.24 | 17.51 | 24.45 | 19.03 | 15.83 | 21.49 | 14.92 | 36.01 |  5.58 | 25.10 | 28.34 | 18.19 | 22.34 | 14.64 | 30.08 | 18.67 | 23.76 | 32.95 | 16.76 | 22.12 | 27.65 | 25.94 | 26.93 | 14.12 | 16.69 | 29.35 | 39.04 | 25.05 | 14.97 | 30.70 | 18.74 | 29.48 | 17.35 |
|        41 | 13.92 | 36.06 | 12.65 | 16.91 | 16.19 | 14.67 | 21.44 | 14.56 | 11.15 | 19.55 | 12.42 | 11.63 | 16.39 | 14.70 | 35.97 | 10.05 | 17.44 | 27.92 | 12.92 | 20.23 |  6.99 | 32.77 | 12.35 | 20.44 | 33.59 | 13.69 | 19.39 | 25.49 | 23.90 | 26.03 |  7.34 | 18.64 | 24.17 | 39.94 | 19.29 | 10.41 | 27.72 | 11.94 | 29.98 | 12.76 |
|        42 |  9.30 | 31.93 |  5.85 |  9.64 | 10.81 |  6.35 | 14.13 |  6.04 |  4.54 | 14.09 |  5.37 |  6.21 |  9.58 |  7.23 | 31.53 | 15.59 |  9.74 | 28.15 |  5.68 | 16.74 |  3.63 | 30.62 |  7.08 | 14.05 | 28.93 |  8.69 | 14.17 | 20.73 | 20.68 | 25.09 | 20.00 | 24.18 | 16.39 | 37.22 | 12.31 |  5.22 | 20.95 |  7.64 | 29.78 |  5.47 |
|        43 |  7.89 | 30.20 |  3.29 |  9.71 |  9.05 | 15.28 | 11.15 |  5.07 |  2.60 | 12.09 |  5.15 |  2.36 |  6.30 |  5.17 | 27.78 | 17.58 |  7.81 | 25.75 |  4.18 | 16.45 |  9.49 | 24.84 |  3.72 |  9.34 | 20.98 |  7.83 | 11.20 | 15.31 | 18.06 | 24.28 | 27.71 | 24.32 | 12.58 | 32.30 |  9.18 |  3.24 | 16.72 |  5.40 | 26.62 |  3.42 |
|        44 |  4.12 | 26.91 |  1.93 |  9.50 |  7.04 | 17.34 |  9.10 |  3.28 |  2.07 | 10.27 |  5.86 |  2.58 |  4.08 |  3.61 | 25.41 | 17.39 |  5.66 | 20.38 |  2.07 | 15.66 | 13.51 | 22.29 |  2.20 |  6.53 | 18.46 |  7.73 | 11.20 | 14.91 | 16.16 | 23.09 | 27.21 | 21.48 | 10.68 | 29.05 |  8.80 |  0.52 | 14.17 |  2.72 | 23.64 |  2.76 |
|        45 |  2.70 | 22.15 |  2.12 |  9.11 |  5.50 | 20.75 | 10.09 |  3.26 |  2.37 | 10.94 |  8.28 |  5.14 |  2.68 |  2.35 | 23.53 | 15.61 |  6.79 | 15.57 |  0.46 | 13.12 | 13.95 | 18.88 |  2.15 | 10.10 | 17.80 |  7.17 | 12.11 | 12.27 | 14.37 | 21.93 | 19.30 | 19.18 |  9.28 | 24.27 |  8.54 |  0.55 | 10.53 |  2.08 | 20.17 | 10.84 |
|        46 |  3.35 | 18.35 |  2.41 |  8.88 |  5.61 | 20.21 | 10.14 |  3.43 |  2.31 | 11.74 |  8.51 |  8.29 |  2.19 |  3.66 | 20.04 | 14.24 |  8.59 | 14.89 |  2.03 | 11.16 | 13.23 | 15.29 |  2.12 | 10.86 | 16.01 |  7.05 | 12.48 |  8.79 | 12.50 | 19.16 | 17.36 | 18.30 | 10.46 | 19.76 |  8.09 |  1.09 |  7.80 |  2.95 | 17.06 | 12.49 |
|        47 |  3.52 | 15.80 |  2.13 |  9.20 |  5.60 | 21.76 | 10.01 |  2.85 |  1.69 | 11.55 |  8.49 |  8.40 |  2.61 |  3.27 | 17.51 | 13.99 |  8.88 | 14.52 |  4.93 |  9.37 | 10.59 | 11.47 |  1.90 | 10.56 | 13.79 |  7.92 | 12.33 |  5.99 | 12.08 | 16.02 | 15.36 | 15.53 | 11.68 | 16.18 |  7.54 |  2.36 |  4.00 |  2.96 | 14.48 | 11.36 |
|        48 |  3.31 | 13.70 |  1.62 |  9.28 |  5.85 | 22.29 |  9.95 |  4.07 |  1.31 | 10.04 |  7.84 |  7.35 |  4.14 |  1.49 | 13.95 | 14.34 |  8.53 | 15.68 |  6.81 |  7.63 |  9.40 |  8.31 |  2.01 |  9.48 | 12.41 |  8.50 | 11.10 |  5.69 | 11.55 | 12.55 | 12.22 | 14.81 | 11.93 | 14.05 |  7.72 |  3.25 |  3.13 |  2.21 | 12.30 |  9.74 |
|        51 |  2.59 | 11.25 |  1.13 |  6.33 |  6.06 | 15.00 |  8.77 |  4.93 |  1.09 |  7.83 |  5.67 |  6.50 |  6.31 |  4.35 |  7.46 | 11.13 |  8.52 | 22.12 |  5.56 |  3.38 |  6.86 |  7.73 |  0.97 |  8.89 |  9.41 |  7.73 |  8.48 |  3.79 |  7.48 | 10.30 |  5.62 | 11.28 |  9.56 |  9.09 |  7.22 |  7.02 |  0.85 |  1.73 |  8.79 |  7.81 |
|        54 |  2.96 |  9.15 |  1.28 |  3.91 |  7.91 | 10.19 |  8.35 |  3.75 |  2.58 |  7.44 |  5.04 |  4.68 |  6.89 |  2.64 |  9.17 |  3.86 |  7.21 | 17.17 |  1.33 |  3.69 |  5.08 |  3.00 |  3.75 |  6.59 |  7.76 |  8.49 |  9.23 |  3.91 |  4.50 |  8.56 |  2.91 |  8.67 | 10.28 |  6.41 |  8.68 |  6.73 |  1.20 |  2.10 |  5.09 |  4.94 |
|        57 | 14.68 | 15.06 |  9.16 | 18.03 | 19.20 | 18.99 | 24.97 |  7.24 |  5.72 | 18.79 | 12.30 |  6.07 | 16.65 |  6.46 | 14.64 | 15.88 | 18.41 | 23.01 |  5.84 |  8.76 | 16.29 | 11.01 | 12.83 | 18.06 | 11.64 | 21.95 | 20.32 |  9.32 |  4.67 |  9.59 |  5.12 | 18.01 | 20.42 | 11.35 | 19.09 | 15.70 |  5.80 | 13.72 |  6.54 |  4.91 |
|        60 | 17.63 | 17.21 | 21.78 | 23.28 | 24.45 | 26.68 | 28.21 |  8.85 |  4.97 | 23.88 | 15.07 | 13.92 | 19.39 |  7.04 | 13.44 | 21.57 | 25.37 | 24.95 | 24.79 | 16.60 | 12.59 | 10.08 | 11.89 | 22.09 |  9.62 | 26.12 | 25.22 | 11.69 |  6.97 |  9.68 |  6.58 | 23.12 | 24.36 | 11.04 | 22.44 | 15.70 |  7.89 | 16.39 |  9.10 |  8.68 |
|        63 | 15.15 |  8.57 | 22.35 | 22.59 | 24.95 | 16.50 | 26.68 |  6.68 |  6.73 | 25.21 | 15.07 | 13.64 | 17.51 | 15.47 |  8.19 | 18.97 | 24.41 | 23.28 | 22.02 | 13.43 |  8.46 |  8.96 |  9.24 | 20.93 | 10.55 | 25.54 | 23.17 |  8.87 |  6.23 | 12.84 | 14.29 | 13.40 | 24.98 | 11.20 | 20.95 | 12.00 |  4.87 | 10.81 |  6.80 |  8.88 |
|        66 |  4.99 |  1.70 | 12.43 |  8.99 | 12.10 |  2.33 | 10.53 |  4.41 |  2.39 | 11.42 |  6.65 |  2.63 |  6.04 |  7.46 |  1.25 |  8.30 | 11.90 |  9.83 | 12.54 |  3.02 |  4.07 |  3.47 |  5.67 |  9.09 | 10.31 | 10.49 | 11.73 |  6.24 |  5.15 | 13.47 |  9.54 |  5.55 | 10.40 | 12.55 |  6.52 |  5.23 |  3.98 |  5.30 |  1.16 |  6.78 |
|        69 |  2.58 |  3.16 | 11.59 |  9.78 |  6.77 |  3.40 |  5.09 |  5.88 |  5.24 | 10.13 |  3.60 |  5.33 |  4.20 |  2.32 |  2.80 |  3.12 |  5.14 |  6.08 |  6.22 |  2.77 |  5.68 |  5.01 |  9.04 |  6.95 |  9.63 |  8.31 |  7.33 |  6.70 |  1.59 |  6.87 |  7.93 |  3.96 | 10.83 |  7.03 |  6.09 |  7.15 |  1.96 |  6.47 |  1.85 |  3.86 |
|        72 |  2.25 |  0.76 | 13.01 |  9.70 |  6.14 |  3.79 |  3.06 |  4.35 |  5.43 | 13.10 |  6.41 |  4.42 |  3.92 |  1.98 |  1.06 |  6.30 |  8.49 |  4.56 |  3.32 |  9.37 |  2.80 |  2.47 |  8.94 |  4.17 |  9.13 |  7.32 |  5.00 |  8.33 |  3.50 |  7.75 |  9.08 |  1.20 | 10.44 |  9.27 |  5.02 |  9.94 |  1.36 |  9.42 |  3.53 |  3.99 |
|        78 |  3.03 |  5.42 | 15.50 | 11.24 |  7.84 |  8.95 |  3.41 |  3.21 | 13.54 | 12.60 |  9.79 |  3.74 |  4.44 |  2.13 |  4.91 |  7.86 |  9.58 |  2.39 | 10.79 | 10.55 | 11.05 |  4.45 |  7.75 |  3.77 |  8.08 |  6.61 |  3.22 | 14.37 | 14.53 | 10.43 | 10.25 | 10.67 | 11.90 | 17.40 |  6.55 | 13.93 | 11.55 | 12.70 | 10.72 |  8.37 |
|        84 | 12.45 | 16.29 | 44.11 | 30.65 | 27.55 | 25.14 | 29.63 | 21.20 | 35.86 | 35.35 | 31.57 | 11.62 | 18.15 | 23.68 | 21.12 | 29.23 | 31.58 | 23.33 | 25.99 | 32.74 | 31.80 | 31.03 | 22.78 | 26.41 | 22.75 | 26.36 | 25.51 | 33.48 | 31.33 | 30.53 | 31.26 | 30.66 | 34.97 | 31.99 | 29.45 | 32.39 | 32.40 | 34.23 | 27.53 | 31.77 |
|        90 |  5.69 |  9.89 | 25.82 | 15.87 | 14.17 | 11.61 | 11.68 |  7.14 | 23.55 | 12.79 | 14.54 |  2.55 |  8.41 | 10.90 | 11.98 | 12.99 | 13.84 | 16.87 | 14.51 | 15.69 | 19.03 | 16.42 | 12.48 | 13.56 | 15.04 |  9.63 | 12.29 | 23.94 | 15.12 | 14.26 | 14.56 |  9.79 | 19.80 | 15.30 | 13.64 | 14.45 | 15.57 | 18.07 |  6.68 | 17.23 |
|        96 |  4.30 |  7.37 | 25.41 |  9.02 | 10.38 |  2.57 |  9.19 |  4.15 | 16.52 |  9.45 | 10.40 |  2.15 |  3.76 |  8.66 | 11.48 |  8.96 |  9.21 | 13.05 | 11.25 | 12.82 | 15.22 | 12.65 | 11.72 |  5.92 |  9.59 |  2.64 |  8.14 | 20.62 | 15.44 |  9.34 |  9.40 |  5.63 | 16.61 | 16.27 | 13.04 | 12.53 | 14.72 | 11.57 |  5.43 | 13.51 |
|       102 |  5.43 |  6.48 | 26.96 |  8.49 | 10.61 |  2.48 |  9.60 |  2.58 | 20.83 |  8.29 |  9.56 |  3.90 |  5.19 |  9.00 | 13.07 |  9.32 |  9.23 | 18.01 | 11.97 | 14.20 | 16.36 | 14.60 | 12.97 |  6.81 |  9.60 |  4.09 |  6.41 | 25.50 | 18.32 | 11.33 |  9.13 |  6.82 | 18.60 | 21.26 | 14.54 | 13.00 | 20.69 | 16.48 |  8.87 | 16.19 |
|       108 | 22.35 | 12.41 | 45.20 | 21.25 | 27.92 | 16.16 | 32.67 | 25.23 | 42.96 | 12.50 | 26.94 | 22.86 | 29.81 | 27.87 | 34.53 | 27.03 | 27.63 | 38.41 | 29.98 | 42.42 | 33.04 | 36.89 | 33.10 | 21.99 | 22.13 |  8.25 | 20.11 | 46.25 | 35.67 | 32.85 | 19.52 | 27.76 | 38.23 | 35.60 | 40.37 | 23.31 | 34.05 | 37.87 |  9.35 | 39.37 |
|       114 |  7.22 |  4.98 | 29.68 |  7.53 | 15.26 |  4.37 | 16.32 | 14.90 | 22.30 |  4.66 | 12.12 |  7.75 | 15.46 |  9.43 | 19.51 | 10.78 | 12.50 | 16.19 | 13.13 | 27.63 | 13.88 | 16.55 | 14.67 | 11.17 | 16.05 |  3.75 |  4.96 | 30.40 | 21.69 | 13.39 |  9.45 | 12.16 | 18.55 | 22.51 | 22.97 | 12.58 | 18.73 | 22.90 |  8.97 | 16.77 |
|       120 | 12.96 |  7.04 | 20.35 |  3.26 |  1.46 |  4.04 | 11.56 | 39.37 | 17.87 |  6.38 |  2.13 | 15.58 | 12.97 |  2.09 | 19.81 |  3.59 |  2.81 |  9.01 |  3.14 | 18.35 |  2.94 | 11.87 |  8.45 |  1.62 |  8.82 |  3.31 |  6.34 | 25.21 | 15.42 |  5.98 |  4.83 |  7.25 | 11.21 | 23.68 | 18.47 |  6.88 |  8.33 | 14.73 |  9.30 | 10.01 |
