# variable: Total Cloud Cover
# units: percent
# 
| fcst_hour |      1 |      2 |     3 |      4 |      5 |      6 |      7 |      8 |      9 |     10 |     11 |     12 |     13 |     14 |     15 |     16 |     17 |     18 |     19 |     20 |     21 |     22 |     23 |     24 |     25 |     26 |     27 |     28 |     29 |     30 |     31 |     32 |     33 |     34 |     35 |     36 |     37 |     38 |     39 |     40 |
|         0 |  52.37 |  50.06 | 64.40 |  62.71 |  59.92 |  53.92 |  44.65 |  62.39 |  66.29 |  58.17 |  69.52 |  66.96 |  57.76 |  62.26 |  58.18 |  66.47 |  45.69 |  58.20 |  58.78 |  54.18 |  60.89 |  52.98 |  70.82 |  65.31 |  57.70 |  64.06 |  58.86 |  60.22 |  52.96 |  55.47 |  49.06 |  42.79 |  52.54 |  78.83 |  63.97 |  72.42 |  62.41 |  54.65 |  66.05 |  54.98 |
|         1 |  47.68 |  62.43 | 54.91 |  42.84 |  63.80 |  50.39 |  32.03 |  63.69 |  62.62 |  63.82 |  66.20 |  66.65 |  56.29 |  67.05 |  54.48 |  74.81 |  38.00 |  65.71 |  59.64 |  61.64 |  63.04 |  56.67 |  78.27 |  66.54 |  55.11 |  70.07 |  58.53 |  59.19 |  63.17 |  65.24 |  59.14 |  34.48 |  40.75 |  77.47 |  65.23 |  42.07 |  68.41 |  63.73 |  65.59 |  68.67 |
|         2 |  61.12 |  67.41 | 53.61 |  75.20 |  65.23 |  72.94 |  48.23 |  69.01 |  61.29 |  64.83 |  67.93 |  65.08 |  60.79 |  64.14 |  54.37 |  82.23 |  74.51 |  68.14 |  61.50 |  69.23 |  70.30 |  61.50 |  76.00 |  59.93 |  61.13 |  58.55 |  63.40 |  71.09 |  62.52 |  73.14 |  65.81 |  53.57 |  43.16 |  75.46 |  55.57 |  73.14 |  67.19 |  65.75 |  57.69 |  61.70 |
|         3 |  77.86 |  67.32 | 72.82 |  58.15 |  64.64 |  73.49 |  59.20 |  61.11 |  75.32 |  57.80 |  67.18 |  63.11 |  60.33 |  62.11 |  55.86 |  83.90 |  65.36 |  83.20 |  56.28 |  65.86 |  78.48 |  63.17 |  76.74 |  57.91 |  82.26 |  64.29 |  68.94 |  66.33 |  63.36 |  63.14 |  66.01 |  63.30 |  38.85 |  73.94 |  59.15 |  80.49 |  56.15 |  67.50 |  53.72 |  61.76 |
|         4 |  45.18 |  61.09 | 62.40 |  60.17 |  54.57 |  56.74 |  65.87 |  54.36 |  52.04 |  58.04 |  69.70 |  59.48 |  59.56 |  59.72 |  71.98 |  75.62 |  56.19 |  59.57 |  52.59 |  64.18 |  79.52 |  60.23 |  77.36 |  49.86 |  70.11 |  70.41 |  66.29 |  67.82 |  61.23 |  61.47 |  60.79 |  65.35 |  26.61 |  80.72 |  69.34 |  82.53 |  57.92 |  63.77 |  64.37 |  64.28 |
|         5 |  59.01 |  55.55 | 60.89 |  81.79 |  41.48 |  12.74 |  45.76 |  64.24 |  62.33 |  60.05 |  47.77 |  76.61 |  63.03 |  72.63 |  67.24 |  84.81 |  46.28 |  76.71 |  52.10 |  68.40 |  62.36 |  60.25 |  72.38 |  39.33 |  63.81 |  75.80 |  81.89 |  56.57 |  62.54 |  75.98 |  64.33 |  67.29 |  48.74 |  87.47 |  57.77 |  80.19 |  65.10 |  71.41 |  72.50 |  72.42 |
|         6 |  80.59 |  58.76 | 49.03 |  68.31 |  56.53 |  42.90 |  66.46 |  80.43 |  84.96 |  72.72 |  77.32 |  97.24 |  69.85 |  42.69 |  62.04 |  76.85 |  55.29 |  82.96 |  59.44 |  63.29 |  87.71 |  64.11 |  85.25 |  66.63 |  70.97 |  73.07 |  77.09 |  72.54 |  67.34 |  82.11 |  70.63 |  78.97 |  68.09 |  94.16 |  44.89 |  89.28 |  66.72 |  66.05 |  61.44 |  78.10 |
|         7 |  70.93 |  83.35 | 71.24 |  65.47 |  44.21 |  62.59 |  58.39 |  66.62 |  73.58 |  96.14 |  79.24 |  96.20 |  81.73 |  36.13 |  42.98 |  77.51 |  65.54 |  85.35 |  74.50 |  78.36 |  83.67 |  66.18 |  83.53 |  52.29 |  41.42 |  70.40 |  52.52 |  77.09 |  75.49 |  72.64 |  60.53 |  58.68 |  51.96 |  91.77 |  56.73 |  82.45 |  67.47 |  72.92 |  62.70 |  75.86 |
|         8 |  66.79 |  70.63 | 76.87 |  77.57 |  65.79 |  99.75 |  50.29 |  80.69 |  91.17 |  88.35 |  70.67 | 100.00 |  66.16 |  63.14 |  68.61 |  69.43 |  64.41 |  76.19 |  73.91 |  54.95 |  75.35 |  62.79 |  94.78 |  57.19 |  58.29 |  55.95 |  79.97 |  88.56 |  54.67 |  87.53 |  37.74 |  18.31 |  66.20 |  82.60 |  82.92 |  85.69 |  71.87 |  90.49 |  76.44 |  93.30 |
|         9 |  55.28 |  57.02 | 82.95 |  85.32 |  86.67 |  84.70 |  76.05 |  95.18 |  89.52 |  96.97 |  55.55 | 100.00 |  53.04 |  66.59 |  86.32 |  84.53 |  79.08 |  87.40 |  85.20 |  87.15 |  71.90 |  48.86 |  91.03 |  83.62 |  79.17 |  70.58 |  86.57 |  77.78 |  70.29 |  75.96 |  30.56 |  35.46 |  87.61 |  87.44 |  85.86 |  87.30 |  97.96 |  81.82 |  82.04 |  87.77 |
|        10 |  88.21 |  83.66 | 88.97 | 100.00 |  90.69 | 100.00 |  59.97 |  91.91 |  87.77 | 100.00 |  99.88 |  94.29 |  75.96 |  83.79 |  92.44 |  85.73 |  79.08 |  81.47 |  84.16 |  69.41 |  90.46 |  50.60 |  90.84 |  96.43 |  87.20 |  86.78 |  97.91 |  71.77 |  83.31 |  81.61 |  84.23 |  67.01 |  84.61 | 100.00 |  56.03 |  88.18 |  84.54 |  82.49 |  77.43 |  83.69 |
|        11 |  94.32 |  75.13 | 77.92 |  97.28 |  96.51 | 100.00 |  84.03 |  89.68 |  77.76 | 100.00 |  80.96 |  82.20 |  90.04 |  83.95 |  95.93 |  82.75 |  54.89 |  55.57 |  70.30 |  68.88 |  88.20 |  67.17 |  86.26 | 100.00 |  79.03 |  91.89 |  84.88 |  55.38 |  95.81 |  97.25 |  75.61 |  88.30 |  84.81 | 100.00 |  49.22 |  85.17 |  67.20 |  70.67 |  39.75 |  71.58 |
|        12 |  91.44 |  67.87 | 73.29 |  93.83 |  88.79 |  55.50 |  70.55 |  56.33 |  74.04 | 100.00 |  72.26 |  80.44 |  87.09 |  69.69 |  79.33 |  65.52 |  35.72 |  51.55 |  50.07 |  81.26 |  64.58 |  71.38 |  85.71 |  93.38 |  74.26 |  90.44 |  62.96 |  61.84 |  75.51 |  93.59 |  74.04 |  67.89 |  64.98 |  80.35 |  30.86 |  88.76 |  83.03 |  61.75 |  27.33 | 100.00 |
|        13 |  79.79 |  61.48 | 93.59 |  84.63 |  71.83 |  54.61 |  44.16 |  11.77 |  56.05 | 100.00 |  39.22 | 100.00 |  76.70 | 100.00 |  76.35 |  74.31 |   6.51 |  63.02 |  43.74 |  65.69 |  83.16 |  77.37 |  73.62 |  95.44 |  86.48 |  87.91 |  56.35 |  57.03 |  46.17 |  94.41 |  50.02 |  55.77 |  49.20 |  73.72 |   3.88 |  84.78 |  68.09 |  62.24 |  43.99 | 100.00 |
|        14 |  42.64 |  76.07 | 83.58 |  78.58 |  52.44 |  65.67 |  34.27 |      0 | 100.00 |  60.24 |  33.38 | 100.00 |  70.66 | 100.00 |  50.81 |  85.01 |  17.36 |  35.79 |  32.42 |  47.54 |  51.48 |  52.43 |  60.33 |  65.85 | 100.00 |  59.21 |  56.99 |  53.28 |  45.78 |  75.80 |  60.81 |  61.69 |  38.19 |  90.74 |  15.56 |  64.08 |  49.21 |  77.57 |  35.91 | 100.00 |
|        15 |  27.59 |  75.03 | 69.78 |  79.33 |  42.88 |  46.67 |  49.19 |  29.80 | 100.00 |  36.46 |  45.05 | 100.00 |  52.92 |  97.58 |  34.51 |  77.90 |  27.67 |  42.86 |  31.27 |  40.11 |  48.16 |  57.38 |  44.65 |  59.70 | 100.00 |  27.08 |  71.06 | 100.00 |  48.04 |  62.30 |  65.73 |  66.28 |  50.94 |  90.46 |  37.94 |  70.68 |  40.46 |  76.26 |  31.65 |  78.12 |
|        16 |  41.95 |  80.71 | 62.68 |  75.21 | 100.00 |  47.57 |  77.50 |  49.87 |  99.03 |  33.55 |  48.71 | 100.00 |  55.83 |  64.51 | 100.00 |  69.71 |  44.70 |  45.76 |  33.16 |  44.47 |  48.02 |  53.33 |  47.94 |  42.07 | 100.00 |  24.53 |  76.14 | 100.00 |  59.17 |  96.91 |  71.54 |  45.75 |  61.76 | 100.00 | 100.00 | 100.00 |  33.94 |  54.63 |  21.81 |  80.01 |
|        17 |  64.74 |  82.97 | 49.38 |  57.32 | 100.00 |  58.78 | 100.00 |  86.25 |  97.62 |  46.87 |  41.86 | 100.00 |  75.21 |  69.11 | 100.00 |  58.65 |  57.88 |  46.80 |  42.98 |  59.43 |  42.47 |  71.72 |  64.39 | 100.00 | 100.00 |  42.79 |  71.40 | 100.00 |  67.47 |  89.52 |  77.72 | 100.00 | 100.00 | 100.00 | 100.00 |  98.70 |  44.42 |  33.16 |  16.47 |  70.01 |
|        18 |  63.49 |  35.58 | 71.85 |  73.74 | 100.00 |  74.01 |  37.97 |  80.76 |  71.17 | 100.00 |  39.49 | 100.00 |  43.11 |  75.30 |  91.97 |  64.92 |  50.49 | 100.00 |  45.33 |  48.02 |  49.66 |  97.45 |  70.75 | 100.00 | 100.00 |  97.79 |  84.31 | 100.00 |  78.15 | 100.00 |  77.36 | 100.00 | 100.00 | 100.00 | 100.00 | 100.00 |  59.66 |  29.39 |  40.65 |  60.96 |
|        19 |  52.64 |  53.04 | 90.23 |  89.33 | 100.00 |  63.84 |  43.70 |  78.79 | 100.00 | 100.00 |  56.51 | 100.00 |  71.64 |  73.51 |  98.21 |  65.15 |  74.69 | 100.00 |  48.08 |  62.69 |  69.53 | 100.00 |  50.06 | 100.00 | 100.00 | 100.00 | 100.00 | 100.00 | 100.00 | 100.00 |  80.46 | 100.00 |  57.94 | 100.00 | 100.00 | 100.00 |  39.57 |  46.40 |  91.16 |  65.92 |
|        20 |  58.42 |  52.52 | 72.88 |  89.15 | 100.00 |  68.34 |  64.56 |  72.33 | 100.00 | 100.00 |  68.31 | 100.00 |  74.23 |  69.01 |  89.50 |  73.09 |  77.29 |  70.84 |  64.48 |  65.37 |  72.24 |  93.74 |  47.81 |  78.52 | 100.00 | 100.00 | 100.00 | 100.00 |  96.07 | 100.00 |  78.55 | 100.00 | 100.00 | 100.00 | 100.00 | 100.00 |  56.10 |  45.34 |  75.77 | 100.00 |
|        21 |  62.65 |  47.07 | 59.96 | 100.00 | 100.00 |  67.21 |  31.88 |  72.80 | 100.00 | 100.00 |  49.13 | 100.00 |  69.98 |  78.89 |  82.74 | 100.00 |  57.63 |  62.65 |  96.86 |  87.32 |  68.16 |  84.59 |  62.52 | 100.00 | 100.00 | 100.00 | 100.00 | 100.00 | 100.00 | 100.00 |  83.20 |  92.15 | 100.00 |  76.69 | 100.00 | 100.00 |  82.74 |  40.04 |  67.70 | 100.00 |
|        22 |  77.46 |  35.78 | 55.47 | 100.00 | 100.00 |  24.53 |  87.50 |  71.59 | 100.00 | 100.00 |  47.30 | 100.00 |  62.78 |  70.52 | 100.00 | 100.00 |  39.90 |  79.01 |  92.61 |  93.51 | 100.00 |  81.36 |  60.07 | 100.00 | 100.00 | 100.00 | 100.00 |  97.97 | 100.00 | 100.00 |  93.15 |  42.62 | 100.00 |  45.63 | 100.00 | 100.00 | 100.00 |  57.29 |  59.45 | 100.00 |
|        23 |  90.28 |  28.30 | 61.13 | 100.00 | 100.00 |  55.96 | 100.00 |  78.59 | 100.00 | 100.00 |  53.87 | 100.00 |  44.86 |  98.14 | 100.00 | 100.00 |  56.88 |  97.52 | 100.00 |  86.13 | 100.00 |  56.53 |  86.00 | 100.00 | 100.00 | 100.00 | 100.00 |  98.68 | 100.00 | 100.00 |  91.89 |  57.70 | 100.00 |  49.54 | 100.00 |  82.69 | 100.00 |  46.65 |  84.78 | 100.00 |
|        24 |  87.34 |  20.40 | 61.78 | 100.00 | 100.00 |  88.72 | 100.00 |  77.44 | 100.00 |  99.00 |  51.95 | 100.00 |  84.75 | 100.00 | 100.00 |  94.00 |  59.81 |  92.94 | 100.00 |  92.77 | 100.00 |  19.12 | 100.00 | 100.00 | 100.00 | 100.00 | 100.00 | 100.00 | 100.00 | 100.00 |  84.35 |  90.03 | 100.00 |  81.45 | 100.00 |  76.23 | 100.00 |  38.28 |  92.62 |  95.10 |
|        25 |  67.33 |  65.89 | 50.54 | 100.00 | 100.00 |  94.34 | 100.00 |  81.74 | 100.00 |  95.30 |  58.12 | 100.00 | 100.00 | 100.00 | 100.00 |  91.16 |  58.14 | 100.00 | 100.00 |  89.73 | 100.00 |  18.35 | 100.00 | 100.00 | 100.00 | 100.00 |  97.40 | 100.00 | 100.00 | 100.00 |  55.18 | 100.00 | 100.00 | 100.00 | 100.00 |  97.79 | 100.00 |  57.79 |  52.75 |  85.42 |
|        26 |  46.93 |  93.96 | 69.43 | 100.00 |  98.87 |  87.73 | 100.00 |  96.72 | 100.00 |  94.21 |  48.69 | 100.00 | 100.00 |  90.33 | 100.00 |  97.05 |  56.34 | 100.00 | 100.00 | 100.00 | 100.00 |  38.56 | 100.00 | 100.00 | 100.00 |  83.07 | 100.00 | 100.00 | 100.00 |  86.07 |  60.78 | 100.00 | 100.00 | 100.00 | 100.00 | 100.00 | 100.00 | 100.00 |  49.52 |  86.40 |
|        27 |  51.29 | 100.00 | 72.66 |  99.24 |  95.33 |  99.44 |  98.49 |  95.57 | 100.00 |  95.83 |  51.83 | 100.00 |  99.84 |  79.02 |  71.86 | 100.00 | 100.00 |  99.76 | 100.00 | 100.00 | 100.00 | 100.00 | 100.00 | 100.00 | 100.00 |  82.81 |  99.96 | 100.00 | 100.00 | 100.00 |  56.47 |  95.21 | 100.00 | 100.00 | 100.00 |  99.89 | 100.00 | 100.00 |  80.40 |  98.15 |
|        28 |  56.50 | 100.00 | 69.67 |  95.13 |  97.66 | 100.00 |  96.45 |  99.93 | 100.00 |  98.60 | 100.00 |  99.23 |  97.01 |  94.29 |  71.93 |  95.55 | 100.00 | 100.00 | 100.00 | 100.00 |  95.24 | 100.00 | 100.00 |  98.89 |  97.68 |  96.87 |  89.48 | 100.00 | 100.00 | 100.00 |  49.01 |  99.70 | 100.00 | 100.00 |  99.78 | 100.00 | 100.00 | 100.00 | 100.00 | 100.00 |
|        29 |  77.37 | 100.00 | 62.85 |  97.37 |  92.73 | 100.00 |  96.50 |  94.85 |  98.79 |  99.91 | 100.00 |  97.54 |  96.71 | 100.00 |  92.03 | 100.00 | 100.00 | 100.00 | 100.00 |  95.88 | 100.00 | 100.00 | 100.00 |  79.20 | 100.00 | 100.00 |  76.85 | 100.00 | 100.00 | 100.00 |  42.08 |  96.76 | 100.00 | 100.00 |  99.58 | 100.00 | 100.00 | 100.00 | 100.00 | 100.00 |
|        30 |  76.49 | 100.00 | 59.93 |  83.90 |  94.17 | 100.00 |  99.82 |  98.66 | 100.00 |  98.65 |  67.51 |  97.69 | 100.00 | 100.00 | 100.00 |  95.97 | 100.00 |  94.96 |  99.30 |  96.16 | 100.00 | 100.00 |  78.01 |  94.07 | 100.00 |  99.65 |  91.42 | 100.00 | 100.00 | 100.00 |  39.36 | 100.00 | 100.00 | 100.00 |  91.71 |  99.65 |  91.84 | 100.00 | 100.00 |  90.46 |
|        31 |  77.59 | 100.00 | 75.88 |  76.99 | 100.00 | 100.00 | 100.00 |  93.43 |  93.44 | 100.00 |  82.90 |  98.46 |  99.71 |  97.89 |  99.70 |  97.44 | 100.00 | 100.00 |  96.41 |  81.47 |  92.16 | 100.00 |  96.72 |  98.50 | 100.00 |  99.95 |  93.67 |  95.39 | 100.00 | 100.00 |  98.73 | 100.00 | 100.00 | 100.00 |  83.34 | 100.00 |  88.72 | 100.00 | 100.00 |  45.98 |
|        32 | 100.00 | 100.00 | 91.86 |  96.11 |  99.12 | 100.00 | 100.00 |  94.96 | 100.00 | 100.00 | 100.00 |  91.77 |  85.50 |  99.46 | 100.00 |  99.71 | 100.00 |  99.37 | 100.00 |  85.96 |  91.29 | 100.00 | 100.00 |  99.81 | 100.00 |  98.60 |  91.67 |  93.23 | 100.00 | 100.00 |  99.55 | 100.00 |  99.48 | 100.00 | 100.00 |  95.48 |  78.04 | 100.00 | 100.00 |  49.16 |
|        33 | 100.00 | 100.00 | 75.55 |  97.72 |  97.25 | 100.00 |  99.35 |  95.87 | 100.00 | 100.00 |  88.48 |  91.45 |  93.11 |  97.57 | 100.00 | 100.00 |  97.35 |  98.97 | 100.00 | 100.00 |  60.32 | 100.00 |  97.66 | 100.00 | 100.00 | 100.00 |  93.35 |  93.81 | 100.00 |  99.79 |  96.59 | 100.00 |  97.24 | 100.00 | 100.00 |  91.11 |  78.35 | 100.00 | 100.00 |  52.85 |
|        34 | 100.00 | 100.00 | 57.72 | 100.00 | 100.00 | 100.00 |  95.46 | 100.00 | 100.00 | 100.00 |  85.14 |  94.34 |  95.17 | 100.00 | 100.00 | 100.00 | 100.00 |  99.71 | 100.00 | 100.00 |  84.83 | 100.00 |  92.41 |  99.71 | 100.00 | 100.00 |  88.98 |  98.06 | 100.00 | 100.00 |  94.00 | 100.00 | 100.00 | 100.00 | 100.00 |  95.64 |  88.34 |  99.88 | 100.00 |  59.17 |
|        35 | 100.00 | 100.00 | 70.24 | 100.00 | 100.00 |  98.52 |  91.13 | 100.00 | 100.00 | 100.00 |  87.20 |  99.04 |  90.63 | 100.00 | 100.00 | 100.00 | 100.00 | 100.00 | 100.00 |  97.72 | 100.00 | 100.00 |  98.52 | 100.00 | 100.00 | 100.00 |  94.66 |  96.32 | 100.00 | 100.00 | 100.00 |  77.34 | 100.00 | 100.00 | 100.00 |  96.50 |  73.65 |  99.96 |  99.28 |  88.85 |
|        36 | 100.00 | 100.00 | 89.82 | 100.00 | 100.00 |  95.90 |  77.53 |  99.81 | 100.00 | 100.00 |  86.27 |  98.64 |  97.43 | 100.00 |  95.18 | 100.00 | 100.00 |  99.99 |  98.80 |  97.33 | 100.00 |  99.10 | 100.00 |  99.86 | 100.00 |  99.03 |  87.48 |  98.23 | 100.00 | 100.00 | 100.00 |  94.45 |  98.49 | 100.00 | 100.00 |  86.50 |  71.98 | 100.00 |  97.82 |  98.43 |
|        37 | 100.00 |  89.82 | 91.68 |  97.25 |  91.79 |  96.13 |  81.05 | 100.00 |  98.82 | 100.00 |  87.94 |  90.72 | 100.00 | 100.00 |  99.10 | 100.00 | 100.00 |  74.68 |  87.02 | 100.00 | 100.00 | 100.00 | 100.00 | 100.00 | 100.00 |  94.28 |  68.74 |  99.79 |  81.81 | 100.00 | 100.00 |  95.12 |  97.81 | 100.00 | 100.00 |  92.88 |  57.49 | 100.00 | 100.00 |  63.05 |
|        38 |  96.84 | 100.00 | 91.07 |  92.72 | 100.00 |  98.53 | 100.00 | 100.00 | 100.00 | 100.00 |  88.47 |  89.57 | 100.00 |  96.64 |  95.15 | 100.00 | 100.00 | 100.00 | 100.00 | 100.00 | 100.00 | 100.00 | 100.00 | 100.00 | 100.00 | 100.00 |  62.18 | 100.00 | 100.00 | 100.00 | 100.00 |  99.54 |  99.66 |  99.74 | 100.00 |  98.36 |  34.66 | 100.00 |  92.13 | 100.00 |
|        39 |  97.50 |  54.53 | 96.02 |  78.46 | 100.00 | 100.00 | 100.00 |  95.03 |  99.54 |  99.26 |  99.29 | 100.00 | 100.00 | 100.00 |  91.88 | 100.00 | 100.00 | 100.00 | 100.00 |  94.47 |  99.56 |  99.33 |  91.46 |  99.62 | 100.00 | 100.00 |  97.15 |  99.62 | 100.00 | 100.00 |  96.78 |  97.47 | 100.00 |  98.62 | 100.00 | 100.00 |  30.09 |  95.59 |  94.33 |  82.66 |
|        40 |  96.00 |  60.65 | 89.36 |  78.62 | 100.00 | 100.00 | 100.00 | 100.00 | 100.00 |  97.02 | 100.00 | 100.00 | 100.00 | 100.00 |  56.44 | 100.00 | 100.00 | 100.00 | 100.00 |  94.26 | 100.00 |  94.15 |  88.58 |  89.51 | 100.00 | 100.00 | 100.00 | 100.00 | 100.00 | 100.00 | 100.00 |  99.37 | 100.00 | 100.00 | 100.00 |  99.39 |  83.02 |  68.16 | 100.00 | 100.00 |
|        41 |  99.15 |  56.42 | 88.13 | 100.00 | 100.00 | 100.00 | 100.00 | 100.00 |  96.49 | 100.00 | 100.00 | 100.00 | 100.00 | 100.00 |  82.81 | 100.00 | 100.00 | 100.00 | 100.00 |  97.00 | 100.00 | 100.00 |  96.50 |  92.29 | 100.00 | 100.00 | 100.00 | 100.00 | 100.00 | 100.00 |  99.65 | 100.00 | 100.00 | 100.00 | 100.00 | 100.00 | 100.00 |  33.77 | 100.00 | 100.00 |
|        42 |  91.92 |  68.93 | 92.11 | 100.00 | 100.00 |  77.14 | 100.00 | 100.00 |  93.62 | 100.00 | 100.00 | 100.00 | 100.00 | 100.00 |  90.69 |  99.02 | 100.00 |  95.94 | 100.00 | 100.00 |  99.00 | 100.00 | 100.00 |  96.60 |  99.72 |  99.92 | 100.00 | 100.00 | 100.00 | 100.00 |  99.45 | 100.00 |   1.78 | 100.00 | 100.00 | 100.00 | 100.00 |  99.59 | 100.00 | 100.00 |
|        43 |  98.57 |  66.37 | 89.85 |  98.90 | 100.00 | 100.00 | 100.00 | 100.00 |  92.25 |  98.33 | 100.00 |  97.65 | 100.00 | 100.00 | 100.00 |  97.88 | 100.00 |  98.79 | 100.00 | 100.00 |  88.49 |  98.61 | 100.00 |  98.28 |  99.01 |  99.58 | 100.00 | 100.00 |  99.91 | 100.00 | 100.00 | 100.00 |      0 | 100.00 |  82.60 |  98.20 | 100.00 | 100.00 | 100.00 | 100.00 |
|        44 |  97.30 |  92.35 | 98.87 | 100.00 |  92.80 | 100.00 | 100.00 |  93.98 |  58.88 | 100.00 |  91.34 |  94.25 | 100.00 |  99.81 |  98.12 |  96.91 |  99.34 | 100.00 | 100.00 |  97.35 |  95.48 |  98.39 | 100.00 |  94.12 |  98.48 |  96.30 | 100.00 | 100.00 |  57.93 | 100.00 | 100.00 |  94.96 |   6.14 | 100.00 |  95.86 | 100.00 | 100.00 | 100.00 | 100.00 | 100.00 |
|        45 | 100.00 | 100.00 | 84.33 | 100.00 |  96.12 | 100.00 |  97.89 |  88.87 |  53.93 |  99.74 |  87.40 |  94.72 |  97.45 |  99.58 |  93.97 |  94.54 | 100.00 | 100.00 |  94.92 | 100.00 |  98.25 |  89.08 |  98.57 |  99.49 |  80.53 | 100.00 | 100.00 | 100.00 |  33.80 | 100.00 | 100.00 |  95.22 |  46.27 | 100.00 |  98.01 |  74.29 | 100.00 | 100.00 | 100.00 | 100.00 |
|        46 |  97.05 | 100.00 | 91.75 |  76.95 |  95.38 |  94.50 |  97.42 |  96.63 |  51.89 |  84.95 |  95.29 |  44.39 | 100.00 |  99.26 |  91.32 |  98.94 |  87.21 |  99.92 |  90.91 | 100.00 |  95.81 |  91.79 |  96.41 |  95.80 |  57.96 |  84.79 | 100.00 |  99.27 |  16.79 | 100.00 | 100.00 |  91.70 |  66.50 |  91.18 |  91.24 |  60.44 | 100.00 | 100.00 |  95.75 | 100.00 |
|        47 |  92.89 | 100.00 | 91.86 |  93.60 |  93.64 |  80.36 | 100.00 |  61.93 |  44.85 |  75.68 |  93.54 |  33.97 | 100.00 |  88.65 |  92.04 | 100.00 |  75.99 |  69.88 |  71.96 |  95.46 |  97.62 |  92.29 |  92.08 |  70.33 |  58.91 |  81.54 | 100.00 | 100.00 |  47.67 |  93.27 | 100.00 |  94.92 |  92.61 |  82.24 |  85.84 |  59.08 | 100.00 | 100.00 |  99.70 |  97.37 |
|        48 |  90.82 | 100.00 | 79.28 |  86.33 |  91.13 |  65.26 | 100.00 |  64.96 |  33.00 |  84.41 | 100.00 |  51.16 |  94.30 |  99.18 |  78.57 | 100.00 |  41.37 |  80.06 |  60.33 | 100.00 |  86.42 |  86.54 |  80.70 |  51.85 |  71.62 |  81.03 | 100.00 | 100.00 | 100.00 |  94.66 | 100.00 | 100.00 |  73.84 |  85.78 |  88.90 |  81.12 | 100.00 | 100.00 | 100.00 |  89.68 |
|        51 |  87.59 |  79.68 | 95.37 |  99.62 |  84.35 |  67.18 |  76.12 |  79.39 |  97.55 |  90.48 | 100.00 |  86.91 |  91.91 |  99.21 |  96.27 |  81.96 |  75.74 |  85.28 |  88.72 |  97.64 |  76.80 |  99.10 |  92.61 |  88.34 |  26.44 |  78.90 |  94.28 |  89.22 |  95.02 |  97.70 | 100.00 |  75.52 |  74.84 |  96.22 |  72.06 |  70.05 | 100.00 |  93.79 |  77.74 |  95.43 |
|        54 |  94.35 |  73.63 | 97.54 |  86.74 |  83.93 |  93.75 |  95.94 |  90.70 |  91.60 |  97.41 | 100.00 |  89.96 |  81.74 |  69.27 |  82.35 |  88.81 |  94.73 |  91.89 |  92.89 |  94.94 |  89.97 |  92.86 |  89.15 |  92.55 |  84.60 |  89.27 |  95.49 | 100.00 | 100.00 |  85.48 |  96.62 |  81.48 |  77.28 |  82.73 |  80.82 |  79.67 |  62.77 |  65.49 |  78.30 |  96.20 |
|        57 |  91.81 |  69.82 | 78.89 |  58.63 |  81.61 |  94.21 |  86.53 |  74.12 |  53.59 |  88.01 | 100.00 |  90.76 |  59.75 |  72.12 |  89.20 |  89.42 |  34.46 |  90.68 |  70.17 |  79.54 |  94.28 | 100.00 |  85.35 |  84.00 |  93.72 |  75.65 |  90.08 |  91.03 |  81.15 |  96.87 | 100.00 |  79.88 |  93.96 |  71.65 |  55.34 |  92.93 |  81.45 |  38.95 |  93.91 |  88.12 |
|        60 |  83.64 |  75.07 | 85.36 |  52.12 |  69.43 |  92.38 |  81.28 |  63.29 |  15.82 |  71.04 | 100.00 |  90.20 |  75.87 |  78.57 |  79.25 |  87.62 |  63.99 |  74.82 | 100.00 |  92.13 |  79.20 |  52.74 |  51.27 |  63.31 |  82.61 |  79.73 |  92.18 |  88.16 |  75.71 | 100.00 | 100.00 |  75.80 | 100.00 |  73.79 |  78.10 |  77.05 |  60.42 |  41.87 |  75.58 |  77.18 |
|        63 |  65.11 |  49.62 | 80.91 |  54.43 |  34.26 |  76.60 |  71.49 |  34.42 |  27.50 |  36.06 | 100.00 |  86.93 |  61.10 |  66.26 |  44.10 |  42.15 |  33.18 |  63.25 |  31.49 |  61.54 |  51.43 |  56.84 |  41.06 |  42.90 |  67.33 |  69.17 |  66.01 |  64.75 |  23.47 |  53.42 | 100.00 |  73.50 |  50.26 |  88.33 |  42.64 |  75.04 |  49.92 |  11.31 |  41.50 |  76.16 |
|        66 |   7.01 |  64.46 | 55.13 |  14.32 |  69.09 |   4.23 |  56.12 |   7.91 |  38.65 |  39.91 |  37.15 |  58.20 |  35.26 |      0 |  15.30 |  50.75 |   3.41 |  40.15 |  77.42 |  27.49 |  38.08 |  39.41 |  33.74 |  41.76 |  59.86 |  34.82 |  46.60 | 100.00 |  23.99 |  46.02 |  62.04 |  51.23 |   6.18 | 100.00 |      0 |  47.62 |  36.20 |  27.36 |      0 |  54.28 |
|        69 |  46.07 |  37.93 | 51.11 |  42.28 |  78.69 |   2.99 |  80.54 |  80.93 |  64.96 |      0 |  34.37 |  71.42 |  41.72 |  29.80 |  27.18 |  77.91 |  76.66 |  57.21 |  97.85 |  24.04 |  26.08 |  40.07 |  43.93 |  10.92 |  13.79 |  37.07 |  10.84 |  96.56 |      0 |  76.31 |  65.93 |  39.21 |  41.55 |  78.34 |  15.97 |  29.64 |  69.34 |  85.00 |      0 |  72.17 |
|        72 |  36.52 |  10.54 | 42.20 |  28.56 | 100.00 |      0 |  43.03 |  84.54 |  80.22 |      0 |  13.33 |  77.23 |  29.79 |      0 |  56.65 |  79.66 |   1.17 |  74.01 |  90.77 |  36.36 |  72.12 |  10.90 |  69.06 |      0 |  44.27 |  23.35 |  31.23 |  88.80 |   9.05 | 100.00 |  68.72 |  43.88 |  68.88 |  75.93 |      0 |      0 |  63.48 |  59.79 |  17.82 |  71.52 |
|        78 |  95.73 |  84.65 | 41.05 |  71.49 |  79.36 |  33.26 |  39.92 |  60.37 |  52.81 |  52.08 |  99.91 |  87.30 |  63.58 |  60.08 |  66.72 |  78.72 |  44.85 |  94.83 |  98.83 |  29.74 |  84.49 |  71.61 |  75.28 |  44.81 |  64.96 |  90.82 |  68.33 |  96.13 |  63.25 |  73.79 |  88.70 |  69.65 |  96.11 |  74.96 |  59.04 |  11.43 |  84.73 |  74.35 |  73.79 |  81.20 |
|        84 |  99.62 | 100.00 | 49.94 |  32.60 |  94.73 |  47.20 |  50.45 |  49.29 |  89.34 |  13.38 |  54.89 |  91.14 |  47.52 |      0 |  59.65 |  67.65 |   7.93 |  23.29 |  70.32 |  42.64 |  34.24 |  49.45 |  34.07 |  92.40 |  91.24 |  47.01 |  68.39 |  99.97 |  88.74 |  57.99 |  26.25 |  56.78 | 100.00 |  86.06 |      0 | 100.00 |  39.65 | 100.00 |  26.79 |  62.52 |
|        90 | 100.00 |      0 | 31.36 |  76.95 |  69.31 |      0 |  31.83 |  46.56 | 100.00 |      0 |  34.50 |  54.49 |  18.24 |      0 |  16.88 |  99.93 | 100.00 |      0 | 100.00 |  98.75 |  14.95 |      0 |      0 |  94.62 | 100.00 |   6.41 |  27.29 | 100.00 |  25.22 | 100.00 |  12.04 |      0 | 100.00 |  94.65 |  32.79 | 100.00 |  16.80 |   7.95 | 100.00 |   3.11 |
|        96 |  92.28 |  60.18 | 65.74 |  70.98 |  65.43 |      0 | 100.00 | 100.00 |   3.96 |  58.84 |  21.48 |  84.44 |  69.26 | 100.00 |  64.11 | 100.00 |  78.83 | 100.00 |  88.35 |  75.00 |  37.22 |  65.66 |  33.30 |  86.12 | 100.00 |  16.92 |  13.86 |  99.65 | 100.00 |  55.40 |      0 |  84.14 |  51.29 |  87.39 |  64.89 |  97.79 |  56.84 |  12.98 |  88.22 |  33.21 |
|       102 |  87.54 |  98.19 | 91.75 |  43.62 |  55.41 |      0 |  80.93 |  76.56 |  51.23 |  76.03 |  18.15 |  71.96 |  95.61 | 100.00 |  70.87 | 100.00 |  93.94 |  65.31 |  99.82 | 100.00 |  90.04 |  93.11 |  85.79 |  83.04 | 100.00 |   0.24 |   3.29 | 100.00 |  82.47 |  82.71 |  49.36 | 100.00 |  87.65 |  81.52 |  65.40 |  90.16 |  64.56 |  59.69 |  94.58 |  39.01 |
|       108 |  83.72 |  72.28 | 64.15 |   3.66 |  35.02 |  67.45 |  99.21 |   3.81 | 100.00 | 100.00 |  24.02 |  81.94 |  29.12 |  97.17 |  18.59 |  71.29 |  94.40 |  21.86 | 100.00 | 100.00 | 100.00 | 100.00 |  16.29 | 100.00 |  99.84 |  49.38 | 100.00 | 100.00 |      0 |  68.81 |  21.79 | 100.00 |  25.04 | 100.00 |   5.82 |  65.24 |  52.98 |  21.07 | 100.00 |  64.71 |
|       114 |  51.88 |  61.83 |     0 |  87.30 |  32.81 |  68.57 |  98.54 |      0 |  69.35 |  65.75 |  51.24 | 100.00 |  20.66 | 100.00 | 100.00 |  61.33 |  82.83 |  34.17 |  99.21 |  24.62 |  29.43 | 100.00 |      0 |  49.89 |  32.39 |  38.64 |  45.62 |  95.44 |  21.64 |  89.22 |      0 |  76.34 |  23.57 |  37.57 |   1.05 |  94.33 | 100.00 |  50.45 | 100.00 |  18.67 |
|       120 |  44.70 |  43.55 | 13.23 |  65.68 |  32.38 | 100.00 |      0 |  52.84 | 100.00 | 100.00 |  48.81 |  77.82 | 100.00 | 100.00 | 100.00 |  67.69 |  65.43 | 100.00 |  81.36 |      0 |  49.60 | 100.00 |  88.56 |  77.96 |      0 |  85.02 | 100.00 |  95.00 |  40.75 | 100.00 |      0 |  37.65 |  40.17 |  89.88 |      0 |  71.27 |  89.45 | 100.00 | 100.00 |  55.97 |
