# variable: Temperature at 850hPa
# units: degree celsius
# 
| fcst_hour |     1 |     2 |     3 |     4 |     5 |     6 |     7 |     8 |     9 |    10 |    11 |    12 |    13 |    14 |    15 |    16 |    17 |    18 |    19 |    20 |    21 |    22 |    23 |    24 |    25 |    26 |    27 |    28 |    29 |    30 |    31 |    32 |    33 |    34 |    35 |    36 |    37 |    38 |    39 |    40 |
|         0 | 12.97 | 13.00 | 13.36 | 13.28 | 13.20 | 12.43 | 12.41 | 12.42 | 12.88 | 12.68 | 12.04 | 12.82 | 12.60 | 12.26 | 12.71 | 12.47 | 12.90 | 12.85 | 12.13 | 12.09 | 12.80 | 12.65 | 13.03 | 12.68 | 12.95 | 12.43 | 13.17 | 11.77 | 12.93 | 13.73 | 12.99 | 12.35 | 12.60 | 12.24 | 12.91 | 12.22 | 12.67 | 12.92 | 12.58 | 11.93 |
|         1 | 12.69 | 13.00 | 13.35 | 13.22 | 13.39 | 12.53 | 12.50 | 12.37 | 12.47 | 12.62 | 11.89 | 12.89 | 12.39 | 12.38 | 12.54 | 12.55 | 12.74 | 12.79 | 12.02 | 12.16 | 12.72 | 12.66 | 13.00 | 12.64 | 12.80 | 12.28 | 13.29 | 11.92 | 12.84 | 13.44 | 13.10 | 12.07 | 12.71 | 12.34 | 12.98 | 12.04 | 12.80 | 12.62 | 12.43 | 12.05 |
|         2 | 12.56 | 12.76 | 13.53 | 13.41 | 13.56 | 12.80 | 12.40 | 12.51 | 12.26 | 12.20 | 12.06 | 12.96 | 12.53 | 12.32 | 12.36 | 12.81 | 12.99 | 12.64 | 12.01 | 12.21 | 12.74 | 12.76 | 13.00 | 12.48 | 12.83 | 12.11 | 13.24 | 11.88 | 12.91 | 13.13 | 12.97 | 12.18 | 12.58 | 12.11 | 13.02 | 11.74 | 13.03 | 12.56 | 12.33 | 12.21 |
|         3 | 12.38 | 12.63 | 13.33 | 13.42 | 13.44 | 13.10 | 12.25 | 12.73 | 12.40 | 11.66 | 12.34 | 12.91 | 12.49 | 12.07 | 12.16 | 12.76 | 13.10 | 12.58 | 11.72 | 12.15 | 12.62 | 12.58 | 13.03 | 12.45 | 13.00 | 11.94 | 13.26 | 11.63 | 12.75 | 12.90 | 12.97 | 12.16 | 12.12 | 11.59 | 12.72 | 11.51 | 13.40 | 12.53 | 12.30 | 12.47 |
|         4 | 12.53 | 12.75 | 13.08 | 13.59 | 13.29 | 13.21 | 12.20 | 12.89 | 12.57 | 11.67 | 12.75 | 12.94 | 12.40 | 11.84 | 12.05 | 12.54 | 13.11 | 12.77 | 11.57 | 12.24 | 12.30 | 12.41 | 12.91 | 12.51 | 13.09 | 12.00 | 13.50 | 12.06 | 12.74 | 12.86 | 12.96 | 12.01 | 11.62 | 11.38 | 12.48 | 11.30 | 13.42 | 12.58 | 12.31 | 12.70 |
|         5 | 12.68 | 12.58 | 12.76 | 13.53 | 13.14 | 12.89 | 12.07 | 12.84 | 12.47 | 12.17 | 12.82 | 13.05 | 12.46 | 11.79 | 12.07 | 12.25 | 13.02 | 12.99 | 11.74 | 12.43 | 11.95 | 12.43 | 12.68 | 12.52 | 13.04 | 12.01 | 13.52 | 12.23 | 12.78 | 12.84 | 12.81 | 11.80 | 11.11 | 11.61 | 12.47 | 11.01 | 13.34 | 12.37 | 12.17 | 12.03 |
|         6 | 12.57 | 12.19 | 12.35 | 13.11 | 13.13 | 12.62 | 11.95 | 12.56 | 12.38 | 12.56 | 12.49 | 12.88 | 12.29 | 12.06 | 12.00 | 11.93 | 12.44 | 12.85 | 11.39 | 12.22 | 11.38 | 12.27 | 12.29 | 12.36 | 13.00 | 11.90 | 13.04 | 12.05 | 12.48 | 12.63 | 12.75 | 11.62 | 10.81 | 11.18 | 12.24 | 11.01 | 13.15 | 12.18 | 12.10 | 11.55 |
|         7 | 12.24 | 11.91 | 12.50 | 12.78 | 12.86 | 12.18 | 12.05 | 12.15 | 11.95 | 12.44 | 11.87 | 12.74 | 12.06 | 11.83 | 12.06 | 11.91 | 11.87 | 12.60 | 10.97 | 11.93 | 11.28 | 11.91 | 11.81 | 12.06 | 12.90 | 11.85 | 12.96 | 12.07 | 12.40 | 11.98 | 12.64 | 11.35 | 10.69 | 10.61 | 12.30 | 10.98 | 12.76 | 12.15 | 11.86 | 11.19 |
|         8 | 12.45 | 12.31 | 12.82 | 13.06 | 12.63 | 12.28 | 12.31 | 12.12 | 12.02 | 12.27 | 11.97 | 12.82 | 11.95 | 12.01 | 12.44 | 12.06 | 12.41 | 12.43 | 11.12 | 11.68 | 11.70 | 12.30 | 11.78 | 12.20 | 12.50 | 12.07 | 12.59 | 12.01 | 12.55 | 12.45 | 13.08 | 11.06 | 10.62 | 10.47 | 12.85 | 11.39 | 12.29 | 11.90 | 12.22 | 11.04 |
|         9 | 12.62 | 12.00 | 12.29 | 12.82 | 12.62 | 11.80 | 12.18 | 11.93 | 12.02 | 12.54 | 12.37 | 12.79 | 11.84 | 11.57 | 12.58 | 11.36 | 12.69 | 12.35 | 11.24 | 11.66 | 11.49 | 12.77 | 11.85 | 12.52 | 12.38 | 12.01 | 12.57 | 11.86 | 13.18 | 13.22 | 12.59 | 11.17 | 10.81 | 11.04 | 13.16 | 12.05 | 12.25 | 11.63 | 12.28 | 11.07 |
|        10 | 12.38 | 11.70 | 12.64 | 12.20 | 12.12 | 11.61 | 11.69 | 11.73 | 11.83 | 12.08 | 12.49 | 12.64 | 11.78 | 11.58 | 12.11 | 11.57 | 12.08 | 12.31 | 11.31 | 11.89 | 11.16 | 12.94 | 11.69 | 12.44 | 12.59 | 12.09 | 12.47 | 11.87 | 13.14 | 13.28 | 11.90 | 11.58 | 11.59 | 11.38 | 12.94 | 12.05 | 12.53 | 11.58 | 11.93 | 11.15 |
|        11 | 12.23 | 11.52 | 12.74 | 12.39 | 11.84 | 11.74 | 11.80 | 11.87 | 11.89 | 12.41 | 12.18 | 12.75 | 11.81 | 11.13 | 11.58 | 11.77 | 11.98 | 12.15 | 11.36 | 11.94 | 10.95 | 12.01 | 11.75 | 12.00 | 12.57 | 11.69 | 12.41 | 11.67 | 12.63 | 13.00 | 11.81 | 11.68 | 11.77 | 11.51 | 12.26 | 11.96 | 12.20 | 11.30 | 11.83 | 11.49 |
|        12 | 11.82 | 11.75 | 12.20 | 11.98 | 12.10 | 11.86 | 11.92 | 11.74 | 11.74 | 12.65 | 11.81 | 11.80 | 11.77 | 10.93 | 12.24 | 11.61 | 12.00 | 11.93 | 11.50 | 12.15 | 11.32 | 12.25 | 11.80 | 12.01 | 12.37 | 11.63 | 12.03 | 11.43 | 12.17 | 12.95 | 11.99 | 12.19 | 11.73 | 11.58 | 12.33 | 11.97 | 12.11 | 11.44 | 11.78 | 11.66 |
|        13 | 12.02 | 11.78 | 12.07 | 11.93 | 12.56 | 11.70 | 11.91 | 11.87 | 11.90 | 11.76 | 11.92 | 11.42 | 11.82 | 10.97 | 12.31 | 11.72 | 11.86 | 11.61 | 11.60 | 12.04 | 11.40 | 12.20 | 11.68 | 11.79 | 12.98 | 11.49 | 12.41 | 11.10 | 12.38 | 12.76 | 11.61 | 11.48 | 11.75 | 11.48 | 12.44 | 12.14 | 12.06 | 11.51 | 11.42 | 12.00 |
|        14 | 11.97 | 11.74 | 12.32 | 11.87 | 11.72 | 11.41 | 11.55 | 12.13 | 11.89 | 11.60 | 11.96 | 12.71 | 11.94 | 10.92 | 11.68 | 11.39 | 12.09 | 11.88 | 11.78 | 12.12 | 11.39 | 12.02 | 11.85 | 11.79 | 12.31 | 11.35 | 12.42 | 10.90 | 12.32 | 12.42 | 11.60 | 10.94 | 11.81 | 11.63 | 12.43 | 11.87 | 12.03 | 11.42 | 11.25 | 10.91 |
|        15 | 12.00 | 11.60 | 12.24 | 12.22 | 11.68 | 11.73 | 11.43 | 12.34 | 11.96 | 11.70 | 11.83 | 12.12 | 11.99 | 10.65 | 11.60 | 10.95 | 11.66 | 12.24 | 11.74 | 11.78 | 11.40 | 12.09 | 11.81 | 11.63 | 12.12 | 11.25 | 11.77 | 11.32 | 12.28 | 11.82 | 11.28 | 11.53 | 11.61 | 11.61 | 12.45 | 11.92 | 12.58 | 11.68 | 11.57 | 11.24 |
|        16 | 11.96 | 11.22 | 11.89 | 12.18 | 11.63 | 11.40 | 11.19 | 11.91 | 11.47 | 11.17 | 11.89 | 11.57 | 11.68 | 10.57 | 11.52 | 11.11 | 11.82 | 12.41 | 11.69 | 11.50 | 11.27 | 12.39 | 11.43 | 11.01 | 12.18 | 11.31 | 11.81 | 10.79 | 11.64 | 12.05 | 11.20 | 11.16 | 11.44 | 11.41 | 12.17 | 11.95 | 12.77 | 11.43 | 11.30 | 11.30 |
|        17 | 11.81 | 10.83 | 11.59 | 11.99 | 11.80 | 11.16 | 10.96 | 11.65 | 11.40 | 10.57 | 11.53 | 11.46 | 11.34 | 10.43 | 11.25 | 10.86 | 11.65 | 12.15 | 11.21 | 11.34 | 10.90 | 12.49 | 11.41 | 11.17 | 11.47 | 11.19 | 11.64 | 10.64 | 11.61 | 12.10 | 11.00 | 10.63 | 11.43 | 11.35 | 11.90 | 11.86 | 12.38 | 11.00 | 10.96 | 11.23 |
|        18 | 11.49 | 10.41 | 11.27 | 11.75 | 11.89 | 10.74 | 10.93 | 11.30 | 11.28 | 10.45 | 11.57 | 10.93 | 11.00 | 10.58 | 10.98 | 10.74 | 11.30 | 11.41 | 10.91 | 11.33 | 10.58 | 12.08 | 11.22 | 11.20 | 11.02 | 10.84 | 11.34 | 10.48 | 11.62 | 11.28 | 10.68 | 10.48 | 11.09 | 11.07 | 11.15 | 11.28 | 11.95 | 10.60 | 10.13 | 11.09 |
|        19 | 11.03 | 10.37 | 11.04 | 11.09 | 11.75 | 10.45 | 11.05 | 11.17 | 11.32 | 10.49 | 11.41 | 10.74 | 10.93 | 10.50 | 11.04 | 10.77 | 11.06 | 11.23 | 10.52 | 11.14 | 10.57 | 11.51 | 10.87 | 10.89 | 11.08 | 10.83 | 11.11 | 10.44 | 11.12 | 11.29 | 10.63 | 10.42 | 10.58 | 10.72 | 10.77 | 11.00 | 11.54 | 10.37 | 10.00 | 10.77 |
|        20 | 10.76 |  9.92 | 11.18 | 10.86 | 11.53 | 10.35 | 10.99 | 10.95 | 11.25 | 10.41 | 11.19 | 10.58 | 11.02 | 10.06 | 10.95 | 10.69 | 10.84 | 10.76 | 10.54 | 10.54 | 10.64 | 11.10 | 10.61 | 10.79 | 11.08 | 10.80 | 10.79 | 10.49 | 10.68 | 10.89 | 10.59 | 10.39 | 10.22 | 10.72 | 10.55 | 10.90 | 10.75 | 10.25 | 10.15 | 10.58 |
|        21 | 10.74 |  9.48 | 11.12 | 11.34 | 11.16 | 10.12 | 10.81 | 10.82 | 10.82 | 10.06 | 11.07 | 10.13 | 10.85 |  9.49 | 10.82 | 10.35 | 10.42 | 10.43 | 10.34 | 10.07 | 10.52 | 11.08 | 10.23 | 10.57 | 10.90 | 10.42 | 10.37 | 10.30 | 10.44 | 11.08 | 10.21 |  9.86 | 10.34 | 10.32 | 10.47 | 10.81 | 10.42 | 10.00 | 10.08 | 10.38 |
|        22 | 10.62 |  9.11 | 10.79 | 11.05 | 10.55 |  9.81 | 10.28 | 10.71 | 10.53 |  9.67 | 10.85 |  9.90 | 10.62 |  9.30 | 10.61 | 10.12 | 10.08 | 10.09 | 10.10 |  9.83 | 10.23 | 10.71 |  9.78 | 10.31 | 10.55 | 10.06 |  9.97 | 10.06 | 10.39 | 10.92 |  9.65 |  9.25 | 10.26 |  9.96 | 10.27 | 10.35 |  9.97 |  9.77 |  9.60 | 10.19 |
|        23 | 10.16 |  8.91 | 10.53 | 10.36 | 10.30 |  9.45 |  9.79 | 10.46 | 10.25 |  9.20 | 10.63 |  9.54 | 10.39 |  8.80 | 10.21 |  9.88 |  9.70 |  9.93 |  9.72 |  9.86 |  9.91 | 10.56 |  9.39 | 10.10 | 10.17 |  9.75 |  9.71 |  9.77 | 10.00 | 10.54 |  9.35 |  8.95 | 10.12 |  9.95 |  9.97 | 10.10 | 10.25 |  9.58 |  9.34 |  9.84 |
|        24 | 10.19 |  8.86 | 10.36 | 10.01 | 10.03 |  9.26 |  9.72 | 10.11 |  9.76 |  9.07 | 10.37 |  9.11 | 10.05 |  8.23 |  9.63 |  9.65 |  9.55 |  9.75 |  9.34 |  9.82 |  9.56 | 10.52 |  9.16 |  9.70 |  9.81 |  9.41 |  9.46 |  9.39 |  9.88 |  9.98 |  9.09 |  8.88 | 10.00 |  9.94 |  9.68 | 10.13 | 10.17 |  9.33 |  9.02 |  9.62 |
|        25 | 10.10 |  8.81 | 10.09 | 10.01 |  9.51 |  8.90 |  9.65 |  9.77 |  9.59 |  8.78 | 10.08 |  8.88 |  9.90 |  8.01 |  9.07 |  9.07 |  9.44 |  9.41 |  8.91 |  9.72 |  9.44 | 10.45 |  9.15 |  9.15 |  9.76 |  9.10 |  8.67 |  9.32 |  9.72 |  9.65 |  8.84 |  8.64 |  9.89 |  9.78 |  9.61 |  9.65 |  9.86 |  9.17 |  8.76 |  9.43 |
|        26 | 10.25 |  8.93 |  9.90 |  9.69 |  9.16 |  8.55 |  9.58 |  9.79 |  9.55 |  8.39 | 10.12 |  8.62 |  9.64 |  7.93 |  8.72 |  8.49 |  9.24 |  9.04 |  8.46 |  9.47 |  9.18 | 10.31 |  9.15 |  8.53 |  9.55 |  8.61 |  8.08 |  9.04 |  9.74 |  9.58 |  8.50 |  8.08 |  9.56 |  9.42 |  9.49 |  9.08 |  9.67 |  9.08 |  9.01 |  9.37 |
|        27 | 10.11 |  8.65 |  9.79 |  9.16 |  9.00 |  8.11 |  9.46 |  9.67 |  9.58 |  7.99 | 10.46 |  8.66 |  9.34 |  7.99 |  8.51 |  8.53 |  8.68 |  8.86 |  7.90 |  8.26 |  8.32 | 10.06 |  8.92 |  8.13 |  9.28 |  8.19 |  8.28 |  8.43 |  9.48 |  8.86 |  7.76 |  7.57 |  9.29 |  9.05 |  9.23 |  8.55 |  9.63 |  8.83 |  8.86 |  9.32 |
|        28 |  9.78 |  8.17 |  8.69 |  8.61 |  8.94 |  7.67 |  8.88 |  9.18 |  9.54 |  7.81 | 10.46 |  8.95 |  9.29 |  8.07 |  8.24 |  8.89 |  8.50 |  8.84 |  7.72 |  7.99 |  8.23 | 10.10 |  8.76 |  8.04 |  9.21 |  8.20 |  8.27 |  8.34 |  9.38 |  8.56 |  7.54 |  7.59 |  9.32 |  9.02 |  9.09 |  8.44 |  9.65 |  8.86 |  8.59 |  9.34 |
|        29 |  9.74 |  8.41 |  8.05 |  8.33 |  8.75 |  8.05 |  8.21 |  8.47 |  9.17 |  7.68 |  9.94 |  8.66 |  8.94 |  7.95 |  8.22 |  9.03 |  8.36 |  8.83 |  7.73 |  8.29 |  8.47 | 10.39 |  8.59 |  8.11 |  9.02 |  8.34 |  8.13 |  8.49 |  9.66 |  8.30 |  8.13 |  7.68 |  9.76 |  9.58 |  9.04 |  8.43 |  8.54 |  8.77 |  7.54 |  9.26 |
|        30 | 10.49 |  8.51 |  7.72 |  8.36 |  9.18 |  8.47 |  7.84 |  8.33 |  9.16 |  7.59 |  8.75 |  8.40 |  9.14 |  7.75 |  8.92 |  8.81 |  8.35 |  8.97 |  7.86 |  8.17 |  8.20 | 10.05 |  8.40 |  8.25 |  8.85 |  8.26 |  8.07 |  8.43 |  9.60 |  7.93 |  8.57 |  7.83 |  9.64 |  9.94 |  8.73 |  7.94 |  8.10 |  8.28 |  7.24 |  8.91 |
|        31 | 10.63 |  8.22 |  7.63 |  8.52 |  9.05 |  8.77 |  7.82 |  8.44 |  8.84 |  7.82 |  8.10 |  8.75 |  9.16 |  7.77 |  9.18 |  9.23 |  9.34 |  8.80 |  7.93 |  7.90 |  7.77 | 10.06 |  8.70 |  8.09 |  8.99 |  8.46 |  8.08 |  8.53 |  9.14 |  8.13 |  8.89 |  8.09 |  9.66 | 10.02 |  8.70 |  7.88 |  8.76 |  7.98 |  7.68 |  8.72 |
|        32 | 10.37 |  8.24 |  7.59 |  8.85 |  8.29 |  8.75 |  7.93 |  8.56 |  8.70 |  7.96 |  8.45 |  8.66 |  8.46 |  7.54 |  9.31 |  8.92 |  9.42 |  8.77 |  8.26 |  8.32 |  8.38 | 10.07 |  9.13 |  8.18 |  9.50 |  9.66 |  8.30 |  8.53 |  9.56 |  9.53 |  8.88 |  8.17 | 10.18 |  9.99 |  8.67 |  7.82 |  9.25 |  8.06 |  7.99 |  9.12 |
|        33 | 10.66 |  8.25 |  8.18 |  8.87 |  8.36 |  8.75 |  8.39 |  9.02 |  8.83 |  8.09 |  8.32 |  8.19 |  8.23 |  7.77 |  8.91 |  8.87 | 10.21 |  8.37 |  8.34 |  8.88 |  8.89 |  9.77 |  9.41 |  8.22 |  9.98 |  9.46 |  8.72 |  8.31 |  8.97 |  8.99 |  8.84 |  8.08 | 10.22 |  8.57 |  8.41 |  8.28 |  9.50 |  7.75 |  8.44 |  9.01 |
|        34 |  9.16 |  8.41 |  8.82 |  9.20 |  8.28 |  8.87 |  8.67 |  9.10 |  8.83 |  8.32 |  8.55 |  8.40 |  8.65 |  8.36 |  9.15 |  8.73 | 10.62 |  8.64 |  8.54 |  9.29 |  8.98 |  9.19 |  8.78 |  8.91 |  9.01 |  8.89 |  8.98 |  8.82 |  9.08 |  9.50 |  8.97 |  8.39 |  8.70 |  8.67 |  8.63 |  8.44 |  9.39 |  7.85 |  8.54 |  8.76 |
|        35 |  9.46 |  8.80 |  9.04 |  9.39 |  8.92 |  9.20 |  9.08 |  9.63 |  9.32 |  8.79 |  9.05 |  8.74 |  9.36 |  8.81 |  9.19 |  9.10 | 10.94 |  9.00 |  8.94 |  9.53 |  9.29 |  9.60 |  8.94 |  9.38 |  9.53 | 11.02 |  9.02 |  8.99 |  9.08 |  9.57 |  9.14 |  8.73 |  9.03 |  9.08 |  9.11 |  8.98 |  9.55 |  8.59 |  8.72 |  9.47 |
|        36 |  9.69 |  9.03 |  9.33 |  9.93 |  9.54 |  9.28 |  9.56 | 10.09 | 10.10 |  9.19 |  9.65 |  9.22 |  9.61 |  9.27 |  9.24 |  9.14 | 10.70 |  9.33 |  9.32 |  9.77 |  9.24 |  9.91 |  9.53 |  9.54 |  9.67 |  9.28 |  9.45 |  8.86 |  9.31 |  9.76 |  9.53 |  8.93 |  9.30 |  9.46 |  9.27 |  9.63 |  9.95 |  9.28 |  8.93 |  9.46 |
|        37 | 10.22 |  9.11 |  9.62 | 10.40 |  9.71 |  9.28 |  9.81 | 10.00 |  9.56 |  9.49 |  9.82 |  9.58 | 10.20 |  9.31 |  9.58 |  9.46 | 10.50 |  9.69 |  9.40 | 10.01 |  9.70 | 10.19 | 10.06 |  9.60 | 10.15 |  9.59 | 10.06 |  9.07 |  9.92 | 10.38 |  9.73 |  9.34 |  9.69 |  9.73 |  9.44 |  9.74 | 10.09 |  9.72 |  9.33 |  9.96 |
|        38 | 10.66 |  9.59 |  9.88 | 10.18 |  9.91 |  9.56 |  9.93 |  9.96 |  9.98 |  9.48 |  9.91 | 10.12 | 10.28 |  9.66 |  9.96 | 10.08 | 10.67 |  9.89 |  9.54 | 10.09 |  9.78 | 10.61 | 10.37 | 10.09 | 10.45 | 10.46 |  9.83 |  9.29 | 10.01 | 10.16 |  9.86 |  9.65 |  9.91 |  9.91 |  9.56 |  9.96 | 10.34 |  9.74 |  9.51 | 10.43 |
|        39 | 10.59 |  9.87 |  9.70 | 10.30 |  9.78 |  9.45 | 10.12 |  9.92 | 10.23 |  9.72 |  9.90 | 10.06 |  9.93 |  9.80 | 11.10 | 10.48 | 10.85 | 10.07 |  9.60 | 10.03 | 10.03 | 10.86 | 10.53 |  9.82 | 10.53 | 10.66 |  9.73 |  9.60 | 10.02 |  9.67 |  9.93 |  9.80 | 10.23 | 10.11 |  9.85 |  9.90 | 10.24 |  9.66 |  9.51 | 10.56 |
|        40 | 10.69 | 10.27 |  9.78 | 10.14 |  9.77 |  9.54 |  9.98 | 10.43 | 10.29 |  9.97 |  9.87 |  9.85 | 10.01 |  9.93 | 10.54 | 10.34 | 10.93 | 10.11 |  9.87 |  9.47 | 10.09 | 10.74 | 10.53 |  9.86 | 10.61 | 10.18 |  9.56 |  9.27 | 10.05 | 10.08 | 10.35 |  9.69 | 10.39 | 10.20 |  9.99 |  9.65 | 10.48 |  9.61 |  9.62 | 10.33 |
|        41 | 10.54 | 10.53 | 10.00 |  9.86 |  9.41 |  9.50 | 10.08 | 10.51 | 10.37 | 10.00 |  9.69 |  9.76 |  9.74 |  9.65 |  9.78 | 10.27 | 10.39 |  9.81 |  9.96 | 10.35 |  9.85 | 10.38 | 10.08 | 10.13 | 10.74 | 10.19 |  9.85 |  9.61 | 10.16 | 10.74 |  9.84 |  9.76 | 10.49 |  9.88 |  9.82 |  9.87 | 10.58 |  9.93 |  9.53 | 10.11 |
|        42 | 10.22 | 10.53 |  9.81 |  9.83 |  9.45 |  9.57 | 10.04 | 10.16 | 10.64 |  9.82 |  9.66 |  9.96 |  9.87 |  9.42 | 10.52 | 10.03 | 10.50 |  9.61 |  9.37 | 11.01 |  9.78 | 10.31 |  9.64 | 10.55 | 10.67 | 10.39 |  9.76 |  9.49 |  9.93 |  9.94 |  9.53 |  9.82 | 10.07 |  9.47 |  9.70 |  9.48 |  9.81 |  9.52 |  9.25 |  9.92 |
|        43 | 10.16 |  9.98 | 10.15 | 10.45 |  9.54 |  9.27 | 10.09 | 10.00 | 10.32 |  9.60 |  9.17 | 10.34 |  9.84 |  9.10 | 10.55 |  9.94 | 10.65 |  9.22 |  9.42 | 10.85 |  9.53 | 10.10 |  9.72 | 10.85 | 10.32 | 10.66 |  9.27 |  9.11 |  9.96 |  9.53 |  9.65 |  9.85 | 10.16 |  9.84 |  9.44 |  9.48 |  9.39 |  9.12 |  9.21 | 10.01 |
|        44 |  9.70 |  9.79 | 10.00 | 10.09 | 10.08 |  9.05 | 10.11 |  9.61 |  9.35 |  9.85 |  8.78 | 10.14 |  8.86 |  8.93 |  9.88 |  9.63 | 10.38 |  9.89 | 10.08 | 11.15 |  9.60 |  9.86 | 10.03 | 10.33 |  9.99 | 10.58 |  9.24 |  8.71 | 10.10 |  9.30 |  9.42 |  9.77 |  9.86 |  9.85 |  9.17 |  9.72 |  9.23 |  9.26 |  9.28 |  9.78 |
|        45 |  9.94 | 10.02 | 10.12 | 10.18 |  9.21 |  8.39 |  9.86 |  9.35 |  8.74 |  9.73 |  8.63 | 10.50 |  8.55 |  8.65 |  9.60 |  9.86 | 10.60 | 10.22 |  9.46 | 10.38 |  9.43 |  9.55 |  9.17 |  9.36 |  9.89 |  9.93 |  9.00 |  8.45 | 10.12 |  8.91 |  9.17 |  9.60 |  9.97 |  9.36 |  9.32 |  9.57 |  8.88 |  9.10 |  9.47 |  9.88 |
|        46 |  9.04 | 10.02 |  9.97 |  9.27 |  8.53 |  8.23 |  9.71 |  8.96 |  8.94 |  9.66 |  8.47 |  9.90 |  8.44 |  8.16 |  9.00 |  9.92 | 10.31 |  9.00 |  8.88 |  9.80 |  9.20 |  9.41 |  9.47 |  9.48 |  9.71 |  9.42 |  8.52 |  7.82 | 10.38 |  8.61 |  8.66 |  9.23 |  9.82 |  9.01 |  9.59 |  9.04 |  8.51 |  8.51 |  9.60 |  9.17 |
|        47 |  8.72 |  9.57 |  9.67 |  8.75 |  8.39 |  8.53 |  9.24 |  8.78 |  7.59 |  9.36 |  8.49 |  9.23 |  7.96 |  8.11 |  8.40 |  9.57 |  9.59 |  8.44 |  8.86 |  9.51 |  8.92 |  9.19 |  8.83 |  9.36 |  9.63 |  9.75 |  8.40 |  7.49 | 10.26 |  7.40 |  8.66 |  8.82 |  9.27 |  8.99 |  9.38 |  9.18 |  8.55 |  8.37 |  8.85 |  9.06 |
|        48 |  8.65 |  9.35 |  8.75 |  8.81 |  8.07 |  8.02 |  9.15 |  8.28 |  6.93 |  9.11 |  8.05 |  9.26 |  7.67 |  7.84 |  7.73 |  9.06 |  9.23 |  8.65 |  8.75 |  9.80 |  8.90 |  8.67 |  8.54 |  8.98 |  9.49 |  9.47 |  8.12 |  6.48 |  9.61 |  6.11 |  8.36 |  8.60 |  8.94 |  8.84 |  9.07 |  9.05 |  8.23 |  8.27 |  9.05 |  9.07 |
|        51 |  8.41 |  8.63 |  8.77 |  7.15 |  6.75 |  7.67 |  8.93 |  5.83 |  5.83 |  8.57 |  6.68 |  7.63 |  5.14 |  7.25 |  5.40 |  7.69 |  9.12 |  6.10 |  7.70 |  9.60 |  8.80 |  7.13 |  8.17 |  8.10 |  8.90 |  8.56 |  6.64 |  4.16 |  8.62 |  4.78 |  6.99 |  8.79 |  8.92 |  8.78 |  8.00 |  7.63 |  8.21 |  7.15 |  8.72 |  7.85 |
|        54 |  7.02 |  8.68 |  8.22 |  5.45 |  4.81 |  7.77 |  8.58 |  5.50 |  4.90 |  7.60 |  6.36 |  5.73 |  4.49 |  7.19 |  4.10 |  5.12 |  8.88 |  4.24 |  6.37 |  8.88 |  8.04 |  5.80 |  7.07 |  5.14 |  8.49 |  8.43 |  6.16 |  4.02 |  8.54 |  4.33 |  6.06 |  7.81 |  8.16 |  7.10 |  7.50 |  6.89 |  7.69 |  6.49 |  7.94 |  6.01 |
|        57 |  7.01 |  8.30 |  7.51 |  4.98 |  5.37 |  7.82 |  8.76 |  5.17 |  4.66 |  7.65 |  6.13 |  5.41 |  4.70 |  7.68 |  4.23 |  5.21 |  8.66 |  4.13 |  5.02 |  8.76 |  8.58 |  5.39 |  7.33 |  4.77 |  8.95 |  8.71 |  5.17 |  4.01 |  7.85 |  4.54 |  5.69 |  7.39 |  7.73 |  6.18 |  7.82 |  6.42 |  7.68 |  6.08 |  7.04 |  5.55 |
|        60 |  8.03 |  7.27 |  6.37 |  5.21 |  5.65 |  7.74 |  9.27 |  5.38 |  6.13 |  7.98 |  7.31 |  4.25 |  5.30 |  8.25 |  4.65 |  4.82 |  9.12 |  4.86 |  5.67 |  9.08 |  8.81 |  5.88 |  8.02 |  4.42 |  9.42 |  8.69 |  5.20 |  4.50 |  8.01 |  4.88 |  6.37 |  6.66 |  8.81 |  5.77 |  8.12 |  6.02 |  7.00 |  6.62 |  7.21 |  5.89 |
|        63 |  8.49 |  7.22 |  6.34 |  5.85 |  5.88 |  8.46 |  9.59 |  5.90 |  6.74 |  7.92 |  7.94 |  5.88 |  6.00 |  9.16 |  5.36 |  4.31 |  8.86 |  5.42 |  7.12 | 10.35 |  9.18 |  6.36 |  8.17 |  5.26 | 10.06 |  9.93 |  6.16 |  5.05 |  8.71 |  6.22 |  6.84 |  7.83 |  9.18 |  6.94 |  8.40 |  6.65 |  7.51 |  7.15 |  7.30 |  5.71 |
|        66 |  9.29 |  8.29 |  6.49 |  5.94 |  5.61 |  9.04 |  9.86 |  6.40 |  6.78 |  8.55 |  8.87 |  6.79 |  6.19 |  9.09 |  6.07 |  5.21 |  9.13 |  5.83 |  7.36 | 10.56 |  8.86 |  6.73 |  9.42 |  5.30 | 10.76 | 10.43 |  5.36 |  5.49 |  9.08 |  6.30 |  6.33 |  8.16 |  9.75 |  7.40 |  8.44 |  6.98 |  6.80 |  7.74 |  8.23 |  6.03 |
|        69 |  8.91 |  8.53 |  7.18 |  5.77 |  5.39 |  9.10 |  9.56 |  5.83 |  6.25 |  7.81 |  8.67 |  6.76 |  6.34 |  9.57 |  6.16 |  4.72 |  8.60 |  5.71 |  8.17 | 11.13 |  8.47 |  6.73 |  9.13 |  5.20 | 11.35 |  9.88 |  4.96 |  5.27 |  8.07 |  7.09 |  6.68 |  7.59 |  9.62 |  7.70 |  8.37 |  7.68 |  6.83 |  7.94 |  8.63 |  5.94 |
|        72 |  8.77 |  8.55 |  7.34 |  5.64 |  4.89 |  8.95 |  9.83 |  6.25 |  6.29 |  6.77 |  8.63 |  6.03 |  5.84 | 10.08 |  5.62 |  4.93 |  8.42 |  5.64 |  8.06 | 10.73 |  8.15 |  6.68 |  9.31 |  5.09 | 11.27 |  7.79 |  4.25 |  5.07 |  7.72 |  6.94 |  6.42 |  8.55 |  9.49 |  7.72 |  7.89 |  7.64 |  6.50 |  8.15 |  8.85 |  5.67 |
|        78 |  7.20 |  4.96 |  6.05 |  6.58 |  3.87 |  5.90 |  6.15 |  4.64 |  6.24 |  4.18 |  5.63 |  4.90 |  3.69 |  7.69 |  4.69 |  4.89 |  5.88 |  4.56 |  7.55 |  8.88 |  7.43 |  6.15 |  7.73 |  4.99 |  7.91 |  5.45 |  3.92 |  4.97 |  5.28 |  6.19 |  4.87 |  7.13 |  6.51 |  6.00 |  5.13 |  6.51 |  6.55 |  5.61 |  4.40 |  6.75 |
|        84 |  5.56 |  4.54 |  4.33 |  5.68 |  1.65 |  4.44 |  5.68 |  1.25 |  6.59 |  4.57 |  4.48 |  4.78 |  2.36 |  6.55 |  4.13 |  5.78 |  5.70 |  3.36 |  4.98 |  8.52 |  7.66 |  7.22 |  6.51 |  6.03 |  8.35 |  4.47 |  4.94 |  3.48 |  5.47 |  3.43 |  6.07 |  6.62 |  5.91 |  4.49 |  4.77 |  5.89 |  2.72 |  5.30 |  4.30 |  5.56 |
|        90 |  3.73 |  3.18 |  4.03 |  3.10 | -0.02 |  1.71 |  7.03 |  0.94 |  5.96 |  5.91 |  2.24 |  3.36 |  1.18 |  4.69 |  4.96 |  2.69 |  3.65 |  2.10 |  1.14 |  3.58 |  7.52 |  3.60 |  5.14 |  4.40 |  3.49 |  3.13 |  5.12 |  0.69 |  3.52 |  3.10 |  6.06 |  6.54 |  3.32 |  2.09 |  2.69 |  5.86 |  2.03 |  3.95 |  4.82 |  2.66 |
|        96 |  1.43 |  1.43 |  1.68 |  2.33 | -1.27 |    -0 |  6.58 |  0.38 |  3.66 |  5.50 |  0.88 |  1.84 |  1.65 |  2.01 |  3.96 |  0.76 |  1.76 |  0.24 | -0.43 |  2.19 |  8.20 |  2.59 |  2.26 |  1.98 |  1.49 |  2.02 |  5.65 |  0.66 |  1.73 |  2.48 |  6.14 |  5.18 |  1.89 |  0.91 |  3.06 |  5.61 | -0.05 |  0.63 |  5.70 |  0.13 |
|       102 |  0.35 |  2.33 |  1.31 |  2.16 | -2.16 |  0.72 |  4.90 | -0.63 |  1.94 |  5.78 |  0.43 |  3.33 |  1.53 |  0.89 |  4.68 |  0.79 |  1.40 |  0.71 | -0.75 |  1.14 |  8.76 |  1.29 |  1.69 |  1.31 |  1.22 |  2.32 |  5.87 | -0.75 |  2.11 |  3.07 |  6.53 |  4.66 |  1.10 |  0.54 |  2.66 |  6.45 |  0.18 | -0.10 |  6.42 |  1.51 |
|       108 |  2.30 |  5.34 |  1.30 |  4.32 | -1.18 |  2.58 |  6.20 |  1.18 |  3.70 |  6.76 |  2.16 |  5.80 |  2.73 |  3.21 |  7.54 |  1.30 |  2.80 |  0.48 |  0.32 |  1.32 |  8.31 |  2.09 |  3.16 |  3.11 |  1.94 |  4.47 |  6.67 |  1.72 |  5.60 |  3.06 |  7.49 |  5.87 |  2.30 |  1.38 |  3.35 |  7.13 | -0.26 |  1.18 |  5.98 |  2.98 |
|       114 |  2.97 |  6.20 |  5.81 |  6.72 |  0.56 |  4.45 |  7.86 |  3.88 |  4.64 |  7.59 |  1.56 |  6.91 |  3.92 |  5.52 |  8.35 |  2.22 |  5.27 |  1.90 |  1.59 |  2.50 |  8.44 |  2.40 |  4.54 |  2.35 |  3.90 |  6.75 |  7.60 |  2.44 |  7.80 |  4.30 |  7.88 |  7.25 |  4.66 |  2.92 |  3.99 |  6.60 |  1.38 |  3.13 |  6.49 |  4.62 |
|       120 |  3.96 |  5.67 |  6.08 |  8.67 | -1.05 |  6.70 |  6.46 |  4.87 |  4.62 |  7.21 |  2.14 |  7.42 |  6.12 |  7.08 |  7.27 |  2.05 |  7.93 |  2.33 |  1.63 |  3.19 |  7.68 |  1.82 |  5.32 |  2.83 |  5.52 |  9.43 |  6.60 |  2.20 | 10.16 |  4.32 |  7.71 |  7.47 |  5.37 |  1.33 |  4.38 |  6.58 |  2.04 |  4.21 |  7.08 |  5.92 |
