# variable: Temperature at 850hPa
# units: degree celsius
# 
| fcst_hour |    1 |    2 |     3 |    4 |    5 |     6 |    7 |    8 |     9 |    10 |    11 |   12 |   13 |   14 |    15 |   16 |   17 |    18 |    19 |   20 |    21 |   22 |   23 |    24 |   25 |   26 |   27 |    28 |   29 |   30 |   31 |   32 |   33 |   34 |   35 |    36 |   37 |   38 |   39 |    40 |
|         0 | 3.21 | 3.07 |  3.87 | 3.17 | 2.83 |  2.03 | 2.24 | 2.53 |  3.20 |  2.21 |  3.30 | 2.62 | 2.96 | 2.90 |  3.08 | 2.91 | 1.93 |  2.78 |  2.47 | 2.90 |  3.05 | 2.00 | 2.87 |  3.33 | 2.29 | 3.72 | 3.01 |  2.69 | 2.47 | 2.81 | 2.23 | 3.01 | 2.59 | 3.58 | 3.01 |  2.82 | 3.34 | 2.31 | 2.88 |  2.31 |
|         1 | 2.55 | 2.62 |  3.18 | 2.75 | 2.74 |  1.79 | 1.47 | 2.45 |  2.67 |  1.62 |  2.50 | 2.19 | 2.70 | 2.80 |  2.72 | 2.29 | 1.60 |  1.89 |  1.97 | 2.97 |  2.42 | 1.42 | 2.64 |  2.90 | 2.16 | 3.43 | 2.79 |  2.02 | 2.23 | 2.38 | 2.03 | 1.93 | 1.87 | 3.05 | 2.59 |  2.19 | 2.81 | 2.54 | 2.29 |  1.92 |
|         2 | 2.56 | 1.87 |  2.63 | 1.77 | 2.49 |  1.66 | 1.86 | 2.69 |  2.50 |  1.49 |  2.00 | 1.75 | 2.30 | 2.60 |  2.36 | 2.06 | 1.60 |  1.33 |  1.78 | 2.23 |  2.47 | 1.18 | 2.48 |  2.54 | 1.59 | 3.17 | 2.57 |  1.19 | 1.92 | 2.36 | 1.61 | 1.42 | 1.25 | 2.91 | 2.07 |  1.76 | 2.69 | 1.68 | 1.71 |  1.68 |
|         3 | 2.41 | 1.51 |  2.17 | 1.55 | 2.49 |  1.60 | 2.03 | 2.66 |  2.59 |  1.21 |  2.17 | 1.58 | 1.77 | 1.76 |  1.59 | 1.92 | 1.68 |  0.81 |  1.18 | 2.12 |  2.46 | 0.86 | 2.28 |  2.48 | 1.23 | 2.90 | 2.12 |  1.32 | 1.04 | 1.35 | 1.83 | 1.25 | 1.31 | 2.82 | 1.28 |  0.79 | 2.39 | 1.41 | 1.66 |  1.57 |
|         4 | 1.50 | 1.28 |  1.76 | 1.67 | 2.22 |  1.62 | 1.96 | 2.34 |  2.75 |  0.97 |  2.22 | 1.43 | 1.59 | 1.07 |  1.08 | 1.99 | 1.46 |  0.62 |  1.23 | 2.22 |  2.12 | 0.90 | 2.04 |  2.86 | 1.11 | 3.03 | 1.61 |  1.01 | 0.85 | 1.27 | 2.61 | 1.10 | 1.37 | 2.82 | 1.88 |  1.27 | 1.56 | 2.03 | 0.95 |  1.58 |
|         5 | 1.41 | 1.41 |  2.14 | 1.67 | 0.94 |  1.27 | 1.11 | 1.50 |  2.31 |  0.69 |  2.40 | 1.48 | 1.36 | 1.54 |  1.47 | 1.45 | 0.87 |  0.35 |  1.98 | 1.27 |  1.41 | 1.00 | 0.88 |  2.15 | 0.98 | 2.59 | 1.20 |  0.91 | 1.61 | 1.29 | 2.13 | 1.59 | 0.35 | 2.71 | 0.86 |  1.76 | 1.44 | 1.94 | 0.62 |  1.48 |
|         6 | 1.38 | 0.80 |  1.68 | 0.91 | 0.83 |  0.74 | 0.61 | 1.09 |  1.97 |  0.41 |  2.14 | 1.00 | 0.86 | 1.56 |  1.57 | 1.03 | 0.65 |  0.42 |  1.92 | 0.84 |  1.11 | 0.94 | 0.59 |  0.96 | 1.03 | 2.59 | 1.44 |  0.80 | 1.84 | 1.20 | 1.26 | 1.92 | 0.21 | 2.47 | 0.39 |  1.56 | 1.30 | 1.38 | 0.50 |  1.19 |
|         7 | 1.56 | 1.20 |  1.11 | 0.79 | 0.75 |  0.66 | 0.54 | 1.32 |  1.44 |  0.47 |  1.88 | 0.88 | 0.79 | 1.44 |  1.74 | 0.98 | 0.72 |  0.41 |  1.96 | 1.14 |  1.18 | 1.29 | 1.18 |  1.15 | 1.19 | 2.21 | 0.89 |  1.00 | 1.74 | 1.03 | 0.87 | 1.28 | 0.24 | 1.95 | 0.46 |  1.69 | 1.34 | 1.26 | 0.82 |  1.31 |
|         8 | 1.42 | 0.89 |  0.98 | 0.59 | 0.54 |  0.85 | 0.98 | 0.67 |  0.95 |  0.78 |  0.76 | 1.01 | 0.78 | 1.26 |  1.45 | 0.74 | 0.90 |  0.37 |  1.76 | 1.38 |  1.25 | 1.48 | 0.94 |  1.01 | 0.90 | 1.48 | 0.98 |  0.61 | 1.06 | 1.17 | 1.00 | 1.34 | 0.66 | 1.87 | 0.75 |  0.77 | 1.03 | 1.20 | 1.06 |  1.51 |
|         9 | 1.10 | 1.28 |  1.26 | 0.74 | 0.87 |  1.66 | 1.16 | 0.85 |  1.16 |  0.95 |  1.05 | 1.33 | 1.09 | 1.21 |  0.72 | 1.09 | 1.03 |  0.73 |  1.83 | 1.42 |  1.70 | 1.30 | 0.72 |  1.54 | 1.51 | 1.37 | 1.49 |  1.20 | 0.75 | 1.48 | 1.40 | 1.42 | 1.11 | 0.76 | 1.20 |  1.19 | 1.41 | 1.26 | 1.23 |  1.67 |
|        10 | 1.56 | 1.87 |  1.97 | 1.42 | 1.62 |  1.89 | 1.50 | 1.24 |  1.47 |  1.19 |  1.45 | 1.67 | 1.68 | 1.27 |  1.17 | 1.42 | 1.65 |  1.23 |  1.53 | 1.79 |  1.73 | 1.47 | 1.27 |  1.96 | 1.72 | 1.34 | 1.60 |  1.67 | 1.57 | 1.76 | 1.84 | 1.90 | 1.33 | 1.08 | 1.41 |  1.64 | 2.01 | 1.79 | 1.43 |  1.87 |
|        11 | 2.02 | 2.25 |  2.09 | 1.86 | 1.70 |  2.10 | 1.79 | 1.45 |  1.52 |  1.58 |  1.79 | 2.15 | 1.90 | 1.39 |  1.92 | 1.73 | 1.80 |  1.86 |  1.44 | 1.81 |  1.94 | 1.76 | 1.61 |  2.19 | 2.04 | 1.74 | 2.06 |  2.04 | 1.90 | 2.11 | 1.94 | 2.01 | 1.50 | 1.93 | 1.71 |  1.57 | 2.10 | 2.05 | 1.83 |  2.09 |
|        12 | 2.23 | 2.49 |  1.94 | 2.05 | 1.78 |  2.38 | 2.32 | 1.72 |  1.91 |  1.83 |  1.76 | 2.36 | 2.29 | 1.86 |  2.16 | 2.22 | 1.89 |  1.91 |  1.71 | 2.02 |  2.30 | 2.10 | 1.62 |  2.10 | 2.11 | 2.29 | 2.39 |  2.33 | 2.16 | 2.11 | 2.23 | 1.95 | 1.51 | 2.23 | 1.82 |  1.95 | 2.56 | 2.20 | 2.02 |  2.39 |
|        13 | 1.98 | 2.51 |  2.00 | 2.12 | 1.82 |  2.38 | 1.88 | 1.54 |  2.12 |  2.01 |  1.43 | 2.52 | 2.25 | 1.92 |  2.49 | 2.33 | 1.83 |  1.80 |  1.98 | 2.12 |  2.00 | 1.84 | 1.73 |  1.75 | 1.94 | 2.35 | 2.49 |  2.62 | 2.12 | 2.15 | 1.76 | 2.04 | 1.59 | 2.31 | 1.63 |  2.19 | 2.52 | 2.21 | 1.84 |  2.45 |
|        14 | 1.40 | 2.13 |  1.83 | 1.96 | 1.64 |  2.12 | 2.18 | 1.48 |  2.18 |  1.56 |  1.36 | 2.27 | 2.34 | 2.10 |  2.48 | 2.04 | 1.98 |  1.86 |  1.88 | 1.80 |  1.91 | 1.74 | 1.64 |  1.78 | 1.81 | 2.21 | 2.42 |  2.90 | 2.02 | 1.96 | 1.28 | 2.03 | 1.32 | 1.91 | 1.56 |  2.22 | 2.50 | 2.34 | 1.64 |  2.25 |
|        15 | 1.30 | 2.04 |  1.56 | 1.84 | 1.68 |  2.23 | 1.79 | 1.07 |  2.07 |  1.47 |  1.44 | 2.38 | 2.16 | 2.00 |  2.68 | 1.86 | 2.11 |  1.85 |  1.80 | 1.64 |  1.97 | 1.34 | 1.40 |  1.34 | 1.86 | 2.36 | 2.18 |  2.90 | 2.01 | 2.17 | 1.25 | 1.77 | 1.24 | 2.23 | 1.14 |  1.84 | 2.58 | 2.34 | 1.63 |  2.00 |
|        16 | 1.35 | 1.80 |  1.51 | 1.49 | 1.75 |  1.89 | 1.98 | 0.99 |  2.31 |  1.30 |  1.46 | 2.20 | 2.59 | 1.67 |  2.48 | 2.00 | 1.71 |  1.68 |  1.92 | 1.73 |  1.50 | 1.46 | 1.19 |  1.45 | 1.40 | 1.86 | 1.70 |  2.70 | 1.75 | 1.79 | 1.42 | 1.86 | 1.15 | 2.45 | 0.93 |  1.58 | 2.44 | 2.25 | 1.39 |  1.35 |
|        17 | 1.10 | 1.41 |  1.33 | 1.44 | 1.50 |  1.77 | 1.75 | 1.13 |  2.22 |  1.04 |  1.24 | 2.02 | 2.55 | 1.45 |  2.43 | 1.34 | 0.95 |  1.50 |  1.74 | 1.51 |  1.43 | 1.46 | 1.19 |  1.60 | 1.26 | 1.74 | 1.45 |  2.45 | 1.77 | 1.30 | 1.23 | 1.62 | 1.07 | 1.99 | 1.08 |  1.54 | 2.39 | 2.07 | 1.03 |  1.51 |
|        18 | 1.41 | 1.44 |  1.48 | 1.46 | 1.39 |  1.42 | 1.59 | 0.94 |  2.16 |  1.16 |  1.77 | 1.99 | 2.49 | 1.47 |  2.18 | 1.25 | 1.30 |  1.37 |  1.62 | 1.46 |  1.41 | 1.52 | 1.07 |  1.61 | 1.27 | 1.94 | 1.50 |  2.52 | 1.56 | 1.32 | 1.44 | 1.88 | 1.09 | 1.85 | 0.58 |  1.88 | 2.31 | 1.74 | 1.20 |  2.00 |
|        19 | 2.17 | 1.48 |  2.24 | 1.51 | 1.70 |  1.05 | 1.66 | 1.21 |  1.96 |  1.21 |  2.43 | 2.12 | 2.16 | 1.27 |  2.17 | 1.45 | 1.29 |  1.85 |  1.54 | 1.89 |  1.48 | 2.04 | 0.88 |  1.92 | 1.78 | 1.76 | 1.18 |  2.48 | 1.32 | 1.54 | 2.20 | 2.21 | 1.53 | 1.92 | 0.85 |  1.62 | 2.18 | 1.86 | 1.14 |  2.69 |
|        20 | 2.32 | 1.61 |  2.25 | 1.65 | 1.57 |  0.75 | 1.62 | 1.59 |  1.78 |  1.83 |  2.42 | 1.87 | 1.60 | 0.85 |  2.34 | 1.51 | 1.35 |  2.12 |  1.53 | 2.12 |  1.48 | 2.20 | 1.23 |  2.22 | 2.25 | 1.47 | 1.52 |  2.18 | 1.30 | 1.44 | 2.60 | 2.40 | 1.52 | 2.20 | 0.94 |  2.01 | 1.89 | 1.97 | 1.62 |  2.88 |
|        21 | 2.28 | 1.88 |  2.47 | 2.13 | 1.66 |  0.61 | 1.81 | 1.76 |  1.55 |  2.56 |  2.54 | 1.92 | 1.13 | 0.88 |  2.38 | 1.85 | 1.84 |  2.46 |  1.69 | 2.75 |  1.37 | 2.44 | 1.41 |  2.34 | 2.10 | 1.66 | 1.62 |  1.97 | 1.70 | 1.58 | 2.36 | 2.76 | 1.67 | 2.52 | 1.46 |  2.53 | 2.61 | 1.67 | 1.91 |  2.98 |
|        22 | 2.35 | 2.40 |  2.74 | 2.20 | 2.10 |  1.30 | 2.27 | 1.85 |  1.18 |  2.61 |  2.56 | 2.50 | 1.19 | 1.00 |  2.12 | 2.53 | 2.20 |  2.73 |  2.33 | 2.73 |  1.60 | 2.41 | 1.75 |  2.40 | 2.12 | 1.35 | 2.11 |  2.12 | 2.26 | 1.84 | 2.51 | 3.14 | 1.89 | 2.83 | 1.74 |  2.65 | 2.38 | 1.26 | 2.10 |  3.17 |
|        23 | 2.42 | 2.88 |  2.57 | 2.20 | 1.92 |  1.94 | 2.35 | 2.09 |  0.74 |  2.75 |  2.28 | 2.57 | 1.73 | 1.60 |  2.07 | 3.04 | 2.28 |  2.13 |  2.52 | 2.61 |  2.01 | 2.59 | 1.76 |  2.39 | 2.32 | 1.72 | 2.29 |  2.41 | 2.59 | 2.07 | 2.45 | 3.29 | 1.95 | 3.06 | 1.91 |  2.96 | 2.55 | 1.97 | 2.16 |  3.60 |
|        24 | 2.22 | 2.85 |  2.49 | 2.52 | 1.77 |  1.80 | 2.34 | 2.67 |  0.86 |  2.55 |  2.24 | 2.45 | 1.62 | 2.41 |  2.58 | 2.62 | 2.47 |  1.96 |  2.45 | 2.60 |  2.21 | 3.03 | 1.55 |  2.32 | 2.25 | 2.00 | 2.22 |  2.45 | 2.52 | 2.46 | 2.34 | 3.48 | 1.91 | 3.23 | 2.00 |  3.08 | 2.61 | 2.42 | 2.47 |  3.95 |
|        25 | 2.31 | 2.67 |  2.49 | 2.54 | 1.67 |  2.09 | 2.62 | 2.52 |  1.29 |  2.12 |  2.16 | 2.65 | 2.06 | 2.39 |  2.62 | 2.68 | 2.61 |  1.92 |  2.38 | 2.90 |  2.13 | 3.32 | 1.48 |  2.28 | 2.27 | 2.45 | 2.43 |  2.14 | 2.45 | 2.99 | 2.22 | 3.54 | 1.87 | 3.43 | 1.94 |  3.28 | 2.59 | 2.46 | 2.26 |  3.88 |
|        26 | 2.66 | 2.54 |  2.66 | 2.54 | 1.63 |  2.10 | 2.89 | 2.69 |  1.44 |  2.03 |  2.53 | 2.90 | 2.32 | 2.43 |  2.59 | 2.86 | 2.61 |  2.11 |  2.56 | 3.33 |  2.12 | 3.24 | 1.52 |  2.24 | 1.94 | 2.30 | 2.74 |  2.07 | 2.40 | 2.76 | 2.56 | 3.73 | 1.68 | 3.18 | 1.79 |  3.26 | 2.41 | 2.60 | 2.05 |  3.75 |
|        27 | 2.85 | 2.33 |  2.76 | 2.70 | 1.80 |  2.10 | 3.33 | 2.97 |  1.95 |  2.16 |  2.27 | 2.99 | 2.49 | 2.14 |  2.75 | 3.04 | 2.27 |  2.27 |  2.81 | 3.28 |  1.98 | 3.15 | 1.79 |  2.40 | 2.30 | 2.73 | 2.81 |  2.11 | 2.28 | 2.52 | 2.48 | 3.58 | 1.78 | 3.26 | 2.23 |  3.28 | 2.43 | 3.04 | 2.10 |  3.63 |
|        28 | 2.73 | 2.42 |  2.82 | 2.78 | 2.03 |  2.29 | 3.60 | 2.82 |  1.98 |  2.44 |  2.25 | 2.65 | 2.87 | 1.66 |  2.76 | 3.08 | 2.03 |  2.72 |  2.99 | 3.01 |  1.97 | 3.22 | 1.79 |  2.48 | 2.68 | 3.21 | 2.98 |  2.30 | 2.40 | 2.61 | 2.56 | 3.29 | 1.71 | 3.49 | 2.43 |  3.09 | 3.02 | 2.75 | 2.37 |  3.33 |
|        29 | 2.75 | 2.74 |  3.07 | 2.62 | 2.30 |  2.24 | 3.62 | 2.56 |  2.65 |  2.70 |  2.19 | 2.84 | 3.04 | 1.29 |  2.60 | 2.87 | 2.05 |  2.80 |  3.06 | 3.32 |  2.17 | 3.25 | 2.08 |  2.52 | 2.55 | 3.30 | 3.01 |  2.93 | 2.51 | 2.40 | 2.49 | 3.08 | 1.37 | 3.49 | 2.24 |  2.92 | 3.72 | 2.47 | 2.56 |  3.23 |
|        30 | 2.69 | 2.90 |  3.04 | 2.91 | 2.17 |  2.09 | 3.59 | 2.47 |  2.72 |  2.59 |  2.05 | 2.77 | 3.14 | 1.11 |  2.58 | 2.81 | 2.44 |  2.66 |  3.21 | 3.68 |  2.22 | 3.12 | 2.26 |  2.78 | 2.45 | 3.22 | 2.89 |  2.87 | 2.66 | 2.44 | 2.23 | 3.06 | 1.24 | 3.54 | 2.28 |  3.03 | 3.62 | 2.67 | 2.53 |  3.46 |
|        31 | 2.73 | 2.92 |  2.84 | 3.29 | 2.03 |  2.22 | 3.60 | 2.33 |  2.39 |  2.38 |  2.20 | 2.67 | 3.06 | 1.17 |  2.69 | 2.88 | 2.67 |  2.62 |  3.42 | 3.54 |  2.10 | 3.02 | 2.08 |  2.88 | 2.34 | 3.39 | 2.84 |  2.79 | 2.94 | 2.43 | 2.29 | 3.16 | 1.26 | 3.61 | 2.32 |  2.95 | 3.84 | 2.80 | 2.54 |  3.60 |
|        32 | 2.78 | 3.19 |  2.78 | 3.20 | 2.09 |  2.53 | 3.44 | 2.19 |  2.43 |  2.52 |  2.23 | 2.82 | 2.63 | 1.38 |  2.82 | 2.90 | 2.62 |  2.57 |  3.46 | 3.30 |  2.10 | 3.06 | 2.14 |  2.95 | 2.15 | 3.58 | 2.80 |  3.04 | 3.28 | 2.36 | 2.34 | 3.11 | 1.57 | 3.55 | 2.31 |  2.86 | 3.83 | 2.64 | 2.63 |  3.48 |
|        33 | 2.88 | 3.01 |  2.74 | 3.07 | 1.89 |  2.84 | 3.10 | 1.91 |  2.33 |  2.48 |  2.07 | 2.89 | 2.72 | 1.30 |  2.97 | 2.74 | 2.48 |  2.71 |  3.27 | 3.08 |  1.97 | 3.06 | 2.10 |  2.90 | 2.12 | 3.71 | 2.72 |  3.05 | 3.44 | 2.50 | 2.31 | 2.87 | 1.48 | 3.30 | 2.48 |  2.81 | 4.15 | 2.75 | 2.62 |  3.21 |
|        34 | 2.66 | 2.82 |  2.20 | 2.79 | 1.81 |  2.22 | 2.84 | 1.78 |  2.29 |  2.30 |  2.41 | 2.63 | 2.82 | 1.36 |  2.60 | 2.64 | 2.57 |  3.22 |  2.61 | 2.53 |  1.67 | 2.87 | 1.29 |  2.54 | 2.25 | 3.59 | 2.21 |  2.99 | 2.74 | 2.33 | 1.92 | 2.86 | 1.27 | 3.17 | 2.58 |  2.80 | 3.56 | 3.03 | 2.54 |  3.01 |
|        35 | 2.76 | 2.80 |  2.24 | 2.78 | 2.02 |  1.95 | 2.66 | 2.03 |  2.43 |  2.61 |  2.40 | 2.87 | 2.83 | 1.81 |  2.31 | 2.97 | 2.43 |  2.74 |  2.21 | 2.60 |  1.68 | 2.82 | 1.38 |  1.99 | 2.55 | 2.90 | 1.87 |  2.93 | 2.50 | 2.32 | 2.35 | 3.34 | 1.47 | 3.02 | 2.26 |  3.16 | 2.70 | 2.91 | 2.38 |  3.04 |
|        36 | 2.94 | 3.00 |  2.62 | 3.14 | 2.01 |  2.54 | 2.88 | 2.46 |  2.46 |  2.86 |  2.55 | 3.12 | 2.72 | 2.12 |  2.79 | 3.18 | 2.62 |  2.51 |  2.11 | 3.00 |  1.96 | 3.26 | 1.70 |  2.09 | 2.48 | 2.82 | 2.25 |  2.84 | 2.48 | 2.80 | 2.63 | 3.45 | 1.74 | 3.50 | 2.59 |  3.40 | 3.08 | 3.36 | 2.22 |  3.32 |
|        37 | 3.23 | 3.32 |  2.48 | 3.35 | 2.00 |  2.94 | 3.33 | 2.68 |  3.08 |  3.06 |  2.83 | 3.42 | 2.67 | 2.49 |  3.09 | 3.49 | 2.80 |  2.15 |  2.30 | 3.25 |  2.12 | 3.62 | 1.95 |  2.47 | 2.84 | 3.42 | 2.77 |  3.00 | 2.98 | 3.12 | 2.82 | 3.72 | 1.92 | 3.70 | 2.76 |  3.44 | 3.28 | 3.70 | 2.73 |  3.67 |
|        38 | 3.49 | 3.54 |  2.80 | 3.49 | 2.58 |  3.12 | 3.52 | 2.77 |  3.20 |  2.99 |  3.04 | 3.51 | 3.35 | 2.82 |  3.24 | 3.69 | 3.16 |  2.09 |  2.69 | 3.46 |  2.37 | 3.93 | 2.12 |  2.85 | 3.13 | 3.69 | 3.09 |  3.08 | 3.26 | 3.42 | 3.08 | 3.83 | 2.38 | 3.98 | 2.94 |  3.75 | 3.51 | 3.83 | 3.17 |  4.07 |
|        39 | 3.62 | 3.78 |  3.43 | 3.79 | 2.94 |  3.36 | 3.65 | 2.82 |  3.28 |  3.20 |  3.16 | 3.57 | 3.86 | 2.97 |  3.47 | 3.94 | 3.52 |  2.33 |  3.27 | 3.61 |  3.37 | 4.11 | 2.33 |  3.11 | 3.44 | 3.83 | 3.31 |  3.13 | 3.40 | 3.66 | 3.43 | 3.89 | 3.22 | 4.03 | 3.30 |  3.90 | 3.92 | 3.55 | 3.36 |  4.22 |
|        40 | 3.72 | 3.93 |  4.06 | 4.02 | 3.39 |  3.58 | 3.69 | 2.90 |  3.47 |  3.35 |  3.15 | 3.56 | 3.81 | 3.13 |  3.95 | 3.91 | 4.06 |  3.21 |  3.58 | 3.80 |  4.09 | 4.15 | 2.56 |  3.14 | 3.55 | 3.90 | 3.48 |  2.96 | 3.25 | 3.86 | 3.46 | 3.78 | 3.81 | 4.10 | 3.73 |  4.05 | 4.23 | 3.53 | 3.55 |  4.46 |
|        41 | 3.63 | 4.02 |  4.68 | 4.12 | 3.87 |  3.75 | 3.64 | 3.06 |  3.57 |  3.45 |  3.20 | 3.62 | 3.79 | 3.19 |  4.30 | 3.78 | 4.47 |  3.68 |  3.75 | 4.17 |  4.51 | 4.01 | 2.71 |  3.33 | 3.75 | 3.98 | 3.38 |  2.69 | 2.90 | 4.14 | 3.52 | 3.66 | 4.20 | 4.15 | 3.57 |  4.02 | 4.28 | 3.46 | 3.68 |  4.87 |
|        42 | 3.58 | 4.08 |  4.99 | 4.05 | 4.02 |  4.38 | 3.63 | 3.20 |  3.47 |  3.42 |  3.56 | 3.68 | 3.83 | 3.21 |  4.19 | 3.66 | 4.52 |  4.22 |  3.79 | 4.23 |  4.09 | 3.84 | 2.97 |  3.94 | 3.86 | 3.94 | 3.15 |  2.67 | 2.75 | 4.21 | 3.85 | 3.81 | 4.65 | 4.03 | 3.28 |  3.77 | 4.17 | 3.38 | 3.45 |  4.94 |
|        43 | 4.09 | 4.10 |  5.32 | 3.98 | 4.15 |  4.61 | 3.66 | 3.37 |  3.21 |  3.40 |  4.09 | 3.66 | 3.83 | 3.21 |  4.40 | 3.63 | 4.90 |  5.02 |  3.71 | 4.29 |  3.87 | 3.83 | 3.61 |  4.30 | 3.53 | 3.87 | 3.15 |  3.00 | 2.99 | 4.46 | 4.08 | 4.04 | 4.30 | 3.74 | 3.56 |  3.68 | 3.96 | 3.20 | 3.33 |  4.96 |
|        44 | 4.69 | 4.20 |  5.22 | 4.20 | 4.39 |  4.49 | 3.67 | 3.89 |  3.01 |  3.42 |  4.33 | 3.67 | 3.75 | 3.08 |  5.00 | 3.74 | 5.01 |  5.45 |  3.63 | 4.64 |  3.80 | 3.93 | 4.24 |  4.26 | 3.43 | 3.84 | 3.70 |  3.16 | 3.47 | 4.87 | 4.49 | 4.35 | 3.76 | 3.55 | 4.36 |  3.71 | 3.71 | 3.04 | 3.57 |  5.21 |
|        45 | 5.22 | 4.26 |  4.13 | 4.49 | 4.87 |  4.98 | 3.51 | 4.74 |  2.98 |  3.47 |  4.42 | 3.81 | 3.69 | 2.93 |  4.82 | 4.08 | 4.73 |  5.34 |  3.83 | 5.34 |  3.89 | 3.98 | 4.34 |  4.61 | 3.74 | 3.82 | 4.33 |  3.22 | 3.82 | 5.06 | 4.49 | 5.33 | 3.77 | 3.54 | 4.67 |  3.70 | 3.62 | 2.98 | 3.57 |  5.30 |
|        46 | 5.59 | 4.20 |  4.24 | 4.74 | 5.14 |  5.20 | 3.43 | 5.20 |  3.00 |  3.51 |  4.79 | 3.89 | 3.67 | 3.03 |  4.59 | 4.12 | 4.73 |  4.87 |  4.31 | 5.62 |  3.97 | 4.14 | 4.46 |  5.16 | 4.23 | 3.75 | 4.48 |  3.78 | 4.05 | 5.22 | 3.91 | 5.66 | 4.32 | 3.59 | 4.56 |  3.60 | 3.83 | 3.13 | 3.45 |  5.34 |
|        47 | 5.62 | 4.25 |  5.45 | 4.92 | 5.09 |  4.77 | 3.51 | 4.97 |  2.93 |  3.64 |  5.14 | 3.85 | 3.78 | 3.21 |  4.73 | 4.07 | 4.87 |  4.82 |  4.55 | 5.34 |  4.44 | 4.39 | 4.54 |  5.17 | 4.85 | 3.83 | 4.42 |  4.05 | 3.91 | 5.30 | 3.91 | 5.05 | 4.77 | 3.70 | 4.46 |  3.43 | 3.87 | 3.43 | 3.62 |  5.31 |
|        48 | 5.51 | 4.38 |  5.83 | 4.67 | 5.13 |  4.92 | 3.64 | 4.98 |  2.89 |  3.78 |  5.40 | 3.87 | 4.05 | 3.40 |  5.11 | 4.48 | 5.21 |  5.03 |  4.92 | 5.18 |  5.48 | 4.61 | 5.14 |  5.21 | 5.46 | 3.93 | 4.64 |  4.24 | 3.93 | 5.51 | 5.09 | 5.07 | 4.65 | 3.81 | 4.79 |  3.48 | 3.81 | 3.55 | 3.57 |  5.33 |
|        51 | 5.63 | 5.13 |  5.51 | 4.87 | 5.73 |  5.94 | 4.55 | 5.16 |  2.71 |  4.31 |  5.12 | 4.22 | 4.81 | 4.79 |  5.42 | 4.56 | 5.22 |  4.96 |  5.81 | 5.50 |  6.72 | 5.78 | 5.12 |  5.89 | 5.71 | 4.59 | 5.29 |  5.34 | 4.93 | 5.72 | 5.89 | 6.21 | 3.77 | 4.10 | 5.15 |  3.93 | 4.53 | 3.65 | 4.56 |  5.97 |
|        54 | 6.26 | 6.01 |  5.54 | 5.43 | 5.58 |  5.73 | 4.87 | 5.21 |  2.83 |  5.67 |  4.98 | 5.14 | 5.04 | 4.63 |  5.52 | 4.68 | 5.80 |  5.40 |  5.77 | 6.08 |  6.07 | 6.07 | 4.72 |  6.05 | 4.99 | 5.84 | 5.64 |  4.77 | 5.00 | 5.16 | 4.98 | 6.70 | 4.21 | 5.05 | 5.21 |  4.55 | 5.39 | 3.66 | 5.27 |  5.66 |
|        57 | 5.70 | 6.28 |  5.30 | 5.61 | 5.08 |  6.73 | 5.85 | 4.19 |  3.86 |  5.97 |  4.11 | 5.54 | 5.83 | 4.16 |  5.90 | 5.70 | 5.62 |  5.34 |  6.10 | 6.05 |  5.39 | 5.20 | 5.47 |  5.75 | 4.66 | 5.60 | 5.31 |  5.21 | 4.97 | 5.01 | 5.88 | 6.33 | 3.64 | 5.38 | 4.81 |  4.76 | 5.67 | 5.11 | 6.06 |  5.61 |
|        60 | 5.92 | 5.95 |  4.99 | 5.10 | 5.59 |  6.84 | 6.26 | 3.71 |  4.95 |  5.51 |  3.36 | 6.18 | 6.13 | 4.53 |  5.16 | 5.34 | 4.41 |  4.25 |  5.03 | 5.21 |  4.58 | 6.01 | 5.80 |  5.54 | 3.73 | 5.58 | 4.98 |  3.70 | 3.86 | 4.95 | 5.37 | 5.72 | 3.37 | 6.05 | 3.79 |  4.69 | 5.85 | 5.01 | 3.58 |  5.27 |
|        63 | 5.33 | 4.52 |  5.27 | 5.21 | 5.06 |  5.73 | 5.25 | 4.07 |  3.80 |  4.63 |  4.05 | 4.54 | 4.65 | 3.82 |  5.31 | 5.01 | 4.70 |  4.43 |  4.58 | 5.88 |  4.69 | 5.45 | 5.43 |  5.28 | 4.36 | 4.60 | 4.95 |  4.48 | 4.76 | 4.61 | 5.93 | 5.65 | 3.87 | 4.52 | 4.27 |  4.23 | 5.38 | 4.71 | 4.93 |  5.76 |
|        66 | 4.70 | 4.52 |  4.53 | 5.39 | 6.24 |  5.47 | 5.21 | 4.63 |  4.00 |  4.26 |  4.85 | 4.56 | 5.24 | 3.95 |  5.38 | 5.22 | 4.72 |  4.18 |  4.50 | 6.17 |  4.11 | 5.32 | 4.70 |  5.82 | 4.11 | 5.45 | 5.16 |  4.45 | 5.09 | 4.93 | 7.17 | 5.78 | 3.89 | 4.61 | 4.63 |  4.65 | 4.29 | 4.51 | 4.81 |  5.64 |
|        69 | 4.47 | 5.78 |  5.14 | 4.79 | 5.94 |  6.26 | 4.82 | 6.77 |  4.02 |  4.55 |  6.53 | 4.73 | 4.76 | 4.59 |  5.08 | 4.56 | 4.80 |  4.13 |  5.26 | 6.88 |  4.83 | 5.04 | 4.04 |  6.58 | 4.88 | 5.62 | 5.21 |  4.24 | 5.62 | 5.40 | 7.97 | 6.10 | 3.58 | 4.43 | 4.76 |  5.36 | 4.10 | 4.55 | 5.36 |  5.81 |
|        72 | 6.26 | 7.73 |  6.01 | 4.41 | 6.54 |  7.65 | 5.35 | 8.25 |  4.48 |  5.36 |  7.03 | 4.84 | 5.40 | 5.91 |  5.10 | 5.09 | 5.00 |  5.15 |  7.01 | 7.69 |  4.05 | 6.06 | 4.38 |  7.74 | 6.56 | 6.44 | 6.84 |  5.28 | 7.77 | 5.99 | 8.02 | 6.91 | 6.71 | 5.96 | 5.58 |  5.46 | 4.32 | 3.93 | 7.78 |  6.37 |
|        78 | 7.14 | 7.57 |  7.52 | 7.51 | 5.55 |  8.77 | 6.66 | 7.70 |  5.32 |  9.05 |  5.18 | 3.43 | 7.49 | 7.89 |  8.72 | 8.14 | 9.30 |  4.07 |  6.96 | 9.26 |  5.95 | 8.48 | 6.77 | 10.00 | 6.63 | 8.63 | 8.22 |  9.24 | 7.69 | 7.67 | 8.25 | 9.34 | 8.14 | 7.91 | 6.54 |  8.23 | 6.22 | 6.17 | 8.84 |  5.96 |
|        84 | 7.99 | 6.94 |  8.66 | 8.32 | 6.86 | 11.12 | 7.37 | 6.50 |  9.31 |  9.75 |  4.98 | 6.68 | 7.57 | 8.28 | 10.71 | 9.44 | 9.16 |  7.44 |  6.89 | 9.97 |  4.94 | 6.96 | 5.06 | 10.43 | 5.12 | 8.32 | 9.43 |  9.99 | 9.26 | 7.36 | 8.82 | 9.59 | 7.87 | 7.42 | 8.45 | 10.33 | 6.60 | 6.93 | 7.56 |  9.79 |
|        90 | 5.54 | 3.85 |  8.56 | 8.19 | 6.81 | 11.15 | 8.04 | 6.75 |  8.42 |  8.56 |  1.41 | 4.71 | 5.61 | 8.47 |  8.75 | 7.82 | 7.55 |  6.09 |  6.28 | 9.51 |  3.80 | 7.27 | 1.59 | 10.38 | 4.46 | 7.42 | 9.46 | 10.24 | 8.19 | 6.13 | 9.10 | 9.13 | 7.47 | 5.89 | 9.29 | 10.00 | 6.21 | 6.45 | 6.79 |  9.43 |
|        96 | 6.01 | 1.73 | 10.41 | 7.27 | 6.01 | 10.84 | 7.25 | 6.16 |  8.38 | 10.62 |  1.32 | 7.96 | 5.10 | 7.42 | 10.97 | 9.76 | 7.38 |  9.90 |  5.66 | 9.06 |  3.46 | 6.48 | 2.38 |  9.64 | 4.12 | 6.95 | 8.67 | 10.17 | 8.81 | 4.18 | 8.43 | 8.59 | 6.25 | 4.95 | 9.19 | 10.63 | 5.27 | 7.15 | 6.12 | 10.37 |
|       102 | 6.63 | 3.23 | 11.66 | 6.50 | 5.83 | 10.23 | 7.20 | 5.20 |  8.89 |  9.78 |  1.99 | 8.38 | 3.15 | 7.05 | 10.21 | 9.63 | 7.76 | 10.45 |  2.41 | 9.41 |  0.64 | 5.92 | 2.14 |  9.51 | 4.02 | 6.21 | 8.45 |  9.65 | 8.09 | 3.37 | 7.89 | 8.25 | 4.99 | 3.93 | 8.23 | 10.34 | 3.69 | 7.13 | 4.50 |  9.76 |
|       108 | 7.35 | 4.72 | 12.49 | 6.04 | 6.30 |  9.77 | 7.11 | 4.54 |  9.24 | 10.39 |  0.45 | 8.76 | 2.83 | 6.91 |  9.76 | 9.32 | 7.54 | 11.72 | -1.07 | 9.36 | -0.58 | 5.89 | 5.29 | 10.19 | 3.62 | 6.51 | 8.12 |  9.49 | 7.63 | 3.02 | 7.86 | 8.25 | 4.43 | 6.08 | 7.95 | 11.11 | 3.12 | 6.98 | 6.21 | 10.81 |
|       114 | 6.50 | 2.76 | 13.10 | 6.64 | 6.60 |  9.39 | 7.44 | 3.80 | 10.00 | 10.79 | -0.24 | 8.14 | 2.32 | 6.97 |  8.35 | 8.17 | 7.19 | 12.17 |  0.58 | 9.92 |  0.80 | 6.06 | 3.68 |  9.57 | 3.80 | 6.25 | 8.40 |  9.59 | 7.17 | 1.74 | 7.77 | 8.84 | 4.16 | 4.45 | 8.19 | 10.16 | 1.69 | 7.18 | 5.32 |  8.31 |
|       120 | 8.65 | 2.21 | 13.08 | 6.73 | 5.89 |  9.16 | 7.22 | 2.82 |  9.81 | 10.66 |  0.41 | 6.22 | 4.03 | 7.00 |  7.63 | 7.34 | 6.76 | 12.09 |  0.37 | 9.99 |  1.60 | 5.55 | 5.67 |  8.48 | 2.82 | 6.45 | 7.81 | 10.06 | 6.34 | 2.33 | 7.37 | 7.38 | 4.41 | 6.30 | 8.12 |  9.48 | 0.73 | 6.57 | 4.96 |  6.98 |
