# variable: Total Cloud Cover
# units: percent
# 
| fcst_hour |      1 |      2 |      3 |      4 |      5 |      6 |      7 |      8 |      9 |     10 |     11 |     12 |     13 |     14 |     15 |     16 |     17 |     18 |     19 |     20 |     21 |     22 |     23 |     24 |     25 |     26 |     27 |     28 |     29 |     30 |     31 |     32 |     33 |    34 |     35 |     36 |    37 |     38 |     39 |     40 |
|         0 |  89.21 |  56.41 |  67.27 |  84.07 |  68.90 |  72.43 |  91.64 |  87.59 |  76.37 |  71.94 |  56.73 |  89.59 |  57.32 |  57.53 |  65.61 |  89.44 |  75.90 |  83.98 |  74.56 |  88.32 |  66.12 |  91.51 |  87.87 |  77.88 |  78.29 |  54.74 |  61.18 |  84.70 |  76.81 |  73.55 |  57.34 |  60.42 |  71.90 | 87.41 |  73.58 |  89.82 | 62.19 |  75.26 |  68.57 |  80.32 |
|         1 |  64.68 |  57.03 |  73.92 |  85.36 |  86.39 |  86.31 |  85.54 |  55.36 |  90.48 |  86.60 |  58.55 |  86.52 |  72.86 |  72.38 |  60.84 |  85.16 |  93.57 |  92.55 |  85.29 |  69.48 |  63.67 |  86.08 |  74.04 |  72.85 |  72.84 |  75.46 |  65.32 |  90.96 |  83.38 |  73.31 |  50.64 |  78.64 |  80.02 | 90.25 |  75.01 |  87.64 | 66.84 |  71.48 |  82.47 |  79.87 |
|         2 |  69.90 |  74.19 |  63.60 |  81.59 |  88.73 |  88.69 |  88.15 |  64.13 |  88.11 |  87.76 |  67.74 |  78.37 |  66.83 |  57.59 |  53.02 |  80.31 |  96.90 |  89.57 |  79.35 |  84.99 |  53.33 |  88.12 |  79.58 |  78.33 |  85.17 |  84.75 |  60.62 |  86.43 |  77.90 |  71.68 |  67.92 |  84.46 |  69.84 | 89.42 |  67.05 |  91.99 | 72.74 |  69.50 |  83.36 |  91.01 |
|         3 |  52.48 |  62.68 |  80.17 |  56.39 |  83.75 |  88.38 |  90.76 |  73.65 |  84.98 |  84.18 |  75.46 |  89.09 |  80.98 |  52.96 |  51.18 |  82.90 |  90.62 |  81.60 |  78.58 |  80.89 |  61.02 |  62.22 |  87.94 |  87.27 |  79.26 |  69.38 |  72.84 |  74.71 |  64.45 |  90.23 |  62.59 |  81.82 |  67.04 | 89.31 |  71.26 |  76.10 | 79.10 |  64.44 |  77.87 |  82.31 |
|         4 |  45.27 |  79.28 |  63.93 |  55.75 |  87.43 |  82.23 |  85.82 |  82.61 |  69.84 |  94.51 |  77.27 |  88.52 |  67.15 |  50.98 |  47.12 |  86.57 |  76.53 |  85.76 |  89.63 |  82.38 |  82.27 |  50.09 |  84.62 |  88.36 |  78.88 |  57.23 |  71.06 |  86.60 |  64.54 |  91.30 |  57.15 |  73.92 |  88.69 | 89.22 |  70.14 |  76.86 | 80.19 |  73.97 |  60.74 |  64.67 |
|         5 |  88.56 |  64.60 |  55.49 |  71.67 |  84.66 |  86.93 |  78.42 |  90.31 |  83.22 |  93.18 |  72.98 |  88.90 |  81.28 |  61.46 |  45.99 |  91.27 |  92.18 |  80.98 |  98.81 |  66.83 |  89.61 |  59.27 |  80.12 |  84.94 |  83.94 |  62.77 |  84.22 |  87.07 |  78.21 |  84.46 |  78.99 |  67.56 |  88.33 | 78.92 |  78.52 |  79.44 | 81.41 |  64.32 |  71.70 |  81.23 |
|         6 |  86.41 |  74.66 |  96.74 |  66.59 |  75.66 |  70.86 |  92.96 |  88.47 |  80.57 |  90.11 |  74.71 |  87.56 |  88.57 |  91.39 |  41.23 |  92.27 |  87.15 |  65.80 |  95.73 |  81.00 |  72.17 |  76.83 |  75.41 |  73.62 |  94.38 |  70.34 |  58.83 |  85.47 |  80.73 |  92.79 | 100.00 |  68.69 |  94.39 | 83.95 |  83.67 |  94.03 | 82.54 |  91.19 |  73.04 |  93.55 |
|         7 |  74.36 |  59.79 |  96.69 |  76.09 |  55.33 |  67.36 |  74.11 |  87.08 |  70.59 |  92.54 |  79.84 |  92.61 |  90.01 |  90.98 |  93.99 |  98.67 |  89.30 |  51.21 |  85.57 |  69.09 |  69.23 |  46.80 |  63.22 |  75.51 |  49.95 |  82.37 |  79.19 |  92.90 |  68.31 |  83.30 |  74.41 |  64.63 |  93.43 | 98.92 |  63.10 |  88.23 | 80.52 |  98.15 |  70.01 |  92.87 |
|         8 |  87.42 |  87.09 |  87.16 |  74.38 |  83.94 |  83.26 |  64.17 |  75.63 |  77.56 |  87.42 |  80.35 |  64.73 | 100.00 |  91.05 | 100.00 |  86.19 |  84.93 |  62.21 |  85.00 |  61.28 |  78.08 |  60.70 |  54.30 |  67.88 |  71.66 |  61.54 |  70.18 |  86.09 |  62.32 |  91.53 |  77.76 |  51.32 |  76.87 | 90.75 |  80.73 |  77.46 | 73.17 |  99.22 |  65.40 |  89.66 |
|         9 |  89.04 |  51.44 |  86.20 |  76.08 |  84.55 |  75.54 |  74.90 |  68.45 |  67.32 |  79.03 |  54.93 |  78.97 |  89.60 |  83.26 |  93.28 |  66.60 |  93.37 |  58.80 |  76.51 |  74.04 |  66.45 |  55.62 |  64.87 |  83.78 |  86.70 |  75.72 |  94.02 |  92.01 |  79.25 |  56.81 |  82.12 |  77.17 |  87.70 | 95.08 |  95.41 |  89.34 | 62.76 |  62.99 |  62.98 |  62.95 |
|        10 |  75.93 |  64.10 |  91.32 |  84.09 |  64.74 |  67.98 |  82.71 |  63.95 |  52.91 |  78.28 |  76.34 |  73.58 |  74.38 |  53.25 |  67.90 |  76.62 |  79.53 |  63.08 |  24.40 |  64.71 |  79.15 |  67.23 |  71.64 |  93.26 |  73.80 |  59.21 |  79.35 |  72.31 |  73.62 |  66.88 |  84.85 | 100.00 |  65.65 | 88.07 |  92.62 |  93.41 | 56.28 |  79.84 |  84.97 |  72.17 |
|        11 |  73.64 |  64.33 |  79.23 |  86.16 |  66.62 |  66.10 |  71.93 |  71.98 |  67.62 |  64.57 |  68.52 |  71.07 |  55.54 |  49.37 |  79.89 |  71.50 |  91.82 |  61.77 |  55.15 | 100.00 |  51.34 |  78.99 |  78.01 |  95.59 |  53.58 |  66.67 |  58.03 |  61.09 |  91.07 |  87.23 |  80.45 | 100.00 |  88.51 | 70.81 |  46.43 |  78.55 | 31.34 |  58.21 |  69.12 |  98.68 |
|        12 |  77.79 |  51.55 | 100.00 |  58.51 |  90.04 |  70.11 |  74.86 |  61.37 |  84.61 |  87.48 | 100.00 |  95.26 |  78.94 |  12.95 |  75.66 |  69.39 |  99.47 |  73.09 |  63.10 | 100.00 |  73.08 |  95.41 |  88.96 |  94.62 |  99.00 |  59.70 |  47.33 |  54.63 |  81.68 | 100.00 |  78.57 | 100.00 | 100.00 | 72.84 |  88.33 |  76.67 | 48.69 |  78.41 |  90.23 |  93.33 |
|        13 | 100.00 |  99.67 | 100.00 |  64.22 |  96.19 |  99.26 |  98.79 | 100.00 |  66.81 | 100.00 | 100.00 |  65.08 |  90.43 |  66.74 |  81.35 |  77.16 | 100.00 | 100.00 |  95.90 |  94.05 | 100.00 |  99.04 | 100.00 | 100.00 | 100.00 |  99.85 |  56.08 |  49.99 |  78.44 | 100.00 |  92.73 |  93.15 |  95.42 | 99.88 | 100.00 |  94.56 | 70.66 |  94.52 | 100.00 | 100.00 |
|        14 |  86.98 | 100.00 |  93.11 | 100.00 | 100.00 |  96.09 |  94.37 |  99.23 |  80.70 | 100.00 |  98.15 |  98.90 |  97.17 | 100.00 |  94.84 |  98.55 |  91.69 |  93.39 |  99.69 |  97.27 | 100.00 |  97.03 |  93.76 | 100.00 |  99.93 | 100.00 |  93.82 |  38.55 | 100.00 | 100.00 | 100.00 |  97.44 |  93.78 | 97.24 |  90.53 |  81.38 | 61.21 | 100.00 |  92.24 |  85.45 |
|        15 |  83.78 |  89.54 |  94.90 | 100.00 |  98.51 |  94.81 |  90.35 |  93.14 |  82.70 |  98.47 |  88.18 | 100.00 | 100.00 |  85.90 |  91.08 | 100.00 |  87.72 |  99.70 |  96.93 |  95.62 |  98.10 | 100.00 |  96.05 |  98.99 |  98.99 |  97.23 |  93.65 |  34.50 |  95.20 |  93.99 |  96.69 |  94.19 |  94.24 | 94.98 |  91.09 |  86.13 | 94.34 |  96.71 |  96.14 |  85.21 |
|        16 |  83.70 |  94.65 |  91.60 |  99.93 |  93.05 |  91.30 |  83.40 |  90.63 |  72.81 | 100.00 |  83.06 |  89.50 |  84.19 |  95.28 |  84.10 |  94.33 |  90.77 |  96.09 |  84.60 |  90.67 |  98.74 |  92.65 |  99.74 |  92.73 |  97.71 |  96.20 |  95.01 | 100.00 |  93.73 |  88.59 |  91.15 |  91.50 |  90.65 | 93.58 |  90.06 |  90.36 | 84.65 |  99.48 |  87.17 |  89.15 |
|        17 |  85.61 |  91.34 |  92.15 |  85.22 |  90.90 |  94.33 |  91.00 |  95.29 |  85.79 |  89.93 |  94.55 |  89.59 |  94.37 |  87.49 |  94.10 |  93.11 |  96.81 |  96.42 |  93.53 |  84.78 |  93.68 |  90.04 |  95.68 |  91.12 |  90.78 |  88.40 |  87.66 | 100.00 |  85.24 |  85.85 |  88.89 |  98.14 |  92.52 | 91.92 |  93.32 |  91.54 | 95.03 |  99.70 |  92.22 |  92.20 |
|        18 |  92.59 |  92.27 |  94.63 |  87.20 |  67.03 |  93.09 |  88.38 |  88.44 |  81.79 |  94.17 | 100.00 |  92.50 |  93.86 |  93.71 |  87.41 |  88.61 |  89.52 |  97.61 |  96.13 |  81.81 |  96.50 |  96.54 |  97.62 |  87.81 |  99.73 |  93.65 |  86.89 |  87.39 |  90.35 |  87.94 |  96.94 |  94.38 |  95.00 | 93.20 |  90.05 |  99.17 | 90.99 |  93.49 |  93.38 |  89.96 |
|        19 |  97.02 |  89.47 |  90.13 |  88.19 |  74.14 |  86.67 |  96.01 |  83.07 |  83.88 |  90.84 |  95.62 |  89.82 |  85.05 |  94.59 |  77.79 |  89.74 |  87.84 |  88.76 | 100.00 |  77.55 |  97.11 |  94.29 | 100.00 |  80.10 |  98.30 |  91.11 |  87.75 |  70.87 |  87.40 |  95.51 | 100.00 |  94.27 | 100.00 | 87.57 |  95.57 |  90.94 | 97.10 | 100.00 |  92.63 | 100.00 |
|        20 |  98.64 |  86.27 |  97.01 |  92.69 |  86.88 |  95.85 |  92.83 |  96.27 |  84.10 |  97.57 |  95.49 |  89.05 |  96.72 |  94.75 |  79.48 |  88.91 |  97.96 |  80.82 |  94.57 | 100.00 |  96.32 | 100.00 | 100.00 |  92.82 |  86.10 |  97.72 |  86.80 |  79.07 |  96.22 |  95.55 |  99.57 |  89.90 |  95.53 | 86.79 | 100.00 |  94.06 | 93.62 |  97.88 |  96.63 | 100.00 |
|        21 | 100.00 |  92.64 | 100.00 |  92.86 |  98.77 |  96.81 |  96.56 | 100.00 |  89.20 |  99.81 |  86.36 |  94.11 |  84.52 |  94.83 |  91.96 |  93.29 | 100.00 |  76.86 |  96.04 | 100.00 |  96.31 |  98.88 | 100.00 |  89.48 |  96.63 | 100.00 |  93.41 |  85.18 |  92.90 |  93.26 |  99.60 |  88.79 |  90.37 | 93.26 | 100.00 | 100.00 | 91.60 |  96.06 |  97.87 |  99.56 |
|        22 | 100.00 |  95.05 |  95.91 |  88.38 | 100.00 | 100.00 |  99.19 | 100.00 |  95.10 | 100.00 |  61.84 | 100.00 |  80.93 | 100.00 |  65.74 |  91.74 |  96.51 |  91.49 |  85.70 | 100.00 | 100.00 |  86.42 |  92.68 |  85.51 |  94.74 |  95.40 | 100.00 |  74.94 |  90.73 |  95.33 |  96.20 |  85.42 |  90.60 | 93.74 | 100.00 |  92.65 | 91.77 | 100.00 | 100.00 |  89.28 |
|        23 |  96.88 | 100.00 |  98.37 |  94.80 |  99.63 |  98.88 |  98.46 |  97.44 |  98.66 |  95.87 |  80.52 |  96.59 |  94.48 | 100.00 |  79.03 |  84.68 |  94.58 |  95.15 |  99.02 | 100.00 |  95.28 |  82.75 |  74.92 |  87.23 |  89.14 |  98.54 |  96.14 |  77.13 |  89.86 |  99.66 |  93.24 |  88.30 |  97.92 | 86.91 |  96.55 |  94.52 | 90.33 | 100.00 |  97.73 |  93.32 |
|        24 |  91.97 |  98.92 |  93.81 |  94.84 |  92.62 |  93.88 |  92.79 | 100.00 |  86.28 |  94.30 |  99.06 |  90.99 |  97.77 |  97.29 |  94.46 | 100.00 |  94.13 |  97.96 |  93.79 | 100.00 |  90.36 |  88.73 |  79.70 |  89.12 |  87.68 | 100.00 |  94.68 |  72.49 |  91.12 |  99.38 |  91.47 | 100.00 |  99.04 | 95.39 |  88.11 |  92.54 | 85.49 |  92.18 |  93.02 |  94.88 |
|        25 |  98.77 |  90.09 |  93.08 |  93.87 |  93.02 |  87.11 |  95.33 |  97.09 |  94.27 |  86.29 |  97.96 | 100.00 | 100.00 |  96.66 | 100.00 |  85.86 |  93.62 |  93.20 | 100.00 |  94.90 |  85.54 |  84.56 |  81.45 |  82.09 |  85.14 |  88.52 |  91.01 |  68.84 |  89.08 |  88.56 |  91.13 |  97.79 |  89.76 | 95.96 |  89.77 |  87.07 | 90.65 | 100.00 |  93.92 |  95.05 |
|        26 |  98.38 |  89.86 |  88.14 |  96.31 |  96.70 |  95.98 |  96.57 |  95.87 | 100.00 |  84.46 |  95.76 | 100.00 |  96.89 |  94.05 | 100.00 |  98.26 |  92.61 |  73.15 | 100.00 |  79.01 |  76.85 |  95.12 |  78.42 |  78.05 |  84.14 |  82.96 |  87.84 |  71.96 |  98.42 |  93.81 |  93.81 | 100.00 |  85.03 | 89.63 |  99.26 |  77.76 | 94.19 |  97.15 |  83.99 |  96.54 |
|        27 |  92.95 |  89.83 |  82.85 |  91.14 |  94.85 |  88.12 | 100.00 | 100.00 | 100.00 |  87.46 |  91.39 |  99.26 |  92.65 |  97.03 |  96.90 |  89.27 |  93.28 |  75.12 |  98.80 |  80.47 |  77.36 |  87.17 |  72.06 |  66.62 |  89.36 |  79.33 |  84.18 |  90.43 |  99.60 |  90.40 |  83.68 | 100.00 |  71.31 | 86.48 |  93.69 |  76.43 | 81.79 |  94.58 |  82.43 |  90.73 |
|        28 |  93.73 |  80.99 |  80.45 |  83.22 |  71.93 |  79.33 |  97.72 | 100.00 | 100.00 |  62.59 |  98.41 |  95.67 |  81.71 | 100.00 |  96.75 |  77.21 |  94.11 |  52.96 |  96.03 |  94.88 |  70.96 |  87.99 |  76.18 |  77.08 |  77.81 |  79.25 |  73.62 |  94.84 |  87.44 |  95.94 |  82.01 | 100.00 |  61.68 | 76.59 |  82.49 |  81.26 | 55.25 |  94.66 |  79.46 |  93.05 |
|        29 |  93.83 |  84.48 |  73.14 |  94.26 |  52.10 |  59.33 | 100.00 |  99.71 | 100.00 |  51.14 |  96.95 |  86.46 |  81.99 | 100.00 |  93.94 |  80.04 |  94.60 |  55.94 |  94.29 |  87.42 |  56.56 |  64.33 |  71.59 |  85.69 |  95.32 |  73.10 |  76.29 |  95.50 |  81.19 |  92.48 |  69.63 | 100.00 |  81.94 | 85.78 |  98.54 |  88.54 | 58.77 |  94.08 |  84.77 |  90.42 |
|        30 |  86.74 |  96.81 |  64.65 |  85.35 |  66.26 |  52.28 | 100.00 | 100.00 | 100.00 |  80.47 |  98.13 |  88.39 |  90.70 | 100.00 |  90.89 |  81.05 |  93.36 |  54.72 |  88.29 |  72.62 |  44.00 |  90.61 |  65.57 |  61.58 |  96.40 |  84.22 |  84.74 |  88.50 |  68.38 |  96.53 |  88.64 |  94.70 |  83.59 | 90.91 |  95.97 |  86.66 | 79.76 |  93.22 |  84.33 |  90.59 |
|        31 |  84.15 |  93.42 |  75.35 |  71.69 |  77.89 |  57.28 | 100.00 |  96.06 |  82.57 | 100.00 |  89.46 |  82.43 |  90.43 |  94.81 |  85.38 |  78.29 |  87.34 |  40.42 |  83.86 |  76.28 |  54.35 |  79.78 |  69.59 |  60.12 |  93.15 |  80.52 |  83.69 | 100.00 |  66.21 |  96.30 |  79.38 |  90.43 |  74.42 | 81.97 |  87.40 |  84.22 | 80.48 |  89.34 |  84.70 |  81.78 |
|        32 |  77.31 |  92.93 |  57.27 |  73.89 |  69.30 |  37.91 | 100.00 |  96.12 |  93.29 |  98.21 |  57.71 |  65.81 |  84.19 |  97.44 |  85.59 |  84.58 |  54.99 |  41.60 |  79.95 |  74.45 |  48.77 |  44.05 |  61.25 |  63.93 |  90.53 |  78.33 |  77.30 | 100.00 |  50.12 |  95.30 |  75.64 |  89.36 |  54.66 | 70.15 |  74.03 |  88.55 | 61.12 |  87.31 |  84.21 |  87.16 |
|        33 |  96.22 |  98.68 |  55.39 |  83.06 |  84.75 |  36.18 |  92.42 |  99.12 |  93.19 |  96.05 |  95.68 |  82.45 |  95.30 |  95.79 |  83.17 |  95.89 |  84.08 |  35.90 |  75.56 | 100.00 |  60.28 |  75.73 |  65.11 |  67.17 |  94.68 |  80.80 |  72.52 | 100.00 |  40.92 |  86.75 |  91.84 |  98.14 |  76.20 | 79.49 |  93.56 |  95.21 | 45.34 |  92.38 |  87.77 |  83.67 |
|        34 |  83.82 |  97.81 |  58.09 |  93.20 |  83.70 |  58.29 |  96.43 |  98.03 |  90.59 | 100.00 |  58.60 |  91.55 |  88.07 |  68.38 |  92.24 |  87.06 | 100.00 |  46.30 |  88.11 | 100.00 |  51.50 |  82.07 |  75.78 |  92.52 |  88.38 |  79.79 |  84.06 | 100.00 |  79.40 |  80.07 |  97.50 |  95.56 |  56.80 | 72.68 | 100.00 |  92.70 | 48.46 |  90.79 |  89.78 |  92.31 |
|        35 |  79.56 |  91.94 |  53.50 |  94.67 |  52.28 |  61.18 | 100.00 |  90.95 |  89.56 |  89.98 |  54.76 |  97.18 |  99.36 |  62.23 |  99.11 |  83.05 |  92.99 |  66.65 | 100.00 |  73.37 |  77.11 |  85.49 |  83.17 |  94.48 |  62.93 |  65.71 |  78.15 |  80.94 |  97.44 |  87.40 |  57.36 |  79.54 |  45.42 | 83.63 |  92.09 |  82.60 | 52.88 |  77.75 |  83.30 |  91.94 |
|        36 |  69.96 |  67.06 |  26.01 |  96.48 |  50.82 |  43.25 |  83.07 |  87.24 |  87.78 |  68.43 |  58.18 |  91.24 | 100.00 |  77.46 | 100.00 |  76.80 |  75.96 |  60.14 | 100.00 |  75.30 |  71.74 |  77.60 |  70.29 |  88.16 |  79.84 |  76.82 |  58.15 |  69.76 |  87.08 |  73.03 |  58.97 |  91.39 |  52.07 | 66.28 |  49.18 |  62.44 | 48.54 |  76.48 |  95.42 |  88.62 |
|        37 |  39.84 |  49.36 |  59.32 |  87.79 |  46.80 |  70.52 |  68.37 |  76.13 |  91.85 |  45.88 |  63.00 |  69.09 |  89.53 |  80.54 |  94.75 |  84.95 |  87.31 |  61.93 |  85.95 |  60.94 |  75.49 |  56.30 |  51.40 |  39.71 |  72.75 |  65.97 |  59.12 |  74.77 |  58.95 |  74.96 |  50.04 |  83.07 |  47.50 | 36.94 |  56.07 |  55.55 | 65.47 |  73.81 |  37.19 |  75.76 |
|        38 |   5.29 |   6.20 |  26.99 |  85.11 |  27.52 |   5.14 |  33.17 |  78.50 |  66.90 |  49.41 |  26.76 |  44.12 |  31.17 |  32.54 |  52.64 |  81.83 |  48.11 |  77.05 |  51.68 |  17.02 |  71.86 |   3.95 |  47.33 |  18.22 |  68.11 |  67.50 |  43.53 |  65.53 |  61.89 |  38.98 |  25.66 |  58.04 |  17.81 | 46.22 |  13.86 |  30.96 | 29.12 |  64.21 |  51.21 |  29.43 |
|        39 |   6.41 |      0 |      0 |  45.30 |  40.14 |      0 |      0 |  62.82 |  57.24 |      0 |   6.45 |  10.66 |      0 |      0 |      0 |  49.99 |   3.88 |  69.55 |  35.92 |      0 |  70.82 |      0 |  22.76 |   3.24 |      0 |  50.14 |      0 |  62.13 |  46.77 |      0 |      0 |   4.39 |  15.75 | 37.30 |      0 |  30.46 |  2.91 |  47.90 |   8.04 |  15.72 |
|        40 |      0 |      0 |      0 |   6.98 |  57.57 |      0 |      0 |  58.00 |  37.20 |      0 |      0 |      0 |      0 |      0 |      0 |  38.98 |      0 |      0 |  38.82 |      0 |  44.36 |      0 |      0 |   3.75 |      0 |   4.86 |      0 |  65.38 |  27.28 |      0 |      0 |      0 |      0 | 13.50 |      0 |   4.84 |     0 |  24.23 |      0 |   8.51 |
|        41 |      0 |      0 |      0 |      0 |  39.57 |      0 |      0 |  41.84 |  33.39 |      0 |      0 |      0 |  20.92 |      0 |      0 |  38.24 |   3.79 |   8.56 |      0 |      0 |  72.28 |      0 |      0 |      0 |      0 |   8.51 |      0 |  77.75 |  29.27 |      0 |      0 |  37.21 |      0 |  6.73 |      0 |  18.74 |     0 |  24.51 |      0 |      0 |
|        42 |  36.01 |      0 |      0 |      0 |  33.57 |      0 |      0 |  72.36 |  41.79 |      0 |      0 |      0 |  27.53 |      0 |      0 |  59.44 |  41.01 |  23.21 |  21.60 |      0 |  80.85 |   8.68 |      0 |      0 |      0 |  10.19 |      0 |  73.70 |  26.65 |  10.84 |   8.80 |  24.02 |  30.79 | 26.14 |  14.77 |  39.70 |     0 |  39.40 |      0 |      0 |
|        43 |  46.09 |      0 |  38.44 |      0 |  34.70 |      0 |      0 |  78.95 |  36.50 |      0 |      0 |      0 |  40.51 |  13.25 |      0 |  56.98 |  45.59 |  50.25 |  32.07 |      0 |  96.59 |      0 |   3.79 |      0 |  11.10 |      0 |  24.07 |  51.88 |      0 |   4.34 |  25.52 |  56.03 |  53.53 | 64.12 |  31.56 |  40.23 |     0 |  39.56 |      0 |  28.55 |
|        44 |  48.86 |      0 |  50.04 |      0 |  54.24 |  10.82 |      0 |  83.05 |  33.12 |      0 |  19.05 |      0 |  47.21 |  27.14 |      0 |  58.84 |  47.97 |  73.85 |  36.98 |  23.54 | 100.00 |      0 |   7.78 |      0 |      0 |      0 |  32.55 |  27.68 |      0 |   4.77 |  44.99 |  69.51 |  85.98 | 65.24 |  33.79 |  29.40 |     0 |  50.69 |      0 |  49.10 |
|        45 |  50.20 |  30.00 |  60.08 |   9.30 |  86.27 |  21.82 |  29.79 |  50.68 |  55.00 |  29.44 |  25.89 |      0 |  53.88 |  40.78 |      0 |  61.98 |  48.11 |  85.49 |  41.58 |  29.87 | 100.00 |      0 |  22.91 |      0 |  23.24 |      0 |  36.07 |  53.77 |  16.59 |  18.39 |  71.80 |  90.76 |  91.80 | 37.58 |  38.49 |  18.15 | 41.84 |  53.15 |  26.76 |  60.16 |
|        46 |  52.83 |  60.02 |  77.20 |  24.68 |  87.57 |  32.01 |  44.98 |  39.74 |  67.39 |  62.39 |  36.77 |      0 |  54.64 |  46.47 |      0 |  67.34 |  48.96 |  91.46 |  39.09 |  24.22 |  97.18 |      0 |  13.56 |      0 |  28.08 |      0 |  36.02 |  47.19 |  42.63 |  26.28 |  88.06 |  84.03 |  94.58 | 29.17 |  36.61 |  43.36 | 55.22 |  49.13 |  34.32 |  65.20 |
|        47 |  54.26 |  60.58 |  75.22 |  39.42 |  72.72 |  29.32 |  67.99 |  49.63 |  67.87 |  63.22 |  44.53 |      0 |  58.08 |  47.49 |      0 |  75.49 |  64.73 |  92.57 |  37.67 |  34.61 |  68.60 |   5.14 |  32.92 |      0 |  31.00 |  35.33 |  46.37 |  50.63 |  58.35 |  29.96 |  95.84 |  72.65 |  94.49 | 11.62 |  38.71 |  61.54 | 61.92 |  49.94 |  38.41 |  72.65 |
|        48 |  56.17 |  65.51 |  87.14 |  49.66 |  66.12 |  41.37 |  62.83 |  69.73 |  67.20 |  57.10 |  63.79 |      0 |  59.39 |  46.64 |  13.64 |  77.44 |  58.86 |  93.79 |  37.01 |  47.13 |  15.09 |   8.88 |  27.28 |  15.23 |  52.67 |  52.33 |  53.77 |  59.61 |  75.77 |  34.44 |  94.88 |  84.96 | 100.00 | 26.40 |  40.86 |  63.17 | 61.12 |  48.43 |  46.02 |  71.74 |
|        51 |  64.56 |  58.25 | 100.00 |  69.91 |  61.20 |  69.51 |  62.47 |  57.33 | 100.00 |  52.76 |  78.43 |      0 |  56.89 |  49.78 |  35.90 |  76.91 |  62.70 |  77.28 |  42.41 |  56.39 |  61.94 |  30.50 |  49.14 |      0 |  37.31 |  58.62 |  57.49 |  52.80 |  79.09 |  42.42 |  99.20 |  85.78 |  99.39 | 42.83 |  46.38 |  75.93 | 54.83 |  98.04 |  84.30 |  68.39 |
|        54 |  75.73 |  54.47 |  96.18 |  49.08 |  98.54 |  81.92 |  61.28 |  73.31 | 100.00 |  79.29 |  86.92 |      0 |  56.75 |  61.63 |  89.23 |  91.90 |  70.70 |  61.33 |  50.33 |  45.00 |  94.54 |  57.40 |  76.33 |   4.59 |  85.89 |  67.31 |  56.28 |  44.15 |  85.46 |  63.62 | 100.00 |  68.89 |  96.21 | 66.15 |  50.00 |  83.51 | 56.95 |  82.14 |  70.89 |  68.90 |
|        57 |  84.44 |      0 | 100.00 |  47.94 |  83.21 |  47.60 |  59.84 |  89.53 |  66.89 |  55.04 |  41.86 |      0 |      0 |  90.34 |  53.79 |  84.69 |  93.33 |  62.90 |      0 |  63.37 |  87.19 |  70.61 |  98.05 |  10.83 |  60.18 |      0 |  46.94 |  78.42 |  69.77 |  85.50 |  94.49 |  59.63 |  81.82 | 74.44 |  45.52 |  63.96 |     0 |  52.63 |  43.15 |  40.73 |
|        60 |  97.62 |  76.86 |  77.76 |  96.02 |  98.23 |  85.33 |  15.37 |  41.74 |      0 |  60.31 |  90.97 |  27.68 |  23.19 |  49.45 |  80.18 |  84.70 |  94.96 |  93.08 |  90.70 |  91.47 |  56.80 |  28.30 |  96.51 |  89.09 |  57.82 |  70.49 |  83.66 |  79.77 |  88.56 |  65.35 |  89.04 |  85.19 | 100.00 | 80.30 |  85.83 |  86.36 | 34.61 | 100.00 |  81.84 |  98.61 |
|        63 |  37.52 |  64.08 |  37.90 |  74.34 |  77.58 |  87.82 |  44.33 |  46.09 |  43.71 |  90.29 |  41.76 |  52.01 |  54.10 |  82.37 |  56.79 |  50.10 |  24.78 |  70.61 |  75.46 |  73.13 |  70.23 |  35.26 |  72.99 |  49.12 |  27.87 |  62.73 |  49.28 |  55.03 |  13.08 |  64.74 |  43.10 |  55.56 |  42.13 | 54.88 |  75.28 |  79.45 | 28.40 |  75.74 |  23.80 |  84.22 |
|        66 |  53.71 |  31.28 |  58.41 |  22.69 |  44.89 |  68.38 |  88.04 |  29.41 |  51.05 |  56.60 |  10.07 |  76.65 |  18.72 |  70.74 |  34.91 |  39.20 |  43.71 |  51.28 |  72.16 |   8.20 |  62.98 |      0 |  62.79 |      0 |      0 |   3.67 |  90.72 |  20.10 |  48.82 |  51.29 |      0 |  10.80 |  70.30 | 47.47 |  47.12 |  62.23 | 66.20 |  63.94 |  23.92 |  73.88 |
|        69 |  58.88 |  42.37 |  56.67 |  40.91 |  28.74 |  41.99 |  49.97 |  43.72 |  50.98 |  50.91 |  48.71 |  56.04 |  51.59 |  51.36 |  46.10 |  50.56 |  48.29 |  31.87 |  39.16 |  30.48 |  43.95 |  25.93 |  54.24 |      0 |  28.09 |  27.38 |  41.39 |      0 |  39.97 |  41.89 |  30.29 |  44.07 |  67.50 | 47.40 |  54.34 |  52.85 | 72.16 |  63.41 |  25.52 |  72.06 |
|        72 |  56.07 |  55.12 |  53.78 |  63.00 |      0 |  50.08 |  48.73 |  54.57 |  52.66 |  55.93 |  33.09 |  35.37 |  56.73 |  54.14 |      0 |  52.37 |  51.53 |  51.11 |  39.68 |  42.88 |  49.44 |  43.36 |   4.87 |      0 |  21.54 |  48.01 |  60.69 |      0 |      0 |  54.00 |  48.60 |  56.98 |  40.35 | 48.93 |  47.28 |  59.62 | 62.62 |  54.25 |  44.41 |  54.67 |
|        78 |  57.30 |  56.44 |  64.60 |  54.66 |      0 |  58.41 |  62.76 |  58.86 |  74.54 |  50.53 |  30.43 |  53.61 |  56.60 |  59.15 |   5.73 |  51.26 |  57.95 |  54.79 |  38.01 |  90.95 |  38.62 |  48.23 |  47.44 |      0 |  42.15 |  45.68 |  57.46 |  44.90 |  24.75 |  60.86 |  44.46 |  62.32 |  40.89 | 49.18 |  40.22 |  58.36 | 72.14 |  64.23 |  45.63 |  54.11 |
|        84 |      0 |   2.82 |  15.06 |   2.80 |   9.27 |      0 |   3.02 |      0 |  40.88 |      0 |      0 |  12.59 |      0 |  16.39 |      0 |  48.03 |      0 |   3.14 |      0 |      0 |      0 |   8.32 |      0 |   5.87 |      0 |   5.11 |   6.99 |      0 |  25.70 |  17.69 |      0 |  74.53 |   2.85 | 34.71 |      0 |  56.56 |  8.35 |  26.11 |  10.09 |  44.81 |
|        90 | 100.00 |  36.60 |  78.68 |  39.98 |  35.42 |      0 |      0 |      0 |  27.69 |   4.79 |      0 |  38.35 |  58.96 |  25.98 |      0 |   6.17 |  29.20 |      0 |      0 |      0 |      0 |      0 |      0 |   0.14 |      0 |      0 |      0 |      0 |      0 |      0 |      0 |   3.56 |      0 |     0 |      0 |  28.46 | 65.91 |  40.39 |      0 | 100.00 |
|        96 |  51.95 |  35.90 |  47.02 |      0 |      0 |  60.11 |  36.79 |  81.21 |  44.14 |  60.14 |      0 |      0 |      0 |  70.78 |      0 |   6.06 |  43.50 |      0 |      0 |  27.30 |      0 |  21.57 |      0 |      0 |      0 |      0 |  46.93 |  23.70 |      0 |  43.43 |      0 |  42.39 |  51.56 |     0 |   5.17 |  35.54 | 21.21 |  42.80 |      0 |  68.63 |
|       102 |  48.89 |  35.00 |  51.96 |  28.28 |      0 |  53.55 | 100.00 | 100.00 |  90.66 |      0 |  25.74 |      0 |  38.98 |  76.71 |  96.38 |  80.89 |  39.55 |  23.94 |      0 |  49.12 |      0 |  51.79 |      0 |      0 |      0 |      0 |  46.50 |  69.49 |      0 |  55.13 |  12.08 | 100.00 |  23.50 |     0 |  57.75 |  49.28 | 29.52 |  40.53 |      0 |  26.49 |
|       108 |      0 |  84.50 |      0 |   4.40 |      0 |   2.50 | 100.00 |  16.44 |      0 |      0 | 100.00 |      0 |      0 |  84.48 | 100.00 | 100.00 |   2.79 |      0 |  80.64 |   2.64 |  83.35 |  90.94 |  31.57 | 100.00 |   2.55 |   2.76 |   6.24 |      0 |      0 |   7.03 |  60.03 |      0 |      0 | 24.24 | 100.00 |  50.14 |     0 |      0 |      0 |  66.16 |
|       114 |      0 |  87.01 |      0 |   5.64 |  60.80 |  63.20 |  28.08 |  64.32 |      0 |      0 |  61.99 |      0 |      0 |  63.22 |   5.25 |  68.83 |  93.28 |      0 |  71.59 |      0 |  48.97 |  97.45 | 100.00 |  84.40 | 100.00 | 100.00 |      0 |      0 |      0 |  59.10 |      0 |  64.69 |      0 | 37.93 |      0 |  66.94 |     0 |   2.18 |      0 |  47.41 |
|       120 |  48.80 | 100.00 | 100.00 |  27.83 |      0 |  74.60 | 100.00 |      0 |   3.97 |      0 | 100.00 |  83.46 |      0 |  47.79 |  24.28 |  59.98 |  46.56 |      0 |  88.06 |  77.18 |  15.34 | 100.00 |  71.45 |  41.58 |  75.77 |   9.58 |  35.21 |      0 |      0 |  42.50 |  38.42 |  95.78 |  42.30 |     0 |      0 |  74.39 | 31.18 |  10.08 |      0 |  99.77 |
