# variable: Total Cloud Cover
# units: percent
# 
| fcst_hour |      1 |      2 |      3 |      4 |      5 |      6 |      7 |      8 |      9 |     10 |     11 |     12 |     13 |     14 |     15 |     16 |     17 |     18 |     19 |     20 |     21 |     22 |     23 |     24 |     25 |     26 |     27 |     28 |     29 |     30 |     31 |     32 |     33 |     34 |     35 |     36 |     37 |     38 |     39 |     40 |
|         0 | 100.00 | 100.00 | 100.00 |  92.82 | 100.00 | 100.00 | 100.00 |  97.82 | 100.00 | 100.00 | 100.00 | 100.00 | 100.00 | 100.00 | 100.00 | 100.00 |  85.96 | 100.00 | 100.00 | 100.00 | 100.00 | 100.00 | 100.00 | 100.00 | 100.00 | 100.00 | 100.00 |  99.55 | 100.00 | 100.00 | 100.00 | 100.00 | 100.00 | 100.00 | 100.00 | 100.00 | 100.00 | 100.00 | 100.00 | 100.00 |
|         1 | 100.00 | 100.00 | 100.00 | 100.00 | 100.00 | 100.00 | 100.00 |  99.21 | 100.00 | 100.00 | 100.00 | 100.00 | 100.00 | 100.00 | 100.00 | 100.00 | 100.00 | 100.00 | 100.00 | 100.00 | 100.00 | 100.00 | 100.00 | 100.00 | 100.00 | 100.00 | 100.00 | 100.00 | 100.00 | 100.00 |  99.53 |  92.30 | 100.00 | 100.00 | 100.00 | 100.00 | 100.00 | 100.00 | 100.00 | 100.00 |
|         2 | 100.00 | 100.00 |  99.77 | 100.00 | 100.00 | 100.00 | 100.00 | 100.00 | 100.00 | 100.00 | 100.00 |  99.76 | 100.00 | 100.00 | 100.00 | 100.00 | 100.00 | 100.00 | 100.00 | 100.00 | 100.00 | 100.00 | 100.00 | 100.00 | 100.00 | 100.00 | 100.00 | 100.00 | 100.00 | 100.00 |  99.07 |  98.35 |  99.75 | 100.00 |  99.73 | 100.00 | 100.00 |  98.90 | 100.00 | 100.00 |
|         3 | 100.00 | 100.00 | 100.00 | 100.00 |  99.29 | 100.00 |  99.46 | 100.00 | 100.00 | 100.00 | 100.00 | 100.00 | 100.00 | 100.00 | 100.00 | 100.00 | 100.00 | 100.00 |  99.43 |  99.82 | 100.00 | 100.00 | 100.00 | 100.00 | 100.00 | 100.00 | 100.00 | 100.00 | 100.00 | 100.00 |  97.73 | 100.00 | 100.00 | 100.00 | 100.00 | 100.00 | 100.00 | 100.00 | 100.00 | 100.00 |
|         4 | 100.00 | 100.00 | 100.00 | 100.00 |  99.70 | 100.00 |  98.06 | 100.00 | 100.00 | 100.00 | 100.00 | 100.00 | 100.00 | 100.00 |  99.67 | 100.00 | 100.00 | 100.00 |  99.68 | 100.00 | 100.00 | 100.00 | 100.00 |  97.36 | 100.00 | 100.00 | 100.00 |  99.99 | 100.00 | 100.00 |  97.79 | 100.00 | 100.00 |  99.87 | 100.00 | 100.00 | 100.00 | 100.00 | 100.00 |  98.46 |
|         5 |  97.42 | 100.00 | 100.00 |  99.38 |  97.15 |  98.29 | 100.00 | 100.00 | 100.00 | 100.00 |  99.94 | 100.00 |  99.86 |  98.57 |  99.59 | 100.00 | 100.00 |  99.02 |  99.53 |  98.94 | 100.00 | 100.00 |  96.77 |  92.53 |  97.23 |  95.91 |  98.03 |  96.37 | 100.00 | 100.00 |  94.90 |  99.51 | 100.00 |  96.73 |  95.88 | 100.00 | 100.00 | 100.00 | 100.00 |  97.44 |
|         6 |  93.17 |  98.38 |  98.55 |  94.97 |  98.08 |  97.65 | 100.00 |  97.83 |  97.73 |  99.96 |  95.70 |  96.79 |  98.37 |  98.18 |  97.46 |  96.84 | 100.00 |  94.94 |  94.29 |  96.15 |  98.76 |  99.76 |  94.93 |  96.41 |  97.66 |  91.49 |  96.79 |  97.79 | 100.00 |  98.55 |  95.98 |  95.99 |  99.27 |  93.49 |  97.67 |  91.80 | 100.00 | 100.00 |  99.51 |  95.96 |
|         7 |  87.88 |  98.02 |  96.09 |  93.58 |  94.42 |  95.58 |  87.93 |  93.35 |  95.43 |  98.13 |  99.65 |  94.54 |  92.80 |  94.93 |  99.14 |  97.89 |  94.88 |  92.34 |  90.75 |  92.48 |  93.77 |  98.65 |  94.11 |  98.31 |  92.27 |  90.08 |  95.62 |  96.56 |  98.96 |  95.26 |  96.79 |  92.87 |  96.55 |  92.24 |  98.37 | 100.00 |  96.15 |  99.26 |  97.31 |  93.45 |
|         8 |  85.79 |  96.47 |  97.52 |  83.73 |  96.06 |  94.98 |  90.60 |  90.57 |  93.23 |  92.72 | 100.00 |  93.43 |  97.15 |  90.63 | 100.00 |  93.51 |  92.44 |  92.04 |  91.00 |  90.57 |  93.21 |  98.76 |  93.63 |  90.96 |  96.79 |  89.27 |  96.64 |  89.67 |  95.11 |  94.98 |  83.55 |  92.78 |  98.39 |  91.02 |  93.72 |  98.87 | 100.00 |  89.66 | 100.00 |  97.09 |
|         9 |  84.00 |  76.18 |  82.87 |  81.36 |  88.81 |  95.81 |  94.77 |  86.81 |  92.75 |  87.22 |  89.64 |  94.60 |  93.13 |  85.51 | 100.00 |  91.57 |  91.49 |  91.28 |  87.43 |  99.92 |  97.79 |  96.86 |  98.21 |  96.49 |  98.34 |  93.40 |  99.14 |  92.30 |  97.60 |  99.50 |  90.17 |  90.59 |  88.78 |  87.98 |  95.01 | 100.00 |  95.20 |  90.73 |  97.74 |  92.65 |
|        10 |  88.70 |  90.63 |  96.28 |  82.92 |  92.80 |  92.26 |  89.42 |  81.25 |  95.57 |  88.57 |  88.85 |  93.55 |  92.59 |  95.59 | 100.00 |  95.70 |  93.53 |  90.78 | 100.00 |  91.13 |  96.65 |  98.18 |  97.83 |  98.98 |  99.96 |  95.05 |  99.31 |  96.27 | 100.00 |  94.47 | 100.00 |  92.20 |  86.60 |  92.15 |  96.75 |  94.43 |  99.52 |  98.30 | 100.00 |  97.88 |
|        11 | 100.00 |  80.80 | 100.00 | 100.00 |  76.73 |  93.21 | 100.00 |  92.39 | 100.00 |  99.39 | 100.00 |  85.57 |  88.79 |  82.65 | 100.00 |  94.59 |  97.54 |  96.64 | 100.00 | 100.00 |  99.37 | 100.00 |  97.81 | 100.00 | 100.00 | 100.00 |  99.64 |  95.77 |  98.35 |  97.78 |  95.63 |  97.22 | 100.00 |  94.14 |  95.77 |  91.68 | 100.00 | 100.00 |  99.26 |  99.36 |
|        12 | 100.00 |  96.65 |  98.84 |  97.56 | 100.00 |  95.79 | 100.00 | 100.00 |  98.36 | 100.00 |  96.33 |  95.39 |  95.90 | 100.00 | 100.00 |  93.37 |  99.92 |  91.79 |  99.66 |  99.30 | 100.00 | 100.00 |  96.24 | 100.00 | 100.00 |  99.42 |  98.05 | 100.00 |  98.08 | 100.00 |  96.57 |  94.85 | 100.00 | 100.00 | 100.00 |  89.65 | 100.00 | 100.00 | 100.00 | 100.00 |
|        13 |  96.16 | 100.00 |  98.88 | 100.00 | 100.00 | 100.00 | 100.00 | 100.00 |  98.38 |  99.54 |  98.10 |  96.92 | 100.00 | 100.00 |  97.56 |  99.71 |  97.35 | 100.00 | 100.00 |  99.40 | 100.00 | 100.00 |  98.23 |  97.92 |  93.09 | 100.00 |  93.76 | 100.00 |  98.50 | 100.00 |  93.08 |  99.99 | 100.00 | 100.00 |  99.74 |  99.28 | 100.00 | 100.00 | 100.00 |  99.98 |
|        14 |  92.18 | 100.00 |  95.76 |  93.64 | 100.00 | 100.00 | 100.00 | 100.00 |  90.89 |  97.66 | 100.00 |  99.95 |  94.32 |  95.81 |  99.55 | 100.00 |  95.04 | 100.00 |  98.83 | 100.00 | 100.00 | 100.00 | 100.00 |  95.44 | 100.00 |  98.66 |  96.33 |  99.78 |  94.06 | 100.00 |  97.51 | 100.00 | 100.00 |  99.97 |  94.60 |  95.51 |  94.43 | 100.00 | 100.00 | 100.00 |
|        15 |  98.69 |  98.67 |  99.85 | 100.00 | 100.00 | 100.00 | 100.00 | 100.00 |  93.82 | 100.00 | 100.00 | 100.00 |  96.54 | 100.00 | 100.00 | 100.00 |  98.21 | 100.00 |  96.82 | 100.00 | 100.00 |  97.99 |  93.97 | 100.00 | 100.00 | 100.00 |  95.04 |  98.03 | 100.00 |  98.49 | 100.00 | 100.00 | 100.00 |  90.53 | 100.00 |  99.98 | 100.00 | 100.00 | 100.00 | 100.00 |
|        16 | 100.00 | 100.00 | 100.00 | 100.00 |  98.64 |  90.07 | 100.00 | 100.00 | 100.00 | 100.00 | 100.00 |  97.74 | 100.00 | 100.00 | 100.00 | 100.00 | 100.00 | 100.00 | 100.00 |  99.37 |  92.76 | 100.00 | 100.00 |  96.56 | 100.00 |  98.42 | 100.00 | 100.00 |  98.63 | 100.00 |  91.79 | 100.00 | 100.00 | 100.00 | 100.00 | 100.00 | 100.00 | 100.00 |  95.44 | 100.00 |
|        17 |  94.33 | 100.00 | 100.00 | 100.00 | 100.00 |  93.15 | 100.00 | 100.00 |  98.08 | 100.00 | 100.00 | 100.00 | 100.00 | 100.00 |  94.61 | 100.00 | 100.00 | 100.00 | 100.00 |  99.80 | 100.00 |  90.40 |  92.88 | 100.00 | 100.00 | 100.00 |  95.47 |  97.03 |  89.85 |  99.30 |  95.82 | 100.00 |  96.29 | 100.00 | 100.00 | 100.00 | 100.00 |  95.69 | 100.00 |  91.69 |
|        18 |  98.06 | 100.00 | 100.00 |  96.54 |  98.46 |  94.51 | 100.00 |  99.03 |  97.67 | 100.00 | 100.00 | 100.00 |  92.28 | 100.00 | 100.00 |  99.41 | 100.00 |  90.75 |  97.81 |  98.68 | 100.00 |  97.83 |  93.63 | 100.00 | 100.00 | 100.00 |  92.65 | 100.00 |  88.51 | 100.00 |  91.88 | 100.00 |  93.48 |  98.09 |  99.03 | 100.00 | 100.00 |  93.62 | 100.00 |  88.55 |
|        19 |  97.48 | 100.00 | 100.00 | 100.00 | 100.00 |  93.81 |  93.16 |  90.61 |  97.56 | 100.00 | 100.00 |  96.46 | 100.00 |  98.98 |  96.06 | 100.00 |  94.47 |  95.38 |  97.31 |  96.15 |  97.15 |  95.06 | 100.00 | 100.00 | 100.00 | 100.00 |  90.26 |  96.87 |  83.72 |  99.20 |  99.13 |  97.13 | 100.00 | 100.00 |  95.68 | 100.00 |  98.93 | 100.00 | 100.00 |  89.00 |
|        20 |  94.74 |  98.72 |  98.45 |  92.97 | 100.00 |  85.62 |  81.97 |  76.63 |  98.37 |  99.37 | 100.00 | 100.00 |  78.22 |  98.04 |  96.48 | 100.00 |  96.34 |  88.88 |  88.39 |  89.79 |  96.74 | 100.00 |  92.99 |  99.69 |  97.98 |  99.02 |  85.61 | 100.00 |  85.79 |  88.13 |  98.97 | 100.00 | 100.00 | 100.00 |  90.53 | 100.00 |  77.35 |  98.89 | 100.00 |  85.63 |
|        21 |  87.23 |  93.79 |  99.05 | 100.00 | 100.00 |  62.39 |  73.38 |  91.66 |  96.26 | 100.00 |  91.19 | 100.00 |  49.61 |  99.47 |  99.71 |  76.52 |  91.08 |  64.65 |  96.10 |  98.27 |  97.23 | 100.00 |  76.85 |  90.39 |  98.48 | 100.00 |  82.04 |  93.84 |  89.10 |  49.55 | 100.00 |  85.37 | 100.00 | 100.00 |  98.62 |  96.59 |  71.95 |  93.98 |  94.61 |  68.13 |
|        22 |  44.67 |  84.57 | 100.00 |  95.81 |  93.16 |  63.38 |  66.80 |  94.18 | 100.00 |  97.59 |  61.67 | 100.00 |      0 |  96.55 |  94.22 |  73.84 |  97.64 |  18.39 |  91.57 |  97.85 |  85.08 | 100.00 |  44.87 |  90.57 |  92.15 |  99.50 |  77.20 |  59.85 |  83.75 |  73.48 | 100.00 |  75.59 | 100.00 |  97.80 |  97.32 |  85.74 |  36.75 | 100.00 |  85.06 |  15.14 |
|        23 |  27.46 |  26.68 |  94.35 |  80.94 |  60.88 |  51.23 |  58.19 |  65.55 |  97.31 |  62.99 |  35.59 |  92.97 |  26.03 |  94.35 |  65.69 |  65.42 | 100.00 |  66.93 |  86.81 |  98.06 |      0 | 100.00 |      0 |  71.71 |  93.42 |  92.83 |  28.66 |  39.15 | 100.00 |  89.48 |  99.42 |  56.91 |  94.81 |  99.19 |  39.61 |  60.78 |  53.50 | 100.00 |  72.45 |  51.36 |
|        24 |  61.76 |      0 |  97.03 |  88.96 |      0 |  51.78 |  57.85 |      0 |  89.71 |      0 |      0 |  72.31 |  41.84 |  68.03 |  44.91 |  67.29 |  96.08 |  71.83 |  76.91 |  64.87 |      0 | 100.00 |   8.46 |  24.94 |  93.01 |  85.21 |  31.95 |  53.16 |  81.29 |  84.98 |  99.19 |  37.28 |  61.65 |  99.64 |  22.17 |  31.03 |  51.63 |  95.06 |   8.68 |  67.66 |
|        25 |  64.24 |      0 |  68.49 |  32.43 |   6.65 |  66.76 |  73.04 |      0 |  84.48 |  36.48 |  49.30 |   9.10 |  34.95 |   9.69 |  38.18 |  66.86 |  78.74 |  85.99 |  58.42 |      0 |  21.93 |  99.52 |  61.56 |  19.58 |  94.70 |  51.58 |  65.44 |  94.12 |  11.07 |  55.37 |  99.04 |  24.16 |  29.31 |  98.79 |  63.64 |  67.62 |  67.92 |  87.31 |      0 |  81.04 |
|        26 |  86.49 |  30.60 |  18.80 |      0 |  37.39 |  70.36 |  78.47 |  21.39 |  47.13 |  74.58 |  54.37 |  23.34 |  28.14 |  46.49 |  37.84 |  69.44 |  12.73 |  91.81 |  82.22 |  35.31 |  58.30 |  96.55 |  58.87 |  73.28 |  33.89 |      0 |  92.51 | 100.00 |      0 |  48.03 |  90.21 |  31.16 |  31.09 |  83.13 |  70.87 |  91.63 |  64.23 |  55.09 |  69.86 |  62.90 |
|        27 |  84.09 |  66.94 |  61.23 |      0 |  36.59 |  79.54 |  80.35 |  87.96 |  44.18 |  83.37 |  76.42 |  69.42 |  60.84 |  49.72 |  29.05 |  78.19 |  45.44 |  92.16 |  72.39 |  39.98 |  80.62 |  96.15 |  67.72 |  78.18 |      0 |  24.68 |  77.20 |  82.90 |   6.55 |  66.54 |  31.34 |  61.73 |  54.04 |  81.22 |  80.37 |  77.79 |  79.73 |  24.81 |  86.67 |  55.51 |
|        28 |  68.29 |  67.10 |  47.02 |      0 |  27.64 |  84.20 |  94.00 |  94.92 |  51.40 |  77.64 |  82.80 |  69.80 |  79.74 |  52.92 |  28.86 |  93.00 |  63.31 |  88.18 |  83.30 |  47.21 |  97.05 |  99.18 |  70.29 |  66.59 |      0 |  54.57 |  62.72 |  60.14 |  49.85 |  66.11 |      0 |  62.96 |  71.69 |  64.20 |  83.45 |  69.94 |  91.81 |  22.40 |  88.57 |  53.87 |
|        29 |  54.52 |  79.78 |  65.47 |      0 |  52.67 |  90.36 | 100.00 |  96.99 |  62.64 |  72.86 |  76.39 |  66.70 |  83.67 |  59.57 |  58.78 |  93.63 |  66.24 |  81.96 |  76.77 |  61.46 |  82.72 |  85.01 |  69.43 |  70.67 |  45.33 |  77.60 |  63.89 |  73.67 |  56.84 |  76.52 |      0 |  66.21 |  78.24 |  59.85 |  68.27 |  82.79 | 100.00 |  38.02 |  85.63 |  62.02 |
|        30 |  61.18 |  77.35 |  67.85 |  81.88 |  69.94 |  97.96 |  97.49 |  95.81 |  79.78 |  75.40 |  86.72 |  74.94 |  88.21 |  62.66 |  84.33 |  87.23 |  60.81 |  74.72 |  90.89 |  72.98 | 100.00 |  46.99 |  79.46 |  85.88 |  81.46 |  92.61 |  88.70 |  84.29 |  59.43 |  90.91 |      0 |  74.14 |  71.35 |  71.87 |  49.13 |  88.50 |  99.68 |  49.23 |  98.88 |  64.17 |
|        31 |  61.43 |  65.39 |  79.38 | 100.00 |  80.97 |  94.11 |  98.97 |  81.77 |  75.89 |  78.19 |  99.85 |  80.83 | 100.00 |  78.31 |  86.68 |  80.60 |  61.39 |  84.75 |  86.15 |  78.05 | 100.00 |  51.93 |  92.12 |  94.38 |  86.67 |  86.75 |  78.16 |  90.62 |  74.18 |  88.36 |      0 |  87.21 |  66.72 |  74.25 |  80.35 |  91.02 | 100.00 |  44.43 | 100.00 |  75.53 |
|        32 |  53.93 |  66.62 |  85.32 |  77.49 | 100.00 |  88.46 | 100.00 |  69.93 |  73.30 |  73.90 | 100.00 |  87.96 |  90.09 |  38.29 |  86.20 |  80.87 |  72.59 | 100.00 |  73.00 |  74.35 |  53.61 |   8.05 | 100.00 |  97.71 |  70.34 |  92.13 |  75.38 |  75.75 |  86.29 |  79.66 |  14.38 |  98.75 |  78.54 |  65.33 |  82.20 |  84.29 |  91.50 |  40.20 |  88.70 |  89.57 |
|        33 |  49.30 |  61.44 |  89.94 |  89.15 |  96.81 |  90.55 | 100.00 |  56.11 |  82.80 |  57.41 |  91.09 |  70.87 |  80.16 |  37.26 |  62.08 |  90.44 |  96.15 | 100.00 |  54.49 |  93.60 |  66.66 |  36.26 | 100.00 |  95.41 |  61.29 |  85.16 |  64.89 |  68.58 |  95.72 |  78.63 |  70.94 |  93.66 |  53.18 |  78.34 |  99.25 |  88.89 |  85.44 |  50.68 |  69.98 |  74.45 |
|        34 |  86.50 |  53.16 |  79.14 |  84.79 |  82.15 |  86.21 | 100.00 |  57.98 |  53.51 |  62.06 |  46.65 |  51.79 | 100.00 | 100.00 |  56.71 |  82.38 |  93.09 | 100.00 |  68.22 | 100.00 |  83.12 |  50.15 |  89.21 |  69.56 |  62.92 |  87.47 |  47.57 |  46.50 |  97.03 |  83.52 |  82.76 | 100.00 |  73.44 |  66.70 |  97.29 |  96.44 |  73.70 |  76.75 |  59.34 |  75.78 |
|        35 |  39.32 |  52.12 |  68.44 |  75.38 |  76.03 |  86.02 | 100.00 |  89.54 |  75.21 |  51.06 |  65.05 |  45.68 |  50.03 |  99.69 |  91.78 |  64.87 |  83.08 |  77.72 |  98.26 |  99.05 |  60.38 |  51.86 |  68.24 |  73.92 |  61.81 |  69.36 |  72.24 |  51.23 |  81.06 |  81.81 |  75.26 |  96.44 |  87.95 |  90.55 |  50.73 |  93.68 |  53.33 |  58.96 |  49.73 |  62.93 |
|        36 |  66.69 |  48.17 |  45.34 |  57.11 |  76.92 |  55.98 |  96.73 |  96.02 |  94.06 |  43.99 |  58.94 |  54.98 |  89.11 |  84.42 |  96.61 |  63.68 |  76.65 |  60.44 |  96.32 | 100.00 |  91.55 |  70.61 |  89.31 |  68.62 |  64.11 |  78.52 |  82.61 |  69.52 |  57.85 |  75.07 |  50.78 |  88.87 |  89.90 |  77.19 |  61.35 |  98.80 |  52.34 |  70.09 |  50.15 |  77.78 |
|        37 |  10.29 |  51.14 |  40.21 |  35.71 |  75.04 |  67.47 |  40.39 |  78.81 |  78.54 |   1.86 |  18.02 |  68.69 |  73.68 |  67.38 |  86.08 |  87.62 |  90.30 |  49.79 |  91.09 |  93.86 | 100.00 |  84.59 |  64.10 |  75.04 |  47.80 |  47.78 |  86.94 |  73.13 |  85.15 |  87.54 |  51.68 |  75.44 |  53.49 |  87.01 |  55.43 | 100.00 |  73.06 |  54.97 |  36.92 |  89.43 |
|        38 |  73.37 |  40.78 |  24.51 |  42.95 |  71.85 |  66.52 |  56.06 |  65.90 |  61.14 |  41.25 |      0 |  60.48 |  58.74 |  89.45 |  72.31 |  72.86 |  81.39 |  75.78 | 100.00 |  86.96 | 100.00 |  48.69 |  77.22 |  74.39 |  41.01 |  68.33 |  76.45 |  61.32 |  98.08 |  80.84 |  78.50 |  72.31 |  48.40 |  73.87 |  83.80 |  88.63 |  53.36 |  23.48 |  13.63 |  87.26 |
|        39 |  91.44 |   7.07 |  22.74 |  92.32 |  63.45 |  89.71 |  87.96 |  64.05 |  44.58 |   3.58 |  67.53 |   4.91 |  74.92 |  76.23 |  35.95 |  67.72 |  80.68 |  63.64 |  97.74 |  73.60 | 100.00 |  81.91 |  88.96 |  71.14 |   8.17 |  76.88 |  82.26 |  61.32 |  77.61 |  92.51 |  77.03 |  45.38 |  80.88 |  74.16 |  93.88 |  74.74 |  87.70 |  62.80 |      0 |  97.62 |
|        40 |  79.49 |      0 |  30.47 |  99.02 |  82.68 |  92.71 |  78.64 |  30.44 |  38.99 |  27.10 |  59.68 |  23.30 |  59.31 |  83.10 |  57.03 |  87.35 |  67.28 |  57.76 |  98.71 |  84.63 |  90.87 | 100.00 |  77.75 |  70.24 |  17.33 |  45.97 |  92.78 |  43.32 |  41.15 |  86.31 |      0 |  15.40 | 100.00 |  94.33 |  92.35 |  81.29 |  99.68 |  39.88 |      0 |  93.13 |
|        41 |  79.68 |  24.26 |  41.72 |  96.45 |  82.78 |  93.76 |  42.28 |  34.39 |  74.30 |  35.96 |  74.30 |  86.35 |  63.78 |  97.76 |  94.75 | 100.00 |  22.27 |  63.89 |  96.14 |  93.48 |  87.97 | 100.00 |  87.64 |  36.08 |  69.68 |  78.13 |  92.12 |  46.32 |  46.13 |  69.11 |  36.58 |  77.68 | 100.00 |  96.64 |  93.15 |  63.10 | 100.00 |  83.65 |   0.31 |  68.92 |
|        42 |  76.20 |  70.26 |  72.33 |  74.73 |  67.22 |  97.91 |  59.95 |  80.09 |  92.89 |  64.59 |  82.43 |  89.34 |  85.62 |  97.20 |  74.95 | 100.00 |  61.75 |  53.94 |  96.54 |  94.12 |  91.82 | 100.00 |  96.07 |  38.68 |  51.58 |  75.91 |  93.67 |  53.08 |  62.64 |  86.88 |  39.89 |  61.05 |  93.43 |  92.91 |  91.34 |  82.73 |  89.51 |  95.34 |  59.19 |  64.61 |
|        43 |  97.41 |  69.22 |  97.96 |  62.00 |  66.64 |  94.28 |  45.92 |  77.39 |  98.67 |  71.10 |  69.68 |  81.57 |  91.63 |  93.86 |  35.35 |  99.77 |  48.74 |  81.50 |  93.80 |  88.29 |  94.32 | 100.00 |  98.34 |  37.48 |  99.75 |  92.50 |  92.91 |  75.46 |  92.66 |  90.75 |  45.59 |  61.63 |  87.64 |  84.85 |  87.29 |  90.78 |  87.94 |  95.56 |  81.01 |  81.07 |
|        44 |  97.84 |  80.28 |  80.84 |  50.50 |  78.91 |  92.37 |  36.30 |  68.85 |  86.66 |  68.28 |  64.58 |  77.72 |  96.90 |  95.97 |  34.68 |  96.19 |  51.88 |  65.83 |  88.66 |  90.20 |  96.38 | 100.00 |  97.68 |  70.91 |  77.61 |  94.07 |  93.23 |  54.29 |  91.07 |  87.66 |  37.95 |  88.48 |  63.13 |  91.22 |  80.95 | 100.00 |  98.51 |  97.56 |  87.33 |  89.44 |
|        45 | 100.00 |  63.29 |  69.23 |  47.27 |  70.67 |  93.60 |   6.24 |  69.90 |  84.37 |  80.43 |  62.30 |  75.68 |  97.79 |  92.42 |  56.61 |  77.96 |  52.69 |  85.41 |  88.33 |  88.10 |  90.64 |  90.04 |  96.40 |  33.64 |  50.84 |  93.00 |  89.38 |  42.45 |  90.88 |  76.00 |  64.09 |  89.39 |  85.80 |  81.94 |  81.64 |  97.19 |  99.13 |  90.24 |  82.85 |  86.22 |
|        46 |  97.38 |  81.63 |  79.80 |  43.49 |  71.48 |  88.29 |  35.86 |  66.20 |  99.61 |  73.20 |  35.25 |  65.95 |  74.56 |  85.18 |  51.66 |  76.66 |  46.03 |  71.75 |  89.44 |  83.74 |  64.12 |  76.61 |  83.78 |  43.57 |  80.68 |  90.05 |  88.12 |  48.27 |  92.90 |  64.95 |  47.22 |  79.93 |  88.00 |  77.78 |  46.62 |  92.26 |  98.71 |  82.95 |  74.59 |  84.77 |
|        47 |  90.64 |  89.92 |  63.35 |  55.19 |  64.94 |  90.43 |  79.87 |  79.18 |  44.05 |  54.51 |  39.53 |  81.40 |  48.06 |  66.64 |  63.89 |  84.41 |  67.86 |  87.37 |  88.16 |  73.71 |  49.28 |  26.12 |  87.50 |  50.74 |  75.47 |  66.68 |  90.14 |  87.51 |  50.51 |  67.98 |  59.15 |  82.82 |  89.58 |  83.05 |  79.45 |  90.09 |  96.20 |  75.39 |  66.26 |  88.87 |
|        48 |  72.45 |  84.17 |  56.24 |  66.02 |  76.26 |  81.72 |  63.78 |  74.55 |  46.85 |  55.94 |  30.26 |  84.40 |  71.13 |  66.98 |  80.80 |  77.92 |  62.78 |  88.36 |  89.31 |  71.21 |  33.90 |  41.02 |  95.47 |  62.90 |  71.88 |  81.74 |  89.69 |  95.35 |  46.13 |  82.88 |  80.25 |  55.86 |  90.42 |  81.22 |  31.42 |  88.56 |  88.04 |  82.07 |  55.48 |  90.72 |
|        51 |  78.55 |  82.85 |  62.44 |  77.48 |  79.17 |  86.57 |  81.38 |  73.32 |  40.30 |  43.58 |  59.02 |  81.50 |  84.10 |  57.23 |  91.00 |  91.86 |  66.38 |  79.85 |  85.07 |  90.07 |  67.88 |  65.72 |  88.34 |  84.98 |  80.80 |  80.04 |  94.90 | 100.00 | 100.00 |  84.99 |  66.72 |  40.02 |  88.16 |  85.96 |      0 |  95.50 |  99.82 |  71.26 |  37.97 |  87.28 |
|        54 |  80.20 |  86.87 | 100.00 |  79.84 |  79.51 |  92.80 |  91.31 |  73.53 |  66.97 |  44.26 |  79.56 |  93.41 |  45.03 |  27.33 |  96.01 |  84.28 |  62.94 | 100.00 |  92.70 | 100.00 |  57.19 |   4.61 |  82.95 |  97.25 |  86.30 |  85.09 |  89.61 |  94.21 |  97.98 |  95.09 |  84.64 |  91.35 | 100.00 |  96.43 |  74.78 | 100.00 |  83.84 | 100.00 |  56.16 |  84.76 |
|        57 |  22.62 |  91.79 |  90.76 |  95.72 |  96.44 |  57.49 |  70.95 |  41.25 |  83.57 |  48.44 |  92.79 |  90.35 |  36.62 |  17.16 |  88.74 |  70.48 |  11.96 | 100.00 | 100.00 | 100.00 |  41.55 |  53.33 |  65.08 |  90.93 |  69.88 |  97.48 |  96.73 |  98.12 | 100.00 |  54.68 |  22.45 |  81.39 |  97.45 |  99.12 |  16.77 |  91.32 |  90.36 |  93.22 |  80.97 |  96.25 |
|        60 |      0 |  20.07 |  31.79 |  53.02 | 100.00 |  83.63 |  47.11 |  27.60 |  79.60 |  25.83 |  81.33 |  92.73 |  23.93 |  71.41 |  72.40 |  71.89 |  65.52 | 100.00 | 100.00 |  90.24 |  57.48 |  82.02 |  85.28 |  58.77 |  75.51 | 100.00 |  88.84 |  81.24 |  96.87 |  14.40 |  26.77 |  45.32 |  98.05 |  98.36 |  27.04 |  93.51 |  99.01 |  86.78 |  88.24 | 100.00 |
|        63 |  34.36 |      0 |  73.19 |  31.83 |  89.33 |  79.57 |      0 |  10.51 |  89.12 |  25.79 |  41.69 |  67.12 |   2.47 |  56.07 |  83.47 |  79.60 |      0 |  96.18 |  91.61 |  92.31 |  72.91 |  92.53 |  25.21 |  78.14 |  83.93 |  88.33 | 100.00 |  84.07 |  36.01 |   0.78 |      0 |      0 | 100.00 |  95.66 |  39.88 |  69.75 |  79.46 |  98.41 |  77.25 | 100.00 |
|        66 |      0 |  11.68 |  58.51 |  83.96 |  94.56 |   6.07 |      0 |   3.68 |  72.14 |      0 |  53.55 |  39.37 |      0 |  74.37 |  53.87 |  94.09 |      0 |  97.46 |  74.95 |  40.68 |  31.16 | 100.00 |  68.06 |  43.44 |  54.95 | 100.00 |  91.58 |  49.83 |  42.69 |  62.84 |      0 |      0 |  99.25 |  96.88 |      0 |  72.39 |  64.39 |  34.78 |  74.12 | 100.00 |
|        69 |  35.11 |  51.44 |  76.31 |  36.64 |  98.64 |   6.35 |      0 |   6.77 |  93.94 |   0.09 |   9.48 |      0 |      0 |  45.50 |  16.79 |  95.71 |  47.82 |  95.43 |  70.58 |  98.69 |  91.07 |  88.58 | 100.00 |  39.92 |  22.51 |  71.69 |  78.34 |  87.28 | 100.00 |   3.00 |  57.95 |  12.67 | 100.00 |  55.89 |      0 |  71.06 |  65.54 |  59.94 |  53.56 |  89.70 |
|        72 |  67.15 |  88.74 | 100.00 |  36.78 |  94.83 |  91.88 |      0 |   4.58 |  56.06 | 100.00 | 100.00 |  22.99 |      0 |  68.55 |      0 | 100.00 |   1.42 |  85.16 |  87.52 | 100.00 |  96.99 |  99.72 | 100.00 |  91.94 |  17.63 |  83.49 |  90.12 |  93.16 |  94.37 |  87.36 |  30.61 |  15.34 | 100.00 |  63.70 |  77.07 |  74.32 |  94.21 |  72.29 |  53.27 |  89.02 |
|        78 | 100.00 | 100.00 |  98.71 |  84.37 |  82.60 |  97.37 |  98.46 |  87.00 |  41.87 | 100.00 | 100.00 |  68.33 |  75.08 |  99.98 |  65.47 | 100.00 | 100.00 | 100.00 |  35.51 |  97.90 |  95.73 |  96.44 | 100.00 | 100.00 | 100.00 | 100.00 | 100.00 | 100.00 | 100.00 |  99.01 | 100.00 | 100.00 |  87.96 |  90.33 |   4.74 | 100.00 |  99.91 | 100.00 |  40.58 |  97.27 |
|        84 |  86.24 | 100.00 |  52.68 | 100.00 | 100.00 |  99.94 |  77.67 |  98.65 | 100.00 | 100.00 | 100.00 |  19.97 |  88.54 | 100.00 |  78.98 | 100.00 | 100.00 |   5.62 |  29.23 | 100.00 | 100.00 | 100.00 |  97.31 |  80.17 |  97.57 |  61.65 |  69.29 |  91.48 |  98.85 | 100.00 | 100.00 |  88.52 |  98.08 |  82.92 |  96.25 | 100.00 | 100.00 | 100.00 |  66.20 |  98.39 |
|        90 | 100.00 | 100.00 | 100.00 | 100.00 | 100.00 |  94.30 | 100.00 | 100.00 |  95.07 |  92.49 | 100.00 |  71.88 |  98.67 |  66.44 |  72.48 |  95.83 |  86.18 |  99.11 | 100.00 |  35.28 |  45.77 | 100.00 |  93.76 |  94.30 | 100.00 | 100.00 |  86.53 |  92.28 | 100.00 |  96.94 |  89.51 |  94.04 |  96.29 |  93.54 | 100.00 |  98.71 |  87.96 |  59.23 | 100.00 |  99.78 |
|        96 |  96.19 |  95.75 |      0 |  90.30 | 100.00 | 100.00 |   2.54 |  30.26 |  86.56 |  97.74 |  94.98 |  96.11 |  89.41 |  66.36 |  94.73 |  40.73 |  91.61 |  97.27 | 100.00 | 100.00 | 100.00 | 100.00 | 100.00 |  99.21 |  92.90 |  95.79 |  47.96 |  26.07 |   3.43 |  91.84 | 100.00 |      0 |  75.88 |  99.78 |  64.77 |  97.43 |  80.18 |      0 | 100.00 |  95.22 |
|       102 |  87.76 | 100.00 |  53.79 |  98.57 |  98.89 |  91.37 |  37.42 |  49.26 | 100.00 |  88.21 |      0 |  94.29 |  96.52 |  78.30 |  48.53 |  26.62 |  55.26 | 100.00 |  99.85 |  94.90 |  96.45 |  71.44 |  91.37 |  99.90 |  89.48 |  93.39 |  62.92 |  66.65 |      0 |  97.90 |  95.51 |  89.97 |  96.50 | 100.00 |  53.49 |  55.43 |  74.07 |   5.02 |  87.10 |  92.62 |
|       108 |  73.46 |  20.61 |  41.25 |  94.93 |  43.23 |  32.27 |      0 |  73.93 | 100.00 |  63.05 |      0 |  93.72 |  50.53 |  25.06 |  82.99 |  32.87 |  28.07 |  84.01 |  62.82 |      0 |  54.77 |  14.33 |  82.90 |  74.18 | 100.00 |  58.09 |  43.95 |  14.74 |  30.66 |  81.46 |  76.16 |  90.20 |  66.01 |  64.04 |  10.96 |  28.46 |  21.01 |  21.16 |  26.22 |  20.90 |
|       114 |  26.65 |  48.04 |      0 |  49.48 |  48.87 |      0 |      0 |  11.93 | 100.00 | 100.00 |  31.20 |  42.58 |  34.87 |      0 |  63.60 |      0 |      0 |   7.93 |  66.58 |  61.84 |      0 |      0 |  99.13 |  51.24 |      0 |  42.38 |  63.87 |      0 |   4.43 |  56.68 |      0 |  97.76 |      0 |  62.25 |      0 |  93.02 |   1.20 |   4.68 |      0 |  29.84 |
|       120 |  42.05 |  43.70 | 100.00 |  46.75 |  45.68 |      0 |      0 |  66.96 |  94.10 |  78.61 |  86.55 |  57.90 |  73.88 | 100.00 |  52.22 |      0 |      0 |  36.29 |  73.43 |  93.88 |  25.31 |      0 |  90.46 |  90.23 |  80.53 |  32.04 |      0 |   7.57 |  44.70 |  35.02 | 100.00 |  91.12 |  95.02 |  76.79 |      0 |  71.66 |      0 | 100.00 |  10.81 |  80.75 |
