# variable: Mean Sea Level Pressure
# units: hPa
# 
| fcst_hour |       1 |       2 |       3 |       4 |       5 |       6 |       7 |       8 |       9 |      10 |      11 |      12 |      13 |      14 |      15 |      16 |      17 |      18 |      19 |      20 |      21 |      22 |      23 |      24 |      25 |      26 |      27 |      28 |      29 |      30 |      31 |      32 |      33 |      34 |      35 |      36 |      37 |      38 |      39 |      40 |
|         0 | 1028.97 | 1028.69 | 1028.47 | 1029.53 | 1028.56 | 1028.83 | 1029.09 | 1028.90 | 1029.17 | 1027.71 | 1029.22 | 1028.09 | 1028.93 | 1029.20 | 1029.34 | 1028.51 | 1028.62 | 1028.27 | 1028.79 | 1029.03 | 1029.61 | 1028.85 | 1029.23 | 1028.20 | 1029.15 | 1028.09 | 1028.62 | 1028.47 | 1028.36 | 1028.97 | 1028.89 | 1028.56 | 1028.30 | 1028.83 | 1028.29 | 1028.86 | 1028.73 | 1028.65 | 1029.45 | 1028.53 |
|         1 | 1028.62 | 1028.62 | 1028.25 | 1029.23 | 1028.32 | 1028.78 | 1028.76 | 1028.52 | 1028.85 | 1027.78 | 1028.67 | 1027.98 | 1028.87 | 1028.84 | 1029.00 | 1028.13 | 1028.51 | 1028.15 | 1028.38 | 1028.87 | 1029.33 | 1028.67 | 1028.87 | 1028.10 | 1028.72 | 1027.89 | 1028.68 | 1028.17 | 1028.29 | 1028.73 | 1028.66 | 1028.33 | 1027.92 | 1028.85 | 1028.00 | 1028.66 | 1028.48 | 1028.53 | 1029.13 | 1028.44 |
|         2 | 1028.25 | 1027.93 | 1027.83 | 1028.94 | 1027.94 | 1028.46 | 1028.43 | 1028.32 | 1028.27 | 1027.69 | 1028.06 | 1027.71 | 1028.52 | 1028.53 | 1028.56 | 1027.75 | 1028.12 | 1027.75 | 1027.76 | 1028.69 | 1028.84 | 1028.35 | 1028.32 | 1027.79 | 1027.92 | 1027.29 | 1028.33 | 1028.15 | 1028.00 | 1028.11 | 1028.21 | 1027.90 | 1027.23 | 1028.33 | 1027.66 | 1028.20 | 1028.18 | 1028.22 | 1028.93 | 1028.24 |
|         3 | 1027.52 | 1027.33 | 1027.16 | 1028.09 | 1027.41 | 1027.44 | 1027.78 | 1027.39 | 1027.62 | 1027.23 | 1027.17 | 1027.01 | 1027.79 | 1027.93 | 1028.00 | 1027.01 | 1027.46 | 1027.21 | 1026.80 | 1028.08 | 1028.19 | 1027.49 | 1027.30 | 1027.36 | 1027.18 | 1026.49 | 1027.71 | 1027.28 | 1027.45 | 1027.40 | 1027.37 | 1027.26 | 1026.71 | 1027.72 | 1026.83 | 1027.45 | 1027.63 | 1027.85 | 1028.27 | 1027.73 |
|         4 | 1027.50 | 1027.17 | 1026.95 | 1027.91 | 1027.53 | 1027.15 | 1027.68 | 1027.28 | 1027.63 | 1026.98 | 1027.12 | 1026.86 | 1027.48 | 1027.81 | 1028.35 | 1026.99 | 1027.40 | 1027.30 | 1026.85 | 1027.71 | 1028.24 | 1027.21 | 1027.23 | 1027.29 | 1027.11 | 1026.51 | 1027.51 | 1027.08 | 1027.36 | 1027.33 | 1027.52 | 1027.25 | 1026.96 | 1027.61 | 1026.81 | 1027.41 | 1027.43 | 1027.61 | 1028.09 | 1027.52 |
|         5 | 1027.35 | 1027.20 | 1026.44 | 1027.68 | 1027.54 | 1026.86 | 1027.55 | 1027.21 | 1027.63 | 1026.69 | 1026.98 | 1026.76 | 1027.32 | 1027.53 | 1028.38 | 1026.74 | 1027.54 | 1027.06 | 1026.84 | 1027.40 | 1028.01 | 1027.01 | 1027.13 | 1026.99 | 1027.15 | 1026.77 | 1027.27 | 1026.92 | 1027.29 | 1027.13 | 1027.62 | 1027.57 | 1027.06 | 1027.36 | 1026.37 | 1027.54 | 1027.12 | 1027.22 | 1027.73 | 1027.28 |
|         6 | 1027.69 | 1027.37 | 1026.64 | 1027.64 | 1027.53 | 1027.13 | 1027.71 | 1027.14 | 1027.58 | 1027.02 | 1027.22 | 1027.03 | 1027.34 | 1027.61 | 1028.47 | 1026.89 | 1027.75 | 1027.14 | 1026.90 | 1027.38 | 1027.82 | 1027.07 | 1027.40 | 1027.12 | 1027.44 | 1027.27 | 1027.25 | 1027.40 | 1027.51 | 1027.22 | 1027.63 | 1027.78 | 1027.33 | 1027.54 | 1026.81 | 1027.52 | 1027.26 | 1027.23 | 1027.45 | 1027.27 |
|         7 | 1027.77 | 1027.47 | 1026.87 | 1027.47 | 1027.66 | 1027.14 | 1027.79 | 1027.03 | 1027.42 | 1027.37 | 1027.40 | 1027.14 | 1027.28 | 1027.71 | 1028.33 | 1026.80 | 1027.71 | 1027.07 | 1027.14 | 1027.61 | 1027.72 | 1027.10 | 1027.37 | 1027.32 | 1027.71 | 1027.25 | 1027.32 | 1027.68 | 1027.70 | 1027.39 | 1027.36 | 1027.71 | 1027.38 | 1027.41 | 1026.97 | 1027.38 | 1027.46 | 1027.44 | 1027.61 | 1027.30 |
|         8 | 1027.57 | 1027.20 | 1026.92 | 1027.05 | 1027.46 | 1026.85 | 1027.77 | 1027.02 | 1027.14 | 1027.41 | 1027.47 | 1026.91 | 1026.94 | 1027.59 | 1028.14 | 1026.63 | 1027.59 | 1026.91 | 1026.94 | 1027.60 | 1027.54 | 1027.28 | 1027.15 | 1027.30 | 1027.55 | 1026.94 | 1027.29 | 1027.59 | 1027.59 | 1027.47 | 1027.00 | 1027.44 | 1027.49 | 1027.13 | 1026.99 | 1027.12 | 1027.36 | 1027.36 | 1027.46 | 1026.95 |
|         9 | 1027.35 | 1027.37 | 1027.06 | 1027.20 | 1027.50 | 1026.82 | 1028.07 | 1027.35 | 1027.29 | 1027.37 | 1027.68 | 1027.16 | 1027.29 | 1027.77 | 1028.41 | 1026.66 | 1027.84 | 1027.32 | 1027.20 | 1027.75 | 1027.84 | 1027.40 | 1027.11 | 1027.71 | 1027.57 | 1026.84 | 1027.35 | 1027.67 | 1027.89 | 1027.71 | 1027.20 | 1027.37 | 1027.77 | 1026.80 | 1027.44 | 1027.18 | 1027.11 | 1027.49 | 1027.41 | 1027.09 |
|        10 | 1026.65 | 1027.09 | 1026.33 | 1026.87 | 1026.75 | 1026.31 | 1027.65 | 1026.89 | 1026.82 | 1026.68 | 1027.04 | 1026.60 | 1026.92 | 1027.35 | 1027.81 | 1026.46 | 1027.46 | 1027.08 | 1026.53 | 1027.19 | 1027.36 | 1027.07 | 1026.69 | 1027.40 | 1027.09 | 1026.32 | 1026.98 | 1026.84 | 1027.40 | 1027.15 | 1026.90 | 1027.23 | 1027.50 | 1026.15 | 1026.95 | 1026.73 | 1026.76 | 1027.20 | 1026.92 | 1026.61 |
|        11 | 1026.37 | 1026.90 | 1025.77 | 1026.28 | 1026.54 | 1025.97 | 1027.34 | 1026.26 | 1026.25 | 1026.09 | 1026.59 | 1025.95 | 1026.71 | 1026.82 | 1027.20 | 1026.11 | 1026.88 | 1026.95 | 1026.40 | 1026.80 | 1026.77 | 1026.73 | 1026.42 | 1026.93 | 1026.80 | 1025.53 | 1026.63 | 1026.26 | 1026.80 | 1026.79 | 1026.65 | 1026.88 | 1026.94 | 1025.90 | 1026.30 | 1026.13 | 1026.33 | 1026.67 | 1026.58 | 1026.17 |
|        12 | 1025.73 | 1026.18 | 1024.92 | 1025.10 | 1026.05 | 1025.22 | 1026.38 | 1025.30 | 1025.30 | 1025.29 | 1025.74 | 1025.00 | 1025.94 | 1025.58 | 1026.18 | 1025.32 | 1026.02 | 1026.09 | 1025.44 | 1025.99 | 1025.93 | 1025.96 | 1025.40 | 1026.20 | 1025.80 | 1024.58 | 1025.85 | 1025.40 | 1026.08 | 1025.73 | 1025.83 | 1026.04 | 1025.83 | 1025.45 | 1025.24 | 1025.38 | 1025.49 | 1025.79 | 1025.85 | 1025.19 |
|        13 | 1025.18 | 1025.44 | 1024.47 | 1024.43 | 1025.56 | 1024.85 | 1025.72 | 1024.71 | 1024.67 | 1024.79 | 1025.31 | 1024.51 | 1025.49 | 1024.95 | 1025.69 | 1024.87 | 1025.47 | 1025.40 | 1024.88 | 1025.31 | 1025.39 | 1025.49 | 1024.82 | 1025.66 | 1025.15 | 1024.01 | 1025.50 | 1025.12 | 1025.59 | 1025.06 | 1025.45 | 1025.57 | 1025.08 | 1025.17 | 1024.75 | 1025.05 | 1024.89 | 1025.02 | 1025.30 | 1024.63 |
|        14 | 1024.22 | 1024.26 | 1023.78 | 1023.75 | 1024.48 | 1023.69 | 1024.44 | 1023.80 | 1023.69 | 1023.87 | 1024.09 | 1023.74 | 1024.61 | 1024.22 | 1024.69 | 1023.91 | 1024.40 | 1024.33 | 1023.82 | 1024.10 | 1024.46 | 1024.48 | 1023.80 | 1024.61 | 1024.16 | 1023.38 | 1024.53 | 1024.07 | 1024.61 | 1024.09 | 1024.58 | 1024.41 | 1024.07 | 1024.10 | 1024.01 | 1024.18 | 1023.76 | 1024.05 | 1024.11 | 1023.66 |
|        15 | 1023.79 | 1024.00 | 1023.51 | 1023.47 | 1023.99 | 1023.29 | 1024.19 | 1023.54 | 1023.53 | 1023.63 | 1023.68 | 1023.30 | 1024.29 | 1024.13 | 1024.40 | 1023.55 | 1024.08 | 1023.90 | 1023.51 | 1023.48 | 1023.78 | 1023.97 | 1023.45 | 1024.04 | 1024.06 | 1023.21 | 1024.10 | 1023.85 | 1024.37 | 1023.90 | 1024.28 | 1024.11 | 1023.84 | 1023.61 | 1023.47 | 1023.92 | 1023.51 | 1023.76 | 1023.71 | 1023.38 |
|        16 | 1023.46 | 1023.73 | 1023.19 | 1022.98 | 1023.61 | 1023.13 | 1024.03 | 1023.04 | 1023.24 | 1023.44 | 1023.47 | 1022.80 | 1023.97 | 1023.74 | 1024.07 | 1023.36 | 1023.90 | 1023.72 | 1023.12 | 1023.33 | 1023.38 | 1023.81 | 1023.17 | 1023.82 | 1023.89 | 1023.13 | 1023.55 | 1023.81 | 1024.19 | 1023.61 | 1024.13 | 1023.94 | 1023.75 | 1023.31 | 1023.12 | 1023.64 | 1023.44 | 1023.49 | 1023.40 | 1023.16 |
|        17 | 1023.28 | 1024.04 | 1023.08 | 1022.87 | 1023.67 | 1023.34 | 1024.18 | 1023.05 | 1023.24 | 1023.58 | 1023.63 | 1022.89 | 1023.76 | 1023.74 | 1024.03 | 1023.30 | 1023.84 | 1023.74 | 1023.22 | 1023.48 | 1023.48 | 1023.80 | 1023.32 | 1023.85 | 1023.84 | 1023.14 | 1023.56 | 1023.77 | 1024.28 | 1023.49 | 1024.29 | 1024.19 | 1023.92 | 1023.36 | 1023.47 | 1023.69 | 1023.49 | 1023.59 | 1023.47 | 1023.20 |
|        18 | 1023.44 | 1024.24 | 1023.27 | 1023.01 | 1023.99 | 1023.42 | 1024.35 | 1023.26 | 1023.42 | 1023.52 | 1023.44 | 1023.04 | 1023.83 | 1023.76 | 1023.89 | 1023.44 | 1023.81 | 1023.96 | 1023.44 | 1023.63 | 1023.70 | 1023.64 | 1023.39 | 1024.02 | 1023.80 | 1023.18 | 1023.74 | 1023.96 | 1024.31 | 1023.61 | 1024.49 | 1024.43 | 1024.10 | 1023.35 | 1023.67 | 1023.92 | 1023.49 | 1023.75 | 1023.40 | 1023.25 |
|        19 | 1023.39 | 1024.17 | 1023.07 | 1022.95 | 1024.13 | 1023.16 | 1024.33 | 1023.48 | 1023.19 | 1023.16 | 1023.23 | 1023.09 | 1023.68 | 1023.73 | 1023.71 | 1023.24 | 1023.83 | 1023.78 | 1023.33 | 1023.33 | 1023.70 | 1023.41 | 1023.27 | 1023.97 | 1023.49 | 1022.99 | 1023.75 | 1023.81 | 1024.17 | 1023.48 | 1024.48 | 1024.20 | 1023.94 | 1023.13 | 1023.57 | 1023.95 | 1023.33 | 1023.45 | 1023.34 | 1023.13 |
|        20 | 1023.17 | 1024.03 | 1022.97 | 1022.91 | 1023.86 | 1023.07 | 1024.29 | 1023.53 | 1023.14 | 1022.97 | 1023.23 | 1022.85 | 1023.74 | 1023.72 | 1023.42 | 1023.20 | 1024.03 | 1023.67 | 1023.25 | 1023.14 | 1023.58 | 1023.36 | 1023.13 | 1023.91 | 1023.33 | 1022.94 | 1023.49 | 1023.77 | 1023.77 | 1023.22 | 1024.35 | 1023.92 | 1023.76 | 1023.03 | 1023.29 | 1023.94 | 1023.19 | 1023.17 | 1023.11 | 1023.16 |
|        21 | 1022.75 | 1023.83 | 1023.04 | 1022.75 | 1023.54 | 1022.83 | 1024.15 | 1023.45 | 1022.69 | 1022.93 | 1023.08 | 1022.59 | 1023.62 | 1023.60 | 1023.35 | 1022.90 | 1023.83 | 1023.28 | 1023.20 | 1022.92 | 1023.42 | 1023.36 | 1023.29 | 1023.87 | 1023.15 | 1022.80 | 1023.27 | 1023.62 | 1023.68 | 1022.95 | 1024.20 | 1023.88 | 1023.67 | 1022.96 | 1023.11 | 1023.90 | 1023.00 | 1022.88 | 1023.10 | 1023.12 |
|        22 | 1022.24 | 1023.60 | 1022.95 | 1022.19 | 1023.27 | 1022.53 | 1023.67 | 1022.92 | 1022.41 | 1022.75 | 1022.81 | 1022.27 | 1023.40 | 1023.30 | 1022.97 | 1022.53 | 1023.35 | 1022.89 | 1023.10 | 1022.68 | 1023.12 | 1023.00 | 1023.25 | 1023.71 | 1023.07 | 1022.63 | 1023.04 | 1023.30 | 1023.53 | 1022.60 | 1023.82 | 1023.84 | 1023.45 | 1022.70 | 1022.78 | 1023.59 | 1022.69 | 1022.65 | 1023.04 | 1022.55 |
|        23 | 1022.05 | 1023.77 | 1023.06 | 1022.40 | 1023.11 | 1022.48 | 1023.70 | 1022.92 | 1022.44 | 1022.91 | 1022.87 | 1022.30 | 1023.40 | 1023.10 | 1022.88 | 1022.60 | 1023.22 | 1022.91 | 1023.08 | 1022.69 | 1023.05 | 1022.88 | 1023.25 | 1023.86 | 1023.26 | 1022.75 | 1023.15 | 1023.20 | 1023.68 | 1022.66 | 1024.01 | 1023.89 | 1023.67 | 1022.68 | 1022.76 | 1023.68 | 1022.96 | 1022.58 | 1023.33 | 1022.47 |
|        24 | 1021.75 | 1023.49 | 1022.97 | 1022.18 | 1022.76 | 1022.17 | 1023.56 | 1022.84 | 1022.35 | 1022.80 | 1022.71 | 1022.00 | 1023.12 | 1022.81 | 1022.68 | 1022.37 | 1023.04 | 1022.62 | 1022.58 | 1022.59 | 1022.67 | 1022.48 | 1022.94 | 1023.67 | 1023.02 | 1022.54 | 1023.01 | 1023.06 | 1023.47 | 1022.34 | 1023.86 | 1023.51 | 1023.53 | 1022.42 | 1022.65 | 1023.45 | 1022.71 | 1022.62 | 1023.00 | 1022.14 |
|        25 | 1022.14 | 1023.56 | 1023.21 | 1022.58 | 1022.99 | 1022.14 | 1023.66 | 1023.16 | 1022.80 | 1022.85 | 1022.80 | 1021.95 | 1022.93 | 1022.98 | 1022.71 | 1022.69 | 1023.24 | 1022.79 | 1022.69 | 1022.60 | 1022.93 | 1022.65 | 1023.05 | 1023.77 | 1023.34 | 1022.58 | 1023.05 | 1023.32 | 1023.59 | 1022.51 | 1024.09 | 1023.50 | 1023.66 | 1022.55 | 1022.86 | 1023.72 | 1022.62 | 1022.73 | 1023.01 | 1022.44 |
|        26 | 1021.69 | 1023.02 | 1022.56 | 1022.15 | 1022.57 | 1021.65 | 1023.19 | 1022.78 | 1022.32 | 1022.10 | 1022.31 | 1021.40 | 1022.36 | 1022.43 | 1022.33 | 1022.41 | 1022.59 | 1022.24 | 1022.28 | 1021.92 | 1022.52 | 1022.17 | 1022.57 | 1023.17 | 1022.78 | 1022.05 | 1022.46 | 1022.73 | 1023.11 | 1022.12 | 1023.49 | 1022.75 | 1022.95 | 1021.98 | 1022.53 | 1023.21 | 1022.16 | 1022.33 | 1022.47 | 1021.93 |
|        27 | 1021.64 | 1023.15 | 1022.48 | 1022.00 | 1022.49 | 1021.52 | 1023.23 | 1022.77 | 1022.23 | 1021.86 | 1022.39 | 1021.07 | 1022.37 | 1022.49 | 1022.22 | 1022.38 | 1022.51 | 1022.21 | 1022.24 | 1021.86 | 1022.39 | 1022.29 | 1022.47 | 1023.38 | 1022.78 | 1022.12 | 1022.36 | 1022.71 | 1023.08 | 1021.95 | 1023.48 | 1022.77 | 1022.75 | 1022.10 | 1022.59 | 1023.30 | 1022.29 | 1022.23 | 1022.45 | 1021.93 |
|        28 | 1021.13 | 1022.98 | 1022.12 | 1021.73 | 1022.09 | 1021.12 | 1023.09 | 1022.45 | 1021.70 | 1021.32 | 1022.07 | 1020.90 | 1022.43 | 1022.19 | 1021.99 | 1021.78 | 1022.14 | 1021.87 | 1022.06 | 1021.64 | 1021.83 | 1022.00 | 1022.24 | 1022.90 | 1022.35 | 1022.04 | 1022.06 | 1022.47 | 1022.89 | 1021.45 | 1023.23 | 1022.66 | 1022.57 | 1021.93 | 1021.88 | 1022.93 | 1022.06 | 1022.01 | 1022.21 | 1021.68 |
|        29 | 1021.04 | 1022.93 | 1022.20 | 1021.79 | 1021.96 | 1020.93 | 1023.06 | 1022.55 | 1021.70 | 1021.33 | 1021.99 | 1021.00 | 1022.60 | 1022.38 | 1022.00 | 1021.66 | 1022.14 | 1021.90 | 1022.13 | 1021.67 | 1021.75 | 1021.74 | 1022.19 | 1022.84 | 1022.35 | 1021.89 | 1022.04 | 1022.56 | 1022.96 | 1021.31 | 1023.41 | 1022.69 | 1022.80 | 1022.06 | 1021.59 | 1022.90 | 1022.07 | 1022.13 | 1022.28 | 1021.74 |
|        30 | 1020.91 | 1022.74 | 1022.02 | 1021.92 | 1021.74 | 1020.81 | 1022.83 | 1022.52 | 1021.54 | 1021.10 | 1021.76 | 1020.80 | 1022.34 | 1022.20 | 1021.63 | 1021.53 | 1022.00 | 1021.74 | 1022.01 | 1021.45 | 1021.75 | 1021.37 | 1022.16 | 1022.82 | 1022.19 | 1021.47 | 1021.69 | 1022.63 | 1022.81 | 1021.13 | 1023.17 | 1022.54 | 1022.69 | 1021.75 | 1021.44 | 1022.64 | 1022.00 | 1022.05 | 1022.11 | 1021.35 |
|        31 | 1021.22 | 1022.90 | 1022.05 | 1022.25 | 1021.92 | 1021.21 | 1023.19 | 1022.61 | 1021.86 | 1021.32 | 1022.01 | 1021.00 | 1022.39 | 1022.49 | 1021.80 | 1021.87 | 1022.26 | 1022.01 | 1022.22 | 1021.48 | 1022.31 | 1021.70 | 1022.40 | 1023.32 | 1022.62 | 1021.66 | 1021.77 | 1022.95 | 1022.96 | 1021.35 | 1023.32 | 1022.73 | 1022.91 | 1021.77 | 1021.99 | 1022.92 | 1022.52 | 1022.26 | 1022.15 | 1021.42 |
|        32 | 1021.03 | 1022.68 | 1022.05 | 1022.20 | 1021.78 | 1021.10 | 1023.13 | 1022.46 | 1021.77 | 1021.11 | 1021.96 | 1020.99 | 1022.24 | 1022.28 | 1021.73 | 1021.72 | 1022.10 | 1021.87 | 1021.97 | 1021.28 | 1022.15 | 1021.84 | 1022.31 | 1023.21 | 1022.63 | 1021.63 | 1021.63 | 1022.71 | 1022.74 | 1021.16 | 1023.05 | 1022.63 | 1022.54 | 1021.51 | 1021.89 | 1022.81 | 1022.42 | 1022.08 | 1021.83 | 1021.21 |
|        33 | 1020.80 | 1022.23 | 1021.90 | 1021.81 | 1021.47 | 1020.53 | 1022.75 | 1022.12 | 1021.49 | 1020.70 | 1021.85 | 1020.65 | 1022.02 | 1022.02 | 1021.70 | 1021.33 | 1022.14 | 1021.71 | 1021.48 | 1021.05 | 1022.15 | 1021.80 | 1022.31 | 1022.99 | 1022.55 | 1021.67 | 1021.50 | 1022.39 | 1022.44 | 1020.87 | 1022.82 | 1022.29 | 1022.10 | 1021.45 | 1021.58 | 1022.64 | 1021.98 | 1021.64 | 1021.55 | 1020.99 |
|        34 | 1020.66 | 1022.28 | 1022.21 | 1021.79 | 1021.61 | 1020.52 | 1022.81 | 1022.57 | 1021.71 | 1020.92 | 1022.16 | 1020.70 | 1022.23 | 1022.08 | 1021.76 | 1021.18 | 1021.90 | 1021.74 | 1021.55 | 1020.83 | 1021.71 | 1021.80 | 1022.56 | 1023.03 | 1022.70 | 1021.55 | 1021.73 | 1022.42 | 1022.62 | 1020.89 | 1023.11 | 1022.25 | 1021.98 | 1021.66 | 1021.72 | 1022.77 | 1021.70 | 1021.84 | 1021.58 | 1021.02 |
|        35 | 1020.00 | 1021.60 | 1021.72 | 1021.10 | 1020.84 | 1019.99 | 1022.07 | 1021.59 | 1020.79 | 1020.33 | 1021.47 | 1020.06 | 1021.81 | 1021.37 | 1020.90 | 1020.89 | 1020.94 | 1020.96 | 1020.78 | 1020.06 | 1020.80 | 1021.01 | 1021.85 | 1022.06 | 1021.94 | 1021.48 | 1020.96 | 1021.54 | 1021.80 | 1020.28 | 1022.63 | 1021.50 | 1021.41 | 1021.06 | 1021.13 | 1022.16 | 1020.84 | 1021.10 | 1020.96 | 1020.09 |
|        36 | 1019.27 | 1020.62 | 1020.76 | 1020.20 | 1020.03 | 1019.38 | 1021.06 | 1020.56 | 1019.86 | 1019.46 | 1020.41 | 1019.15 | 1020.87 | 1020.29 | 1019.98 | 1020.41 | 1019.98 | 1020.23 | 1019.81 | 1019.09 | 1019.89 | 1019.87 | 1020.93 | 1021.30 | 1020.85 | 1020.65 | 1019.94 | 1020.72 | 1021.14 | 1019.46 | 1021.81 | 1020.67 | 1020.81 | 1020.10 | 1019.94 | 1021.14 | 1020.10 | 1020.31 | 1019.93 | 1019.11 |
|        37 | 1018.49 | 1019.78 | 1019.83 | 1019.64 | 1019.18 | 1018.74 | 1020.20 | 1019.67 | 1018.91 | 1018.66 | 1019.56 | 1018.32 | 1020.12 | 1019.55 | 1019.18 | 1019.67 | 1019.13 | 1019.35 | 1019.14 | 1018.29 | 1018.98 | 1018.95 | 1020.14 | 1020.45 | 1020.08 | 1020.13 | 1018.98 | 1019.99 | 1020.36 | 1018.67 | 1020.82 | 1019.68 | 1020.08 | 1019.50 | 1018.82 | 1020.38 | 1019.48 | 1019.48 | 1019.25 | 1018.44 |
|        38 | 1018.06 | 1019.04 | 1019.17 | 1019.33 | 1018.71 | 1018.22 | 1019.70 | 1019.26 | 1018.12 | 1018.30 | 1019.01 | 1017.79 | 1019.82 | 1019.23 | 1018.75 | 1019.25 | 1018.69 | 1018.85 | 1018.72 | 1018.02 | 1018.44 | 1018.55 | 1019.62 | 1019.84 | 1019.76 | 1019.91 | 1018.36 | 1019.61 | 1019.99 | 1018.12 | 1020.59 | 1019.08 | 1019.62 | 1019.22 | 1018.18 | 1019.98 | 1019.12 | 1018.86 | 1018.65 | 1018.13 |
|        39 | 1017.67 | 1018.45 | 1018.72 | 1018.93 | 1018.13 | 1017.79 | 1019.16 | 1018.83 | 1017.41 | 1018.08 | 1018.82 | 1017.39 | 1019.30 | 1018.95 | 1018.19 | 1018.66 | 1018.08 | 1018.37 | 1018.07 | 1017.66 | 1017.90 | 1018.05 | 1019.17 | 1019.34 | 1019.35 | 1019.51 | 1017.74 | 1019.18 | 1019.72 | 1017.44 | 1020.18 | 1018.48 | 1019.02 | 1018.81 | 1017.69 | 1019.64 | 1018.70 | 1018.34 | 1018.21 | 1017.62 |
|        40 | 1017.76 | 1018.45 | 1018.73 | 1018.90 | 1018.08 | 1017.63 | 1019.20 | 1018.88 | 1017.37 | 1018.22 | 1019.02 | 1017.27 | 1019.19 | 1018.91 | 1018.11 | 1018.61 | 1017.98 | 1018.37 | 1017.95 | 1017.77 | 1018.01 | 1018.04 | 1019.17 | 1019.53 | 1019.35 | 1019.51 | 1017.87 | 1019.30 | 1019.84 | 1017.29 | 1020.26 | 1018.25 | 1019.07 | 1018.81 | 1017.63 | 1019.59 | 1018.83 | 1018.37 | 1018.40 | 1017.27 |
|        41 | 1018.16 | 1018.72 | 1019.06 | 1019.27 | 1018.38 | 1017.84 | 1019.61 | 1019.44 | 1017.84 | 1018.40 | 1019.44 | 1017.57 | 1019.57 | 1019.07 | 1018.57 | 1018.92 | 1018.35 | 1018.67 | 1018.31 | 1018.06 | 1018.58 | 1018.30 | 1019.65 | 1019.76 | 1019.61 | 1019.91 | 1018.01 | 1019.59 | 1020.23 | 1017.60 | 1020.69 | 1018.43 | 1019.51 | 1019.21 | 1017.73 | 1019.96 | 1019.02 | 1018.89 | 1019.02 | 1017.36 |
|        42 | 1018.63 | 1019.11 | 1019.26 | 1019.74 | 1018.89 | 1018.16 | 1020.07 | 1019.85 | 1018.38 | 1018.65 | 1020.01 | 1017.99 | 1020.13 | 1019.26 | 1019.26 | 1019.28 | 1018.85 | 1019.08 | 1018.85 | 1018.44 | 1019.10 | 1018.73 | 1020.23 | 1020.15 | 1020.05 | 1020.50 | 1018.49 | 1020.02 | 1020.68 | 1018.05 | 1021.25 | 1018.77 | 1020.10 | 1019.80 | 1017.80 | 1020.47 | 1019.29 | 1019.28 | 1019.53 | 1017.73 |
|        43 | 1018.98 | 1019.43 | 1019.59 | 1019.83 | 1019.01 | 1018.38 | 1020.18 | 1020.13 | 1018.46 | 1018.88 | 1020.33 | 1018.10 | 1020.46 | 1019.28 | 1019.54 | 1019.22 | 1018.84 | 1019.24 | 1019.32 | 1018.56 | 1019.14 | 1018.82 | 1020.52 | 1020.26 | 1020.21 | 1020.77 | 1018.83 | 1020.47 | 1020.71 | 1018.09 | 1021.33 | 1018.84 | 1020.18 | 1020.15 | 1017.70 | 1020.65 | 1019.26 | 1019.53 | 1019.62 | 1017.92 |
|        44 | 1019.10 | 1019.57 | 1019.85 | 1019.65 | 1019.07 | 1018.33 | 1020.23 | 1020.06 | 1018.36 | 1019.26 | 1020.44 | 1018.16 | 1020.73 | 1019.07 | 1019.40 | 1019.17 | 1018.58 | 1019.32 | 1019.53 | 1018.66 | 1019.07 | 1018.91 | 1020.41 | 1020.44 | 1020.31 | 1020.82 | 1018.86 | 1020.74 | 1020.69 | 1018.16 | 1021.31 | 1018.89 | 1020.10 | 1020.14 | 1017.69 | 1020.70 | 1019.30 | 1019.64 | 1019.61 | 1018.03 |
|        45 | 1019.27 | 1019.66 | 1020.22 | 1019.73 | 1019.43 | 1018.30 | 1020.36 | 1020.08 | 1018.44 | 1019.84 | 1020.71 | 1018.31 | 1021.10 | 1019.25 | 1019.55 | 1019.05 | 1018.65 | 1019.42 | 1019.70 | 1018.86 | 1019.36 | 1019.14 | 1020.44 | 1020.64 | 1020.61 | 1021.15 | 1019.06 | 1020.88 | 1020.86 | 1018.41 | 1021.57 | 1018.95 | 1020.14 | 1020.30 | 1017.78 | 1020.92 | 1019.55 | 1020.05 | 1019.90 | 1018.17 |
|        46 | 1019.40 | 1019.60 | 1020.29 | 1019.57 | 1019.52 | 1018.21 | 1020.32 | 1020.29 | 1018.42 | 1020.03 | 1020.66 | 1018.21 | 1021.25 | 1019.31 | 1019.57 | 1018.88 | 1018.84 | 1019.39 | 1019.48 | 1019.13 | 1019.47 | 1019.22 | 1020.54 | 1020.60 | 1020.56 | 1021.11 | 1019.08 | 1020.86 | 1020.94 | 1018.46 | 1021.70 | 1018.89 | 1020.33 | 1020.21 | 1017.64 | 1020.88 | 1019.47 | 1020.17 | 1019.93 | 1018.16 |
|        47 | 1019.68 | 1019.50 | 1020.49 | 1019.96 | 1019.63 | 1018.28 | 1020.51 | 1020.77 | 1018.66 | 1020.19 | 1020.77 | 1018.36 | 1021.49 | 1019.58 | 1019.90 | 1019.08 | 1019.04 | 1019.79 | 1019.66 | 1019.34 | 1019.70 | 1019.41 | 1020.92 | 1020.57 | 1020.69 | 1021.42 | 1019.29 | 1021.03 | 1021.14 | 1018.32 | 1021.87 | 1019.05 | 1020.49 | 1020.30 | 1017.56 | 1020.84 | 1019.88 | 1020.37 | 1020.05 | 1018.18 |
|        48 | 1019.79 | 1019.60 | 1020.93 | 1019.85 | 1019.93 | 1018.42 | 1020.65 | 1020.97 | 1018.74 | 1020.53 | 1020.84 | 1018.53 | 1021.61 | 1019.81 | 1020.28 | 1019.31 | 1019.15 | 1020.17 | 1019.91 | 1019.54 | 1019.70 | 1019.62 | 1021.42 | 1020.64 | 1021.06 | 1021.43 | 1019.56 | 1021.09 | 1021.32 | 1018.38 | 1021.92 | 1019.41 | 1020.61 | 1020.56 | 1017.51 | 1020.67 | 1020.27 | 1020.66 | 1020.26 | 1018.13 |
|        51 | 1020.15 | 1019.54 | 1021.03 | 1019.25 | 1019.74 | 1018.33 | 1020.41 | 1021.54 | 1018.36 | 1021.05 | 1021.08 | 1018.73 | 1021.67 | 1019.91 | 1020.85 | 1018.89 | 1019.51 | 1020.23 | 1020.44 | 1019.41 | 1020.53 | 1019.94 | 1021.77 | 1020.57 | 1021.38 | 1021.55 | 1020.13 | 1021.40 | 1021.31 | 1017.92 | 1021.62 | 1019.30 | 1020.53 | 1021.10 | 1017.17 | 1019.91 | 1020.01 | 1020.64 | 1020.63 | 1018.11 |
|        54 | 1021.26 | 1020.12 | 1021.82 | 1019.84 | 1020.92 | 1019.28 | 1021.16 | 1021.99 | 1019.23 | 1022.07 | 1022.23 | 1019.51 | 1022.46 | 1020.59 | 1021.65 | 1019.47 | 1020.44 | 1021.02 | 1021.13 | 1020.59 | 1021.31 | 1021.07 | 1023.09 | 1021.55 | 1022.07 | 1022.38 | 1021.00 | 1022.10 | 1022.12 | 1018.45 | 1022.36 | 1020.21 | 1021.70 | 1022.12 | 1017.58 | 1020.52 | 1020.77 | 1021.91 | 1021.41 | 1018.93 |
|        57 | 1022.37 | 1021.78 | 1023.41 | 1020.91 | 1022.33 | 1020.23 | 1022.58 | 1023.94 | 1020.82 | 1023.69 | 1022.94 | 1020.72 | 1023.29 | 1022.20 | 1023.01 | 1021.37 | 1021.85 | 1022.10 | 1022.20 | 1021.78 | 1022.88 | 1022.29 | 1024.50 | 1022.53 | 1022.91 | 1023.41 | 1022.49 | 1023.51 | 1023.63 | 1020.12 | 1023.23 | 1021.23 | 1023.47 | 1023.63 | 1018.65 | 1022.00 | 1022.12 | 1023.20 | 1022.33 | 1020.58 |
|        60 | 1022.02 | 1022.16 | 1023.07 | 1020.78 | 1021.65 | 1020.05 | 1022.86 | 1023.62 | 1021.43 | 1022.86 | 1022.97 | 1020.91 | 1023.13 | 1022.63 | 1022.78 | 1022.14 | 1021.93 | 1022.04 | 1022.31 | 1021.50 | 1022.47 | 1021.92 | 1024.06 | 1022.54 | 1023.08 | 1023.73 | 1022.84 | 1023.53 | 1023.14 | 1020.36 | 1023.01 | 1020.91 | 1024.28 | 1024.06 | 1018.75 | 1022.09 | 1022.18 | 1023.51 | 1022.05 | 1021.10 |
|        63 | 1022.64 | 1023.00 | 1023.37 | 1021.23 | 1022.19 | 1020.45 | 1023.55 | 1023.49 | 1021.86 | 1023.03 | 1023.64 | 1021.58 | 1023.36 | 1023.15 | 1023.09 | 1023.19 | 1022.34 | 1022.22 | 1022.56 | 1021.76 | 1023.05 | 1022.39 | 1024.42 | 1023.06 | 1023.21 | 1023.65 | 1022.92 | 1023.88 | 1023.45 | 1021.34 | 1022.83 | 1021.03 | 1024.72 | 1024.30 | 1019.28 | 1022.57 | 1022.78 | 1023.98 | 1022.43 | 1021.52 |
|        66 | 1024.44 | 1024.54 | 1025.15 | 1022.87 | 1023.72 | 1022.16 | 1025.47 | 1025.32 | 1023.64 | 1024.62 | 1025.31 | 1023.29 | 1025.29 | 1024.72 | 1024.43 | 1025.13 | 1023.95 | 1023.71 | 1023.87 | 1023.66 | 1024.88 | 1023.65 | 1025.79 | 1024.50 | 1025.02 | 1025.74 | 1024.65 | 1025.81 | 1024.85 | 1023.06 | 1024.53 | 1022.38 | 1026.39 | 1025.96 | 1020.90 | 1024.21 | 1024.58 | 1025.99 | 1024.30 | 1023.35 |
|        69 | 1025.12 | 1024.95 | 1025.77 | 1024.08 | 1024.33 | 1023.05 | 1026.18 | 1026.43 | 1024.97 | 1025.53 | 1026.49 | 1024.55 | 1025.95 | 1025.49 | 1025.08 | 1026.48 | 1025.01 | 1024.45 | 1024.92 | 1024.42 | 1025.49 | 1024.47 | 1026.41 | 1025.76 | 1025.71 | 1027.17 | 1025.56 | 1026.77 | 1025.82 | 1024.24 | 1025.25 | 1023.29 | 1027.64 | 1026.86 | 1022.45 | 1025.41 | 1025.80 | 1027.31 | 1025.09 | 1024.95 |
|        72 | 1025.36 | 1025.40 | 1026.67 | 1024.68 | 1024.70 | 1024.28 | 1026.71 | 1026.85 | 1025.01 | 1025.85 | 1027.44 | 1025.37 | 1026.90 | 1026.03 | 1025.21 | 1027.01 | 1025.97 | 1025.16 | 1025.53 | 1024.95 | 1025.44 | 1024.46 | 1026.29 | 1025.59 | 1026.20 | 1027.58 | 1025.92 | 1026.93 | 1026.18 | 1025.19 | 1025.67 | 1024.05 | 1027.93 | 1027.37 | 1023.17 | 1025.88 | 1026.14 | 1028.07 | 1025.81 | 1025.39 |
|        78 | 1027.50 | 1025.92 | 1027.33 | 1026.03 | 1025.48 | 1025.50 | 1027.56 | 1027.76 | 1026.68 | 1027.10 | 1029.14 | 1026.91 | 1027.64 | 1027.55 | 1025.80 | 1027.93 | 1027.69 | 1026.81 | 1026.62 | 1026.19 | 1026.57 | 1025.25 | 1027.04 | 1026.36 | 1027.75 | 1029.58 | 1026.88 | 1027.80 | 1027.57 | 1026.30 | 1027.05 | 1024.87 | 1028.40 | 1028.77 | 1025.28 | 1026.68 | 1027.23 | 1029.17 | 1027.12 | 1026.39 |
|        84 | 1026.45 | 1024.37 | 1026.00 | 1024.75 | 1024.43 | 1024.95 | 1026.05 | 1026.88 | 1025.31 | 1025.89 | 1028.72 | 1026.23 | 1027.76 | 1026.55 | 1024.60 | 1026.93 | 1026.87 | 1026.74 | 1026.06 | 1025.31 | 1025.57 | 1023.96 | 1024.91 | 1025.69 | 1027.08 | 1028.65 | 1025.46 | 1026.41 | 1026.50 | 1025.42 | 1025.89 | 1024.48 | 1028.29 | 1027.72 | 1025.12 | 1026.30 | 1026.61 | 1029.30 | 1026.11 | 1026.22 |
|        90 | 1025.55 | 1022.81 | 1024.45 | 1023.44 | 1022.70 | 1024.13 | 1024.34 | 1025.62 | 1024.26 | 1024.62 | 1027.74 | 1025.79 | 1026.39 | 1025.58 | 1022.74 | 1026.33 | 1025.65 | 1026.36 | 1025.25 | 1023.79 | 1024.69 | 1023.02 | 1023.28 | 1024.80 | 1026.04 | 1028.01 | 1024.08 | 1024.65 | 1024.94 | 1024.94 | 1024.97 | 1023.77 | 1026.70 | 1026.91 | 1024.69 | 1025.07 | 1025.75 | 1028.22 | 1025.19 | 1025.31 |
|        96 | 1025.08 | 1021.58 | 1022.75 | 1021.43 | 1022.25 | 1023.63 | 1023.07 | 1025.12 | 1023.25 | 1023.75 | 1027.06 | 1025.31 | 1025.72 | 1025.00 | 1021.92 | 1024.93 | 1024.27 | 1025.78 | 1025.63 | 1022.42 | 1024.53 | 1022.70 | 1022.19 | 1023.15 | 1025.00 | 1027.08 | 1023.07 | 1022.69 | 1024.15 | 1023.77 | 1024.17 | 1022.88 | 1025.40 | 1025.04 | 1024.46 | 1023.63 | 1024.26 | 1027.94 | 1024.35 | 1024.90 |
|       102 | 1024.79 | 1021.16 | 1021.41 | 1019.48 | 1022.27 | 1023.09 | 1021.98 | 1024.85 | 1021.89 | 1022.91 | 1026.13 | 1025.33 | 1025.10 | 1024.33 | 1021.40 | 1024.55 | 1022.98 | 1024.76 | 1025.77 | 1020.98 | 1024.80 | 1022.06 | 1021.23 | 1022.08 | 1024.04 | 1026.72 | 1022.31 | 1021.26 | 1023.37 | 1022.45 | 1023.35 | 1022.57 | 1023.62 | 1022.97 | 1024.32 | 1022.93 | 1022.79 | 1027.23 | 1023.32 | 1024.16 |
|       108 | 1023.25 | 1019.46 | 1019.45 | 1018.40 | 1021.02 | 1021.58 | 1020.12 | 1023.17 | 1020.04 | 1020.75 | 1024.21 | 1024.17 | 1023.32 | 1022.11 | 1020.35 | 1022.44 | 1021.11 | 1023.16 | 1026.06 | 1018.76 | 1023.19 | 1020.93 | 1019.71 | 1020.18 | 1022.43 | 1025.28 | 1020.25 | 1019.26 | 1021.84 | 1020.63 | 1022.02 | 1021.54 | 1020.52 | 1020.41 | 1023.34 | 1021.47 | 1020.35 | 1025.46 | 1021.47 | 1023.56 |
|       114 | 1022.40 | 1017.75 | 1017.79 | 1017.45 | 1020.07 | 1020.04 | 1018.17 | 1020.81 | 1018.58 | 1019.91 | 1022.44 | 1023.03 | 1021.12 | 1020.69 | 1018.83 | 1021.41 | 1019.38 | 1021.89 | 1025.42 | 1017.01 | 1021.99 | 1019.28 | 1018.08 | 1018.64 | 1020.55 | 1023.29 | 1018.75 | 1018.30 | 1020.64 | 1019.83 | 1020.74 | 1020.10 | 1017.68 | 1018.29 | 1022.78 | 1020.51 | 1018.10 | 1023.94 | 1020.31 | 1022.30 |
|       120 | 1021.52 | 1016.93 | 1016.40 | 1016.65 | 1020.39 | 1018.63 | 1017.53 | 1020.16 | 1018.60 | 1020.05 | 1021.83 | 1022.86 | 1020.26 | 1020.16 | 1018.27 | 1021.10 | 1018.19 | 1020.77 | 1024.95 | 1015.93 | 1021.11 | 1018.61 | 1017.72 | 1017.90 | 1019.72 | 1022.71 | 1018.35 | 1018.35 | 1020.14 | 1019.87 | 1020.28 | 1019.58 | 1015.51 | 1017.84 | 1022.83 | 1019.90 | 1016.91 | 1023.17 | 1019.72 | 1021.75 |
