# variable: Wind Gust at 10m, Maximum of Time Interval before fcst_hour
# units: km/h
# 
| fcst_hour |     1 |     2 |     3 |     4 |     5 |     6 |     7 |     8 |     9 |    10 |    11 |    12 |    13 |    14 |    15 |    16 |    17 |    18 |    19 |    20 |    21 |    22 |    23 |    24 |    25 |    26 |    27 |    28 |    29 |    30 |    31 |    32 |    33 |    34 |    35 |    36 |    37 |    38 |    39 |    40 |
|         1 |  7.14 |  7.61 | 10.42 |  5.91 | 10.63 |  8.31 |  7.32 | 10.93 |  6.30 | 11.37 | 11.33 |  7.98 |  9.22 | 11.50 |  3.92 | 10.93 | 14.46 | 10.41 | 10.85 |  7.39 |  8.00 | 11.96 | 10.83 |  9.26 | 12.70 |  6.48 | 10.31 | 11.84 |  8.59 |  7.62 | 12.59 | 10.66 |  6.17 |  6.41 |  9.01 | 10.68 |  9.11 |  7.61 |  4.33 |  5.80 |
|         2 |  7.85 |  7.57 | 10.42 |  7.95 | 12.24 |  9.68 |  8.89 | 11.40 |  6.93 | 11.69 | 11.39 |  8.26 | 10.09 | 12.67 |  5.13 | 10.95 | 15.29 | 11.62 | 11.46 |  7.86 |  9.07 | 12.22 | 11.74 | 10.58 | 13.01 |  7.10 |  9.72 | 12.08 |  9.90 |  9.48 | 13.65 | 11.18 |  8.38 |  6.55 |  9.71 | 12.27 |  9.29 |  7.60 |  5.59 |  7.08 |
|         3 |  8.08 |  7.46 | 10.08 |  9.10 | 12.88 |  9.77 |  8.88 | 11.54 |  6.52 | 11.42 | 10.87 |  8.44 | 10.13 | 12.70 |  5.13 | 10.74 | 15.27 | 11.90 | 11.36 |  8.14 |  8.81 | 11.90 | 11.67 | 10.82 | 12.52 |  7.23 |  9.07 | 12.03 | 10.12 | 10.26 | 13.60 | 10.62 |  8.89 |  6.16 | 10.75 | 12.43 |  9.25 |  7.38 |  5.91 |  7.27 |
|         4 |  8.40 |  8.44 | 11.01 | 10.09 | 13.15 | 10.31 |  9.25 | 12.04 |  6.57 | 10.95 | 11.02 |  8.71 |  9.57 | 12.65 |  6.13 |  9.90 | 15.15 | 12.07 | 11.08 |  8.17 |  7.84 | 11.24 | 11.16 | 11.77 | 11.08 |  8.28 |  9.30 | 11.70 | 10.85 | 10.74 | 13.83 |  9.13 |  9.20 |  6.14 | 11.67 | 12.01 |  8.87 |  7.71 |  7.62 |  8.46 |
|         5 |  8.19 |  8.56 | 11.31 | 10.06 | 13.04 | 10.19 |  9.59 | 11.81 |  6.88 | 10.68 | 11.21 |  8.75 |  9.19 | 12.21 |  7.27 |  9.37 | 14.83 | 11.70 | 10.71 |  7.00 |  7.49 | 10.66 | 10.63 | 11.82 | 10.84 |  8.48 |  9.73 | 10.39 | 10.97 | 10.40 | 13.76 |  7.70 |  9.01 |  6.76 | 11.57 | 11.67 |  8.67 |  8.10 |  7.67 |  8.46 |
|         6 |  8.10 |  8.45 | 11.42 |  9.65 | 11.86 | 10.53 | 10.06 | 11.29 |  7.80 | 10.48 | 11.58 |  8.89 |  8.76 | 11.75 |  7.32 |  8.44 | 15.12 | 11.04 | 11.13 |  6.93 |  6.91 |  9.92 |  9.47 | 11.88 | 11.01 |  8.44 | 10.35 |  9.63 | 11.40 |  7.96 | 12.80 |  8.14 |  8.41 |  7.93 | 10.88 | 11.29 |  7.89 |  9.05 |  6.84 |  8.67 |
|         7 |  9.95 |  8.37 | 12.51 | 10.37 | 11.67 | 11.50 | 10.83 | 11.75 |  9.40 | 11.60 | 12.02 | 10.45 |  8.76 | 12.82 |  7.58 | 10.53 | 15.31 | 11.22 | 12.25 |  8.04 |  9.34 | 11.34 |  9.91 | 12.92 | 12.59 |  8.46 | 11.43 | 10.81 | 12.27 |  7.78 | 12.51 | 10.48 |  8.06 |  8.08 | 11.74 | 11.94 |  8.55 | 10.05 |  5.90 |  9.23 |
|         8 | 13.48 | 11.92 | 16.63 | 15.27 | 14.92 | 15.05 | 16.37 | 14.85 | 11.00 | 14.19 | 16.13 | 14.62 | 14.70 | 16.34 | 12.39 | 14.76 | 18.55 | 14.03 | 16.85 | 13.09 | 12.58 | 15.73 | 15.37 | 17.89 | 16.64 | 10.16 | 15.60 | 14.10 | 18.25 | 12.37 | 16.28 | 14.61 | 11.29 | 13.55 | 15.80 | 16.51 | 13.34 | 13.16 | 13.03 | 13.77 |
|         9 | 19.93 | 18.45 | 18.76 | 16.45 | 15.23 | 15.48 | 17.62 | 18.16 | 16.43 | 17.58 | 18.53 | 16.13 | 17.32 | 19.74 | 16.86 | 17.26 | 21.15 | 15.24 | 19.47 | 16.09 | 14.14 | 18.64 | 22.19 | 20.38 | 17.68 | 11.59 | 17.67 | 17.75 | 20.58 | 15.17 | 19.65 | 16.98 | 14.81 | 15.43 | 18.28 | 19.91 | 16.47 | 14.35 | 16.78 | 14.17 |
|        10 | 20.19 | 19.73 | 21.20 | 21.05 | 17.10 | 16.99 | 17.07 | 21.96 | 16.74 | 21.41 | 20.63 | 18.22 | 17.93 | 19.20 | 17.13 | 18.50 | 22.67 | 17.33 | 21.74 | 16.46 | 14.04 | 21.21 | 24.21 | 23.02 | 19.66 | 14.63 | 18.29 | 21.32 | 20.78 | 16.73 | 21.63 | 18.19 | 16.08 | 18.89 | 21.11 | 21.90 | 19.76 | 14.44 | 18.02 | 14.15 |
|        11 | 20.50 | 19.52 | 23.63 | 21.56 | 21.29 | 19.37 | 18.44 | 22.25 | 16.06 | 23.00 | 20.90 | 20.16 | 17.65 | 17.68 | 16.73 | 19.29 | 24.81 | 18.68 | 21.14 | 16.75 | 12.22 | 23.81 | 24.93 | 21.69 | 20.96 | 15.21 | 17.71 | 21.34 | 19.50 | 16.04 | 21.59 | 17.11 | 17.48 | 19.06 | 21.81 | 22.17 | 21.42 | 14.79 | 18.53 | 13.08 |
|        12 | 21.68 | 17.54 | 21.52 | 20.84 | 20.92 | 18.08 | 17.34 | 22.03 | 16.45 | 23.47 | 20.27 | 17.11 | 17.52 | 15.08 | 14.50 | 15.67 | 24.59 | 19.34 | 20.02 | 17.13 |  9.38 | 24.82 | 25.14 | 19.48 | 21.42 | 13.25 | 17.48 | 21.17 | 19.32 | 13.66 | 20.06 | 15.43 | 14.68 | 17.75 | 22.14 | 21.93 | 18.88 | 12.82 | 17.99 | 12.95 |
|        13 | 23.11 | 17.10 | 18.47 | 18.61 | 20.03 | 16.48 | 16.17 | 22.46 | 17.57 | 22.56 | 19.69 | 16.55 | 19.37 | 14.47 | 15.94 | 17.17 | 24.32 | 19.30 | 21.34 | 17.74 | 10.35 | 24.97 | 24.50 | 19.82 | 21.19 | 14.56 | 17.55 | 20.66 | 20.65 | 14.29 | 16.70 | 13.56 | 14.85 | 16.60 | 19.98 | 21.39 | 17.90 | 14.39 | 17.53 | 14.35 |
|        14 | 23.48 | 16.09 | 19.26 | 18.36 | 19.37 | 17.87 | 15.85 | 22.37 | 17.69 | 21.10 | 19.70 | 16.66 | 19.33 | 13.82 | 16.63 | 17.37 | 21.46 | 19.16 | 21.87 | 17.98 | 10.88 | 25.19 | 22.47 | 19.74 | 18.30 | 16.21 | 16.53 | 19.32 | 20.92 | 14.55 | 17.44 | 13.75 | 15.50 | 16.94 | 20.80 | 20.43 | 17.97 | 15.18 | 17.12 | 15.05 |
|        15 | 23.03 | 15.57 | 20.01 | 18.56 | 18.54 | 18.09 | 15.13 | 21.29 | 17.37 | 19.73 | 18.15 | 16.52 | 18.87 | 13.29 | 16.60 | 17.41 | 17.75 | 18.89 | 21.59 | 16.41 | 10.53 | 24.34 | 21.61 | 19.49 | 18.28 | 16.23 | 12.34 | 17.80 | 20.19 | 15.15 | 17.55 | 14.87 | 16.16 | 16.20 | 19.80 | 19.15 | 18.00 | 14.99 | 16.44 | 14.82 |
|        16 | 19.85 | 13.10 | 19.33 | 17.63 | 16.66 | 16.23 | 13.46 | 19.35 | 14.90 | 18.23 | 17.29 | 15.03 | 17.59 | 12.40 | 14.20 | 15.94 | 16.60 | 16.95 | 19.31 | 14.32 |  8.82 | 21.51 | 19.07 | 16.73 | 17.11 | 15.38 | 12.34 | 16.37 | 17.88 | 14.23 | 16.28 | 14.49 | 14.66 | 13.66 | 18.31 | 16.46 | 16.27 | 12.34 | 14.47 | 13.18 |
|        17 | 13.86 |  8.39 | 15.28 | 12.28 | 12.02 |  9.85 |  9.02 | 14.01 |  9.30 | 12.29 | 13.64 |  8.66 | 12.69 |  8.55 |  7.38 | 11.26 | 12.79 | 11.29 | 13.15 |  9.07 |  5.68 | 14.13 | 11.06 | 12.17 | 11.96 | 10.12 |  9.89 | 10.85 | 10.76 |  9.89 | 10.88 | 11.57 |  7.65 |  6.73 | 13.45 | 11.31 | 10.34 |  5.49 | 10.96 |  9.49 |
|        18 |  9.78 |  6.89 | 12.60 |  7.78 |  8.84 |  6.79 |  7.29 | 10.37 |  6.22 |  9.51 | 10.06 |  7.07 |  9.00 |  6.27 |  4.69 |  8.45 |  9.53 |  7.84 |  7.95 |  7.09 |  5.61 |  9.01 |  8.82 |  8.66 |  8.86 |  6.45 |  7.07 |  7.70 |  7.99 |  7.65 |  7.68 |  9.28 |  5.09 |  5.05 |  9.67 |  8.64 |  6.86 |  3.73 |  7.42 |  7.05 |
|        19 |  5.73 |  4.22 |  8.88 |  5.32 |  6.53 |  3.54 |  4.79 |  7.36 |  3.45 |  7.65 |  6.52 |  5.09 |  6.59 |  4.53 |  3.13 |  5.01 |  7.07 |  6.04 |  5.68 |  5.11 |  3.55 |  6.70 |  7.26 |  5.74 |  6.39 |  4.49 |  4.36 |  5.19 |  6.61 |  3.89 |  5.38 |  7.15 |  2.99 |  4.07 |  7.92 |  6.70 |  4.29 |  2.36 |  4.61 |  4.86 |
|        20 |  3.11 |  1.40 |  6.62 |  5.57 |  5.46 |  1.95 |  1.85 |  6.74 |  1.21 |  6.44 |  5.08 |  4.47 |  4.74 |  3.96 |  2.57 |  3.04 |  5.58 |  4.66 |  5.66 |  3.84 |  1.74 |  6.40 |  6.63 |  4.13 |  4.77 |  3.05 |  1.81 |  3.05 |  6.10 |  1.33 |  3.95 |  5.63 |  1.15 |  3.59 |  7.74 |  6.25 |  2.62 |  2.38 |  1.98 |  2.53 |
|        21 |  1.94 |  2.17 |  6.48 |  4.93 |  3.74 |  2.52 |  2.31 |  6.97 |  1.62 |  6.38 |  4.60 |  4.15 |  5.42 |  2.30 |  1.03 |  3.17 |  5.13 |  2.96 |  5.38 |  3.14 |  1.53 |  6.34 |  6.29 |  3.09 |  4.38 |  2.53 |  1.35 |  2.39 |  4.05 |  1.84 |  2.14 |  5.42 |  1.28 |  3.27 |  7.10 |  5.94 |  1.59 |  2.38 |  1.70 |  1.00 |
|        22 |  2.14 |  2.36 |  4.53 |  3.28 |  3.66 |  2.57 |  2.66 |  6.42 |  1.72 |  5.26 |  3.51 |  3.13 |  5.43 |  2.00 |  1.35 |  4.15 |  4.12 |  2.33 |  3.90 |  2.85 |  2.03 |  6.34 |  5.25 |  1.60 |  3.25 |  2.34 |  0.89 |  2.54 |  4.78 |  1.87 |  2.34 |  4.03 |  2.44 |  3.28 |  5.72 |  5.85 |  2.20 |  2.66 |  2.72 |  0.73 |
|        23 |  2.25 |  2.36 |  4.08 |  3.48 |  3.45 |  1.86 |  2.68 |  5.73 |  1.74 |  3.05 |  1.92 |  2.90 |  4.54 |  2.00 |  1.27 |  4.13 |  2.58 |  1.79 |  3.25 |  1.92 |  2.94 |  6.32 |  4.22 |  1.99 |  3.75 |  2.16 |  1.45 |  2.81 |  4.79 |  1.57 |  2.13 |  2.99 |  2.62 |  3.09 |  4.61 |  4.63 |  2.21 |  4.18 |  2.82 |  0.54 |
|        24 |  1.65 |  2.36 |  3.69 |  2.44 |  2.20 |  1.91 |  2.33 |  3.41 |  2.00 |  3.24 |  1.60 |  3.86 |  4.10 |  1.58 |  1.73 |  3.78 |  1.78 |  1.87 |  3.15 |  1.92 |  5.47 |  4.42 |  4.75 |  2.50 |  2.63 |  1.28 |  2.99 |  3.16 |  3.41 |  1.58 |  1.10 |  1.59 |  4.43 |  3.71 |  4.25 |  3.73 |  1.55 |  5.13 |  2.73 |  0.71 |
|        25 |  1.33 |  5.48 |  1.92 |  1.86 |  2.03 |  1.60 |  3.84 |  1.48 |  2.55 |  3.23 |  1.52 |  4.03 |  3.40 |  1.55 |  1.70 |  3.78 |  1.81 |  1.30 |  2.93 |  1.33 |  6.73 |  2.34 |  4.14 |  3.21 |  2.03 |  2.21 |  3.27 |  2.94 |  2.54 |  3.22 |  2.24 |  1.64 |  5.96 |  3.27 |  3.81 |  2.93 |  2.18 |  5.56 |  3.56 |  0.99 |
|        26 |  1.81 |  6.86 |  1.19 |  1.96 |  2.21 |  1.81 |  5.36 |  2.17 |  2.34 |  2.23 |  2.37 |  3.16 |  3.40 |  1.65 |  1.58 |  3.43 |  1.41 |  2.26 |  2.47 |  1.88 |  7.34 |  2.36 |  3.22 |  3.35 |  2.01 |  3.85 |  3.01 |  3.13 |  2.58 |  3.82 |  2.28 |  0.92 |  5.22 |  2.47 |  3.48 |  2.07 |  3.30 |  6.01 |  4.01 |  0.96 |
|        27 |  1.60 |  6.14 |  1.42 |  1.93 |  1.81 |  2.13 |  5.58 |  2.70 |  2.17 |  1.71 |  3.90 |  1.83 |  3.06 |  1.61 |  2.08 |  3.40 |  1.29 |  2.80 |  2.08 |  1.85 |  5.78 |  2.50 |  4.20 |  3.49 |  1.89 |  3.91 |  3.50 |  3.05 |  2.57 |  4.28 |  1.74 |  0.41 |  5.36 |  3.83 |  2.30 |  2.09 |  3.46 |  6.01 |  4.35 |  0.65 |
|        28 |  1.14 |  3.75 |  1.40 |  1.41 |  1.15 |  2.26 |  5.20 |  3.04 |  2.27 |  1.04 |  6.11 |  0.63 |  3.62 |  1.09 |  2.42 |  3.40 |  0.98 |  2.87 |  1.39 |  0.86 |  2.87 |  2.77 |  4.73 |  3.77 |  2.21 |  3.10 |  4.12 |  2.87 |  1.55 |  5.26 |  1.72 |  0.78 |  5.82 |  3.76 |  2.23 |  1.81 |  3.25 |  5.50 |  4.39 |  1.04 |
|        29 |  1.37 |  3.20 |  1.48 |  1.92 |  1.97 |  2.07 |  4.86 |  2.81 |  1.97 |  0.90 |  5.62 |  0.62 |  2.71 |  0.57 |  2.03 |  1.34 |  1.64 |  2.50 |  2.45 |  1.29 |  2.92 |  2.82 |  4.86 |  5.49 |  2.18 |  2.14 |  4.43 |  4.16 |  1.06 |  4.53 |  0.71 |  1.13 |  5.30 |  3.01 |  1.94 |  1.79 |  3.32 |  6.45 |  5.05 |  1.12 |
|        30 |  2.05 |  3.44 |  1.68 |  3.39 |  1.15 |  1.87 |  5.49 |  2.05 |  1.94 |  1.80 |  4.80 |  1.09 |  1.37 |  0.81 |  3.38 |  0.86 |  3.22 |  2.94 |  2.98 |  1.45 |  3.21 |  2.44 |  4.71 |  5.89 |  2.11 |  2.53 |  3.18 |  4.27 |  1.74 |  4.85 |  0.65 |  1.66 |  5.08 |  3.10 |  0.59 |  2.19 |  3.74 |  6.61 |  5.42 |  0.67 |
|        31 |  2.06 |  5.43 |  2.62 |  3.67 |  1.38 |  3.59 |  6.52 |  1.62 |  2.66 |  2.08 |  4.68 |  0.87 |  1.49 |  0.54 |  3.74 |  1.60 |  4.85 |  2.32 |  3.22 |  2.92 |  2.97 |  2.35 |  2.45 |  6.77 |  3.48 |  2.73 |  4.68 |  4.87 |  2.62 |  6.95 |  1.50 |  1.25 |  5.59 |  2.19 |  0.32 |  3.41 |  4.93 |  6.27 |  6.78 |  0.39 |
|        32 |  4.24 |  8.97 |  2.89 |  5.21 |  4.39 |  8.30 |  8.28 |  3.81 |  6.50 |  2.58 |  7.84 |  3.50 |  3.75 |  3.27 |  7.64 |  3.54 |  5.73 |  5.56 |  3.61 |  3.90 |  4.66 |  4.27 |  3.81 |  8.17 |  6.81 |  3.13 |  7.30 |  4.89 |  5.46 |  9.46 |  3.35 |  3.61 |  8.05 |  2.50 |  3.13 |  4.91 |  7.11 |  8.57 | 10.61 |  3.56 |
|        33 |  5.47 | 10.47 |  6.11 |  5.60 |  4.40 |  9.34 |  8.01 |  6.64 |  7.44 |  4.84 |  7.44 |  3.93 |  7.34 |  5.50 |  7.64 |  5.50 |  4.73 |  6.84 |  4.55 |  5.00 |  4.72 |  9.39 |  8.80 | 10.93 |  7.68 |  4.81 |  7.01 |  6.43 |  6.81 |  9.26 |  4.46 |  4.63 |  8.26 |  5.46 |  6.20 |  5.62 |  6.92 |  8.55 | 11.21 |  5.84 |
|        34 |  6.00 | 16.44 |  6.09 |  6.38 |  5.48 | 14.12 | 12.09 |  9.36 | 10.08 |  4.08 |  7.84 |  4.82 |  7.73 |  6.25 |  8.07 |  7.16 |  7.13 |  8.92 |  5.49 |  7.89 |  3.67 | 10.20 | 11.41 | 15.25 |  9.72 |  6.79 |  6.52 |  8.30 |  7.95 | 12.85 |  6.90 |  4.90 |  9.17 |  5.06 |  5.90 |  7.32 |  6.29 |  9.52 | 18.22 |  7.13 |
|        35 |  6.28 | 18.65 |  6.12 |  7.10 |  7.63 | 18.54 | 13.62 |  9.07 | 15.10 |  3.54 |  8.29 |  6.02 |  6.77 |  6.75 |  9.34 |  7.11 | 10.23 | 11.62 |  6.40 |  8.40 |  5.37 |  8.74 | 12.35 | 17.36 | 13.04 |  6.36 |  6.08 |  9.62 | 12.05 | 20.55 |  6.52 |  7.60 | 10.61 |  4.04 |  4.44 |  8.01 |  7.98 | 11.62 | 21.19 |  6.63 |
|        36 |  7.63 | 18.32 |  8.57 |  7.20 |  9.15 | 19.04 | 13.90 |  8.57 | 17.90 |  5.53 |  8.17 |  8.79 |  7.03 |  7.54 |  9.24 |  6.76 | 11.78 | 15.62 |  6.74 | 11.45 |  5.63 |  8.55 | 12.29 | 20.02 | 14.01 |  6.51 |  8.45 |  9.67 | 13.35 | 20.21 |  6.73 |  9.11 | 12.33 |  7.64 |  6.68 |  8.79 |  9.25 | 12.94 | 20.33 |  7.09 |
|        37 |  7.90 | 18.73 |  8.65 |  7.50 |  9.10 | 18.91 | 12.07 |  6.89 | 17.07 |  6.14 |  8.93 |  9.94 |  7.60 |  8.47 |  9.93 |  8.44 | 10.38 | 17.46 |  7.34 | 12.23 |  7.24 |  8.47 | 12.62 | 20.86 | 13.25 |  8.06 |  9.65 | 10.22 | 12.80 | 20.20 |  7.04 |  9.43 | 12.42 |  8.42 |  6.75 |  9.65 |  9.29 | 12.96 | 20.68 |  8.87 |
|        38 |  8.25 | 18.77 |  8.23 |  7.80 |  8.62 | 18.13 | 13.13 |  7.65 | 16.06 |  6.29 |  6.54 |  9.93 |  7.61 | 11.29 |  8.39 |  8.54 |  5.87 | 18.18 |  6.79 | 15.38 |  9.05 |  7.22 | 14.45 | 20.95 | 12.84 |  7.66 |  9.34 | 10.59 | 10.22 | 20.66 |  7.83 |  8.89 | 12.24 |  8.31 |  6.69 |  9.72 |  7.27 | 11.79 | 20.42 |  9.18 |
|        39 |  8.03 | 17.33 |  6.86 |  8.67 | 10.23 | 17.24 | 13.15 |  7.70 | 16.09 |  6.65 |  3.85 |  7.00 |  6.26 | 11.35 |  7.56 |  7.60 |  5.12 | 17.19 |  6.63 | 15.60 |  9.23 |  6.87 | 14.60 | 20.47 | 13.43 |  6.83 |  7.51 | 10.48 |  7.90 | 20.29 |  7.42 |  5.60 |  8.68 |  5.09 |  8.77 |  7.97 |  7.35 | 10.63 | 18.54 |  8.20 |
|        40 |  7.56 | 13.15 |  5.96 |  8.24 |  9.80 | 12.84 | 11.16 |  7.20 | 13.25 |  6.18 |  2.54 |  5.89 |  5.31 |  9.50 |  6.18 |  5.45 |  4.32 | 13.19 |  6.11 | 10.98 |  8.81 |  6.44 | 11.83 | 17.40 | 12.04 |  5.76 |  6.34 |  7.43 |  7.30 | 16.25 |  4.23 |  2.60 |  4.86 |  3.34 |  8.78 |  6.76 |  4.63 |  7.53 | 13.83 |  8.01 |
|        41 |  6.53 |  8.47 |  4.03 |  7.30 |  5.16 |  4.98 |  3.49 |  5.58 |  6.64 |  6.26 |  2.89 |  6.00 |  5.48 |  6.32 |  4.66 |  4.76 |  4.13 |  7.90 |  5.08 |  7.89 |  7.52 |  4.80 |  6.15 |  8.83 |  8.32 |  5.52 |  6.43 |  8.07 |  4.70 |  9.13 |  1.96 |  4.18 |  3.27 |  3.94 |  5.95 |  6.21 |  3.84 |  4.65 |  6.18 |  5.76 |
|        42 |  7.08 |  7.47 |  5.33 |  6.87 |  5.01 |  5.10 |  2.63 |  5.41 |  5.48 |  6.39 |  3.77 |  5.97 |  5.46 |  3.13 |  4.58 |  4.96 |  4.11 |  7.05 |  4.96 |  8.29 |  7.36 |  4.70 |  4.43 |  7.61 |  8.35 |  5.73 |  6.05 |  8.34 |  5.57 |  5.46 |  4.12 |  4.17 |  3.97 |  4.42 |  6.03 |  6.21 |  3.94 |  6.07 |  3.65 |  5.93 |
|        43 |  5.13 |  7.66 |  3.57 |  5.86 |  3.42 |  4.73 |  3.58 |  4.33 |  4.54 |  5.00 |  3.73 |  4.72 |  4.52 |  1.98 |  3.26 |  2.89 |  2.60 |  4.95 |  4.04 |  6.82 |  5.70 |  3.12 |  2.60 |  7.67 |  6.54 |  5.31 |  3.84 |  5.46 |  4.48 |  5.83 |  5.38 |  3.87 |  4.58 |  3.38 |  4.47 |  6.25 |  4.43 | 10.03 |  4.95 |  5.44 |
|        44 |  4.23 |  7.79 |  0.84 |  2.94 |  2.54 |  1.26 |  3.88 |  3.05 |  3.67 |  3.57 |  2.52 |  4.93 |  2.56 |  2.11 |  1.00 |  1.57 |  0.98 |  5.14 |  4.13 |  5.78 |  3.21 |  2.60 |  1.85 |  7.69 |  4.90 |  2.81 |  2.49 |  1.54 |  1.18 |  3.57 |  5.00 |  4.32 |  3.78 |  3.37 |  4.44 |  6.26 |  1.85 |  6.92 |  5.00 |  3.24 |
|        45 |  2.58 |  7.39 |  0.96 |  2.31 |  2.12 |  1.34 |  3.63 |  1.62 |  2.82 |  3.38 |  2.06 |  4.03 |  1.99 |  2.96 |  2.78 |  1.38 |  1.21 |  4.59 |  3.33 |  6.16 |  2.58 |  4.27 |  2.02 |  6.30 |  2.58 |  1.73 |  2.17 |  1.67 |  1.40 |  2.62 |  3.17 |  4.17 |  2.53 |  3.36 |  4.38 |  4.39 |  1.41 |  4.38 |  5.11 |  2.04 |
|        46 |  2.59 |  6.69 |  1.57 |  2.83 |  1.95 |  1.56 |  3.07 |  1.58 |  3.13 |  4.08 |  1.70 |  5.26 |  1.67 |  2.36 |  3.57 |  0.91 |  1.98 |  5.16 |  2.07 |  6.41 |  3.40 |  4.29 |  2.28 |  6.04 |  1.83 |  1.14 |  2.22 |  1.28 |  1.24 |  3.19 |  2.82 |  2.36 |  2.60 |  2.74 |  3.10 |  4.18 |  1.44 |  4.51 |  5.50 |  2.10 |
|        47 |  3.68 |  7.59 |  3.07 |  3.51 |  2.94 |  1.64 |  2.56 |  1.08 |  4.58 |  3.83 |  1.55 |  6.95 |  2.45 |  2.99 |  3.29 |  1.55 |  4.12 |  4.69 |  3.71 |  6.74 |  3.40 |  4.86 |  2.22 |  5.89 |  2.04 |  0.59 |  2.03 |  0.43 |  2.62 |  3.44 |  2.93 |  3.02 |  1.40 |  2.28 |  5.30 |  3.98 |  1.43 |  3.72 |  2.74 |  1.65 |
|        48 |  4.01 |  7.86 |  5.16 |  3.93 |  4.47 |  1.26 |  2.72 |  1.18 |  5.06 |  3.81 |  2.39 |  6.96 |  2.37 |  3.97 |  3.05 |  1.66 |  4.76 |  4.00 |  3.87 |  6.16 |  3.14 |  5.26 |  1.28 |  3.52 |  2.04 |  0.91 |  1.54 |  0.56 |  4.96 |  2.65 |  2.36 |  2.87 |  2.11 |  0.87 |  5.71 |  3.63 |  1.42 |  3.17 |  1.86 |  1.64 |
|        51 |  5.57 |  4.85 |  5.35 |  5.23 |  5.91 |  3.11 |  1.38 |  1.78 |  5.15 |  4.34 |  2.62 |  6.15 |  3.73 |  2.90 |  6.85 |  2.12 |  7.93 |  2.75 |  4.98 |  6.84 |  2.87 |  7.07 |  3.21 |  3.25 |  3.44 |  3.01 |  1.08 |  3.32 |  5.39 |  1.76 |  3.12 |  1.41 |  1.57 |  0.91 |  7.17 |  1.63 |  1.24 |  3.47 |  1.10 |  3.60 |
|        54 |  6.84 |  5.16 |  5.78 |  4.85 |  4.21 |  4.89 |  2.36 |  1.55 |  7.05 |  6.11 |  5.13 |  5.45 |  2.27 |  2.50 |  6.13 |  3.16 |  6.43 |  2.26 |  5.12 |  4.18 |  2.83 |  8.24 |  3.01 |  1.42 |  5.27 |  1.98 |  1.17 |  1.24 |  4.28 |  1.42 |  4.92 |  2.22 |  1.70 |  1.94 |  8.28 |  4.27 |  1.62 |  5.32 |  1.96 |  7.28 |
|        57 |  9.27 |  4.57 |  9.90 | 15.51 |  7.60 |  8.55 |  9.23 |  3.58 |  9.78 |  6.91 |  8.06 |  5.51 |  8.62 |  4.73 |  8.84 |  6.36 |  9.24 |  3.99 |  9.19 |  6.38 | 11.23 | 12.84 |  7.31 |  4.32 |  8.64 |  9.06 |  9.08 |  6.86 |  6.13 |  7.38 |  6.09 |  7.39 |  8.17 |  4.39 |  9.76 |  4.62 |  3.02 |  7.00 |  9.86 | 11.27 |
|        60 | 12.79 |  6.19 | 16.23 | 22.29 |  9.76 |  8.73 | 10.11 |  8.01 | 16.44 | 10.71 |  9.90 |  4.00 |  8.06 |  8.08 | 16.88 |  6.60 | 15.05 |  4.01 | 12.66 |  4.91 | 13.33 | 17.43 |  9.06 |  6.03 |  7.16 | 14.42 | 11.48 |  4.80 |  8.50 |  5.25 |  4.37 |  7.22 |  5.32 |  7.67 | 13.94 |  7.48 |  7.59 |  9.03 |  6.79 | 15.11 |
|        63 |  9.16 |  3.33 | 16.76 | 22.25 |  6.58 |  6.67 | 13.27 |  5.46 | 14.34 |  6.23 |  6.94 |  5.93 | 12.25 |  7.89 | 13.08 |  4.71 | 11.47 |  5.00 | 11.73 |  6.78 | 14.45 | 15.85 |  7.49 |  6.02 |  8.41 | 16.56 |  8.34 |  6.44 |  6.84 |  4.06 |  5.96 |  3.09 |  6.10 |  3.12 |  7.57 |  7.04 |  5.84 |  8.79 |  4.05 | 16.52 |
|        66 |  5.04 |  3.62 |  7.49 |  9.88 |  2.55 |  2.89 |  8.56 |  2.00 |  3.58 |  3.80 |  1.89 |  5.06 |  9.04 |  5.04 |  5.33 |  4.35 |  2.48 |  3.28 |  6.31 |  2.15 |  7.78 |  7.45 |  3.49 |  6.45 |  1.98 |  8.46 |  6.93 |  4.65 |  4.60 |  4.08 |  3.55 |  2.98 |  3.03 |  1.86 |  1.97 |  8.66 |  2.19 |  5.66 |  3.93 |  8.30 |
|        69 |  1.58 |  1.40 | 10.84 |  6.14 |  2.14 |  4.45 |  2.28 |  3.82 |  5.24 |  2.01 |  3.61 |  1.66 |  3.43 |  1.81 |  4.79 |  5.83 |  3.85 |  3.11 |  3.06 |  2.61 |  1.98 |  3.97 |  1.87 |  3.62 |  1.78 |  3.20 |  3.53 |  1.26 |  3.87 |  1.37 |  3.23 |  1.60 |  2.95 |  7.50 |  1.34 |  5.35 |  1.37 |  2.28 |  6.43 |  3.91 |
|        72 |  2.69 |  2.30 | 15.21 |  4.26 |  4.09 |  7.47 |  2.45 |  4.39 |  4.70 |  4.74 |  3.43 |  2.14 |  2.91 |  3.14 |  6.53 |  2.75 |  6.25 |  4.08 |  3.12 |  4.85 |  2.51 |  3.35 |  3.71 |  7.05 |  4.78 |  2.07 |  1.64 |  2.86 |  5.86 |  1.94 |  3.77 |  1.96 |  3.82 |  5.04 |  3.05 |  6.90 |  1.10 |  3.56 |  7.35 |  2.98 |
|        78 |  3.23 |  6.04 | 26.17 |  2.93 |  7.87 | 13.71 |  1.84 |  9.64 | 13.65 | 10.53 |  5.80 |  3.93 |  2.52 |  6.93 |  9.32 |  9.39 | 10.04 |  7.49 |  8.35 |  5.84 |  3.82 |  5.96 |  5.02 | 16.32 |  7.40 |  1.68 | 10.01 |  4.17 |  9.51 |  3.39 |  6.33 |  5.16 |  7.46 |  5.09 |  7.68 | 10.67 |  2.17 |  6.71 |  9.37 |  1.61 |
|        84 | 10.26 |  9.81 | 42.92 |  9.13 | 15.44 | 18.69 |  5.17 | 15.65 | 32.46 | 21.71 | 16.85 |  8.78 |  9.36 |  9.87 | 20.81 | 18.34 | 15.19 | 19.64 | 18.49 |  9.62 |  4.58 |  9.27 | 11.16 | 34.44 | 11.81 |  6.46 | 24.50 |  9.06 | 26.50 | 10.78 | 17.07 | 20.81 | 14.84 | 10.42 | 13.07 | 17.28 | 10.81 | 19.48 | 31.27 | 11.53 |
|        90 |  7.75 |  1.47 | 22.72 | 13.44 |  7.14 | 11.44 |  2.89 | 14.36 | 16.67 | 16.14 |  2.40 | 19.25 |  3.51 | 14.87 | 10.78 | 21.67 | 17.04 | 16.39 | 12.49 |  4.13 |  3.91 |  2.59 | 11.08 | 20.52 |  7.44 |  1.73 | 11.15 | 13.50 |  9.50 |  5.05 | 13.09 | 21.51 | 13.22 |  5.39 | 10.97 | 13.62 |  1.63 |  2.06 | 13.13 | 10.09 |
|        96 |  2.81 |  3.61 | 11.82 |  4.69 |  4.97 |  2.26 |  3.61 |  3.51 |  1.74 |  3.76 |  1.15 |  9.78 |  4.21 |  9.18 |  4.29 |  7.96 |  5.40 |  4.48 |  5.82 |  6.67 |  1.97 |  1.67 |  7.39 |  5.17 |  3.94 |  4.58 | 10.98 |  8.80 | 10.56 |  1.48 |  9.11 | 12.68 |  4.05 |  4.00 |  3.41 |  6.68 |  4.81 |  3.85 |  5.26 | 15.35 |
|       102 |  5.92 |  6.18 | 17.42 |  4.82 |  7.33 |  7.04 |  5.13 |  2.50 |  2.71 | 11.09 |  4.26 | 13.83 |  7.62 |  8.29 |  3.32 | 22.45 |  2.18 |  4.06 | 13.81 | 15.99 |  6.68 |  5.91 |  7.90 |  4.41 |  6.89 | 16.20 | 18.05 |  4.97 | 15.73 |  8.05 | 10.26 | 15.95 |  9.48 |  7.41 |  3.89 |  3.10 |  6.34 |  3.65 |  3.62 | 29.62 |
|       108 | 25.05 | 25.82 | 43.89 | 40.29 | 33.77 | 22.87 | 25.22 | 18.07 | 17.40 | 45.11 | 31.98 | 37.08 | 22.80 | 32.35 | 29.73 | 39.38 | 20.77 | 12.16 | 44.25 | 46.05 | 48.37 | 44.82 | 36.05 | 25.71 | 28.17 | 52.03 | 42.80 | 38.59 | 61.58 | 38.83 | 41.49 | 54.17 | 30.25 | 38.13 | 24.03 | 22.12 | 48.40 | 21.61 | 21.52 | 45.86 |
|       114 | 32.82 | 26.28 | 59.57 | 55.73 | 39.38 | 22.97 | 29.99 | 21.74 | 15.48 | 42.09 | 36.24 | 42.93 | 25.90 | 42.01 | 24.49 | 41.50 | 23.59 | 19.46 | 51.24 | 44.40 | 54.66 | 46.26 | 35.59 | 24.01 | 28.76 | 48.54 | 44.76 | 32.39 | 42.72 | 46.27 | 38.36 | 62.14 | 30.50 | 20.25 | 25.88 | 25.41 | 34.78 | 20.26 | 34.73 | 46.37 |
|       120 | 39.51 | 36.80 | 45.00 | 66.73 | 44.92 | 31.76 | 39.51 | 40.17 | 21.28 | 42.76 | 47.00 | 49.48 | 27.86 | 37.52 | 42.73 | 52.54 | 36.19 | 27.96 | 56.16 | 46.86 | 57.23 | 48.07 | 40.72 | 36.23 | 48.81 | 40.58 | 50.82 | 51.97 | 41.25 | 59.36 | 42.70 | 62.87 | 31.87 | 44.77 | 42.76 | 32.89 | 51.14 | 28.60 | 40.69 | 44.03 |
