# variable: Temperature at 2m
# units: degree celsius
# 
| fcst_hour |     1 |     2 |     3 |     4 |     5 |     6 |     7 |     8 |     9 |    10 |    11 |    12 |    13 |    14 |    15 |    16 |    17 |    18 |    19 |    20 |    21 |    22 |    23 |    24 |    25 |    26 |    27 |    28 |    29 |    30 |    31 |    32 |    33 |    34 |    35 |    36 |    37 |    38 |    39 |    40 |
|         0 | 17.66 | 17.50 | 18.53 | 18.34 | 18.59 | 16.60 | 17.67 | 17.35 | 18.08 | 17.76 | 18.25 | 18.62 | 18.00 | 18.09 | 17.62 | 18.57 | 17.77 | 18.27 | 18.44 | 18.54 | 17.32 | 18.62 | 16.77 | 18.53 | 18.23 | 18.18 | 18.27 | 17.35 | 17.52 | 19.25 | 17.78 | 17.81 | 17.33 | 17.32 | 18.37 | 18.18 | 17.84 | 16.53 | 17.87 | 18.36 |
|         1 | 17.22 | 17.19 | 17.92 | 17.58 | 18.06 | 16.21 | 17.41 | 16.84 | 17.33 | 18.02 | 17.67 | 18.51 | 17.45 | 17.66 | 16.86 | 18.22 | 17.33 | 18.11 | 18.29 | 17.63 | 16.70 | 18.10 | 16.07 | 17.78 | 17.64 | 17.77 | 17.71 | 16.74 | 17.07 | 18.82 | 17.26 | 17.59 | 17.13 | 16.67 | 17.94 | 18.02 | 17.35 | 15.86 | 17.13 | 18.04 |
|         2 | 16.78 | 16.81 | 17.45 | 17.18 | 17.52 | 16.43 | 17.24 | 16.94 | 16.79 | 17.66 | 17.46 | 18.29 | 17.11 | 17.46 | 16.45 | 17.91 | 16.81 | 17.66 | 17.81 | 17.08 | 16.20 | 17.61 | 15.88 | 17.21 | 17.26 | 17.53 | 17.39 | 16.28 | 16.96 | 18.44 | 17.02 | 17.51 | 17.04 | 16.38 | 17.43 | 17.49 | 17.01 | 15.42 | 16.60 | 17.77 |
|         3 | 16.43 | 16.33 | 17.21 | 16.89 | 16.91 | 16.54 | 17.01 | 16.96 | 16.25 | 17.43 | 17.56 | 17.90 | 16.42 | 17.26 | 16.47 | 17.68 | 16.41 | 17.47 | 17.28 | 16.62 | 15.94 | 17.25 | 15.47 | 16.92 | 17.14 | 17.47 | 17.25 | 15.94 | 17.01 | 18.00 | 16.97 | 17.25 | 16.87 | 16.49 | 16.93 | 17.01 | 16.78 | 15.12 | 16.32 | 17.31 |
|         4 | 16.52 | 16.33 | 16.84 | 16.72 | 16.59 | 16.34 | 16.70 | 16.93 | 15.59 | 17.22 | 17.29 | 17.66 | 16.16 | 17.12 | 16.54 | 17.62 | 16.17 | 16.99 | 17.06 | 16.39 | 15.74 | 16.77 | 15.36 | 16.96 | 17.08 | 17.24 | 17.08 | 15.67 | 16.96 | 17.75 | 16.73 | 17.03 | 16.47 | 16.44 | 16.70 | 16.60 | 17.01 | 14.97 | 16.24 | 16.97 |
|         5 | 16.36 | 16.33 | 16.54 | 16.47 | 16.37 | 16.42 | 16.38 | 16.71 | 15.22 | 16.92 | 17.24 | 17.66 | 16.05 | 16.95 | 15.92 | 17.35 | 15.98 | 16.52 | 16.96 | 16.34 | 15.65 | 16.10 | 15.11 | 16.76 | 16.72 | 16.94 | 16.74 | 15.46 | 16.82 | 17.30 | 16.32 | 16.48 | 16.01 | 16.27 | 16.44 | 16.54 | 16.93 | 14.87 | 16.42 | 16.78 |
|         6 | 16.79 | 16.67 | 16.68 | 16.90 | 16.71 | 16.92 | 16.83 | 17.07 | 15.71 | 17.12 | 17.31 | 18.07 | 16.42 | 16.95 | 15.94 | 17.50 | 16.43 | 16.93 | 17.31 | 16.77 | 16.30 | 16.33 | 15.55 | 16.96 | 16.59 | 16.86 | 17.10 | 15.81 | 16.53 | 17.49 | 16.60 | 16.68 | 15.98 | 16.32 | 16.78 | 16.80 | 17.14 | 15.48 | 16.79 | 17.31 |
|         7 | 18.33 | 17.58 | 18.27 | 18.12 | 18.06 | 18.11 | 18.42 | 18.68 | 17.82 | 18.68 | 18.31 | 18.85 | 17.45 | 17.72 | 17.18 | 18.37 | 17.60 | 17.92 | 18.67 | 18.53 | 18.06 | 18.05 | 16.84 | 18.27 | 17.07 | 17.56 | 18.63 | 17.23 | 17.44 | 18.07 | 17.89 | 17.35 | 17.61 | 17.52 | 18.19 | 17.95 | 18.20 | 17.46 | 17.96 | 18.25 |
|         8 | 20.06 | 19.54 | 20.15 | 19.34 | 19.64 | 20.23 | 20.13 | 20.33 | 19.65 | 20.45 | 19.38 | 20.60 | 19.14 | 19.38 | 18.93 | 19.55 | 19.22 | 20.12 | 20.69 | 21.24 | 20.27 | 19.24 | 19.22 | 19.76 | 18.22 | 18.89 | 19.91 | 19.22 | 18.91 | 19.10 | 19.33 | 18.67 | 19.86 | 20.22 | 19.90 | 19.15 | 19.64 | 19.62 | 19.88 | 19.91 |
|         9 | 21.48 | 21.06 | 21.68 | 20.77 | 21.35 | 22.17 | 21.97 | 21.74 | 21.65 | 22.38 | 20.77 | 22.07 | 21.54 | 21.03 | 20.80 | 20.52 | 20.66 | 22.08 | 22.50 | 22.66 | 22.25 | 20.26 | 20.91 | 20.86 | 20.36 | 21.15 | 21.33 | 20.36 | 20.87 | 20.31 | 19.34 | 20.29 | 21.24 | 20.42 | 21.89 | 20.52 | 20.44 | 21.10 | 21.46 | 21.36 |
|        10 | 22.34 | 22.80 | 23.09 | 22.23 | 22.90 | 23.79 | 23.42 | 22.56 | 23.27 | 23.56 | 21.95 | 23.52 | 23.00 | 22.57 | 22.02 | 21.40 | 21.71 | 22.68 | 23.30 | 23.87 | 23.46 | 21.09 | 21.69 | 21.79 | 22.47 | 22.72 | 22.15 | 21.29 | 22.57 | 21.54 | 19.90 | 22.01 | 22.63 | 19.83 | 23.37 | 22.17 | 21.77 | 22.74 | 22.95 | 22.98 |
|        11 | 22.06 | 23.79 | 24.24 | 23.38 | 23.26 | 24.74 | 24.58 | 22.82 | 24.64 | 24.58 | 23.06 | 24.39 | 23.37 | 23.77 | 23.20 | 22.19 | 22.48 | 22.73 | 23.69 | 24.35 | 24.40 | 21.89 | 21.63 | 22.11 | 23.43 | 23.83 | 22.47 | 22.19 | 23.48 | 22.52 | 20.55 | 23.44 | 23.87 | 20.45 | 23.90 | 23.27 | 22.40 | 23.65 | 24.06 | 23.45 |
|        12 | 22.21 | 24.43 | 25.13 | 24.44 | 24.23 | 25.29 | 25.49 | 23.57 | 24.99 | 24.68 | 24.17 | 24.56 | 23.00 | 24.65 | 24.22 | 23.00 | 23.41 | 23.26 | 24.06 | 24.41 | 24.95 | 22.84 | 21.99 | 22.24 | 24.01 | 24.50 | 22.85 | 23.09 | 23.09 | 23.54 | 21.41 | 24.57 | 24.93 | 21.44 | 24.52 | 24.18 | 23.16 | 24.08 | 24.72 | 24.02 |
|        13 | 22.30 | 24.57 | 25.45 | 25.09 | 24.85 | 25.63 | 25.77 | 23.40 | 25.04 | 24.63 | 24.92 | 24.40 | 22.93 | 25.36 | 24.15 | 22.97 | 23.72 | 23.72 | 24.41 | 24.72 | 24.97 | 23.33 | 23.17 | 22.66 | 23.63 | 23.66 | 23.64 | 23.78 | 22.71 | 24.15 | 22.72 | 24.78 | 24.99 | 21.33 | 24.84 | 23.96 | 22.57 | 24.08 | 24.49 | 24.77 |
|        14 | 22.46 | 24.29 | 25.55 | 25.09 | 24.59 | 25.80 | 26.12 | 23.69 | 24.85 | 24.87 | 25.12 | 24.71 | 23.78 | 25.53 | 23.75 | 23.15 | 23.49 | 23.45 | 23.43 | 25.03 | 25.13 | 23.88 | 23.64 | 23.67 | 22.69 | 23.44 | 24.31 | 24.31 | 23.75 | 23.46 | 23.55 | 24.99 | 25.38 | 21.77 | 25.01 | 23.66 | 22.76 | 24.22 | 24.43 | 25.32 |
|        15 | 22.57 | 24.01 | 25.02 | 23.56 | 24.03 | 23.39 | 24.48 | 23.55 | 24.52 | 23.96 | 24.42 | 24.51 | 23.36 | 25.02 | 22.90 | 22.90 | 22.92 | 21.98 | 22.78 | 24.67 | 24.29 | 24.09 | 23.37 | 22.95 | 21.82 | 23.41 | 23.76 | 21.81 | 23.98 | 23.08 | 23.33 | 24.09 | 24.76 | 21.84 | 24.69 | 23.00 | 23.06 | 23.81 | 24.26 | 24.49 |
|        16 | 21.68 | 23.52 | 24.64 | 23.24 | 23.71 | 22.37 | 22.98 | 23.16 | 23.65 | 23.02 | 23.91 | 23.33 | 22.64 | 23.34 | 22.31 | 22.63 | 21.95 | 20.90 | 22.35 | 24.19 | 23.30 | 23.67 | 23.00 | 21.27 | 21.52 | 22.24 | 23.08 | 20.95 | 23.61 | 22.39 | 22.56 | 23.09 | 23.18 | 21.55 | 24.20 | 22.55 | 22.81 | 22.97 | 22.49 | 23.61 |
|        17 | 20.51 | 22.16 | 23.56 | 22.16 | 22.84 | 21.38 | 22.23 | 22.29 | 22.33 | 21.59 | 23.01 | 22.34 | 21.79 | 22.20 | 21.10 | 21.73 | 21.09 | 20.01 | 21.59 | 22.87 | 22.37 | 22.41 | 21.55 | 20.66 | 20.46 | 21.51 | 22.27 | 20.55 | 22.41 | 21.25 | 21.34 | 21.97 | 22.55 | 20.71 | 22.61 | 21.45 | 21.69 | 22.04 | 21.53 | 22.63 |
|        18 | 19.39 | 20.39 | 21.51 | 20.62 | 21.20 | 20.21 | 20.79 | 20.70 | 20.45 | 20.21 | 21.25 | 20.96 | 20.25 | 20.52 | 19.95 | 20.61 | 19.99 | 19.30 | 20.27 | 20.95 | 20.28 | 20.81 | 19.82 | 19.85 | 19.48 | 20.52 | 20.99 | 19.16 | 20.79 | 19.78 | 19.82 | 20.37 | 20.95 | 19.68 | 20.87 | 20.48 | 20.36 | 20.16 | 20.08 | 21.16 |
|        19 | 18.65 | 19.34 | 20.14 | 19.30 | 19.78 | 19.31 | 19.69 | 19.52 | 18.91 | 19.42 | 20.08 | 19.93 | 19.31 | 19.43 | 19.05 | 19.65 | 19.12 | 18.86 | 19.29 | 19.50 | 19.23 | 19.64 | 18.65 | 19.01 | 18.91 | 19.72 | 19.80 | 18.20 | 19.47 | 19.29 | 19.00 | 19.20 | 19.73 | 18.87 | 19.71 | 19.71 | 19.42 | 18.88 | 19.05 | 20.50 |
|        20 | 18.18 | 18.64 | 19.35 | 18.47 | 18.91 | 18.64 | 18.71 | 18.72 | 17.85 | 18.93 | 19.21 | 19.24 | 18.66 | 18.75 | 18.58 | 19.07 | 18.57 | 18.63 | 18.53 | 18.74 | 18.73 | 18.87 | 17.94 | 18.72 | 18.36 | 19.25 | 18.91 | 17.91 | 19.13 | 18.89 | 18.37 | 18.70 | 18.96 | 18.18 | 18.95 | 19.06 | 18.85 | 18.10 | 18.52 | 20.10 |
|        21 | 17.66 | 18.03 | 18.58 | 18.38 | 18.39 | 18.12 | 18.01 | 18.18 | 17.36 | 18.69 | 18.78 | 18.32 | 18.18 | 18.71 | 18.26 | 18.88 | 18.10 | 18.33 | 17.90 | 18.51 | 18.34 | 18.14 | 17.30 | 18.37 | 17.98 | 18.28 | 18.68 | 17.60 | 18.89 | 18.55 | 18.11 | 18.39 | 18.33 | 18.02 | 18.41 | 18.61 | 18.45 | 17.97 | 18.28 | 19.49 |
|        22 | 17.16 | 17.62 | 18.03 | 18.24 | 18.20 | 17.71 | 17.65 | 17.89 | 17.46 | 18.52 | 18.51 | 17.88 | 17.89 | 18.34 | 17.82 | 18.65 | 17.57 | 17.89 | 17.46 | 17.95 | 18.14 | 17.73 | 16.98 | 17.71 | 17.74 | 17.75 | 18.31 | 17.10 | 18.59 | 18.29 | 17.87 | 17.88 | 17.72 | 17.95 | 17.83 | 18.17 | 18.02 | 17.74 | 18.02 | 18.77 |
|        23 | 16.85 | 17.62 | 18.21 | 17.89 | 18.04 | 17.41 | 17.54 | 17.84 | 17.27 | 18.42 | 17.94 | 17.69 | 17.48 | 17.98 | 17.36 | 18.23 | 17.39 | 17.32 | 16.93 | 17.85 | 17.52 | 17.26 | 16.00 | 17.30 | 17.43 | 17.43 | 17.84 | 16.62 | 17.98 | 18.09 | 17.63 | 17.90 | 17.13 | 17.64 | 17.48 | 17.90 | 17.48 | 17.26 | 17.71 | 18.14 |
|        24 | 16.52 | 17.55 | 17.98 | 17.69 | 17.81 | 17.26 | 17.08 | 17.81 | 17.30 | 18.06 | 17.52 | 17.49 | 17.46 | 17.52 | 17.20 | 17.99 | 17.33 | 17.00 | 16.52 | 17.74 | 17.15 | 17.11 | 15.53 | 17.09 | 17.13 | 17.19 | 17.63 | 16.37 | 17.54 | 17.86 | 17.40 | 17.91 | 16.78 | 17.20 | 17.11 | 17.70 | 17.08 | 17.11 | 17.49 | 17.66 |
|        25 | 16.29 | 17.28 | 17.88 | 17.59 | 17.34 | 17.30 | 16.92 | 17.48 | 17.38 | 17.57 | 17.14 | 17.09 | 17.39 | 17.36 | 16.98 | 17.90 | 17.18 | 16.74 | 16.40 | 17.74 | 16.78 | 17.01 | 15.32 | 17.15 | 16.95 | 16.82 | 17.38 | 16.00 | 17.08 | 17.62 | 17.30 | 17.66 | 16.82 | 16.81 | 16.80 | 17.43 | 16.58 | 16.66 | 17.39 | 17.33 |
|        26 | 16.06 | 17.01 | 17.53 | 17.35 | 17.06 | 17.28 | 16.60 | 17.36 | 17.08 | 16.95 | 16.92 | 16.90 | 17.20 | 17.21 | 16.80 | 17.82 | 17.02 | 16.52 | 16.31 | 17.67 | 16.33 | 16.84 | 15.30 | 16.98 | 16.77 | 16.56 | 17.00 | 15.93 | 17.09 | 17.54 | 17.07 | 17.32 | 16.68 | 16.80 | 16.40 | 17.29 | 16.03 | 16.38 | 17.23 | 16.73 |
|        27 | 15.92 | 16.83 | 17.35 | 17.33 | 16.95 | 17.23 | 16.24 | 16.92 | 16.89 | 16.77 | 16.83 | 16.93 | 16.79 | 17.28 | 16.67 | 17.73 | 16.97 | 16.44 | 16.51 | 17.55 | 15.99 | 16.74 | 15.37 | 16.75 | 16.65 | 16.45 | 16.88 | 16.01 | 16.69 | 17.31 | 16.98 | 17.13 | 16.54 | 16.53 | 16.02 | 17.24 | 15.95 | 16.46 | 16.82 | 16.44 |
|        28 | 15.73 | 16.65 | 17.23 | 17.18 | 16.55 | 17.12 | 16.04 | 16.44 | 16.58 | 16.66 | 16.65 | 16.86 | 16.55 | 17.34 | 16.23 | 17.55 | 16.68 | 16.43 | 16.61 | 17.56 | 16.03 | 16.74 | 15.22 | 16.52 | 16.42 | 16.35 | 16.85 | 16.09 | 16.09 | 17.16 | 16.70 | 17.01 | 16.63 | 15.93 | 16.01 | 16.89 | 15.78 | 16.31 | 16.49 | 16.24 |
|        29 | 15.78 | 16.26 | 17.28 | 17.15 | 16.60 | 16.97 | 16.01 | 16.08 | 16.56 | 16.40 | 16.67 | 16.73 | 16.36 | 17.08 | 15.76 | 17.49 | 16.46 | 16.24 | 16.71 | 17.53 | 16.06 | 16.87 | 14.79 | 16.45 | 16.11 | 16.34 | 16.84 | 15.91 | 15.92 | 17.23 | 16.62 | 17.01 | 16.75 | 15.88 | 15.92 | 16.91 | 15.64 | 16.17 | 16.41 | 16.07 |
|        30 | 16.45 | 16.74 | 17.61 | 17.62 | 16.90 | 17.38 | 16.64 | 16.45 | 16.89 | 16.71 | 16.85 | 17.17 | 16.78 | 17.27 | 16.27 | 17.56 | 16.78 | 16.51 | 17.03 | 17.70 | 16.68 | 17.22 | 15.32 | 16.95 | 16.50 | 16.68 | 17.10 | 16.28 | 16.48 | 17.40 | 17.15 | 17.30 | 17.17 | 16.45 | 16.36 | 17.32 | 16.10 | 16.62 | 16.89 | 16.34 |
|        31 | 17.82 | 17.80 | 18.22 | 18.60 | 18.30 | 18.27 | 17.83 | 17.87 | 18.15 | 17.75 | 17.89 | 17.37 | 18.32 | 18.39 | 18.13 | 18.11 | 17.65 | 17.59 | 17.56 | 18.37 | 17.47 | 18.11 | 17.51 | 17.91 | 17.93 | 17.25 | 18.06 | 17.88 | 17.44 | 18.08 | 18.48 | 17.88 | 18.39 | 17.44 | 18.06 | 18.12 | 17.49 | 17.43 | 18.10 | 17.69 |
|        32 | 19.36 | 18.49 | 19.16 | 19.54 | 19.67 | 19.42 | 18.77 | 19.20 | 19.27 | 17.69 | 19.59 | 17.74 | 19.59 | 19.47 | 19.25 | 19.06 | 18.39 | 18.91 | 18.79 | 19.14 | 17.92 | 19.31 | 18.40 | 18.53 | 18.70 | 18.51 | 19.45 | 19.25 | 17.84 | 18.90 | 19.77 | 19.01 | 19.67 | 18.08 | 19.17 | 18.99 | 18.02 | 18.04 | 19.65 | 19.24 |
|        33 | 20.73 | 18.36 | 20.52 | 20.16 | 20.60 | 20.04 | 19.39 | 20.17 | 20.67 | 18.40 | 20.80 | 18.30 | 20.06 | 20.48 | 20.04 | 20.18 | 19.32 | 20.07 | 20.17 | 20.16 | 18.79 | 20.82 | 19.04 | 19.28 | 19.35 | 19.71 | 20.34 | 19.60 | 18.69 | 19.46 | 21.08 | 20.42 | 20.91 | 19.09 | 19.63 | 19.63 | 18.11 | 18.51 | 20.53 | 20.05 |
|        34 | 21.54 | 18.69 | 20.73 | 20.85 | 21.02 | 21.18 | 19.92 | 21.17 | 21.72 | 19.35 | 22.04 | 19.19 | 21.39 | 21.03 | 20.70 | 21.06 | 20.43 | 20.24 | 21.15 | 21.08 | 19.97 | 22.06 | 19.84 | 20.06 | 19.63 | 20.68 | 21.20 | 19.61 | 20.11 | 20.02 | 21.34 | 21.66 | 21.98 | 19.86 | 20.59 | 20.23 | 18.69 | 19.26 | 20.77 | 21.03 |
|        35 | 22.00 | 19.98 | 21.45 | 21.48 | 21.11 | 21.48 | 21.11 | 21.50 | 22.80 | 20.69 | 23.02 | 19.91 | 22.66 | 21.14 | 20.83 | 20.78 | 21.00 | 20.13 | 21.84 | 22.06 | 20.84 | 22.86 | 20.42 | 20.81 | 20.59 | 21.35 | 21.54 | 19.92 | 21.27 | 20.27 | 21.30 | 22.06 | 22.74 | 20.62 | 20.95 | 20.82 | 20.00 | 20.52 | 21.52 | 21.35 |
|        36 | 22.34 | 21.68 | 21.37 | 20.94 | 20.52 | 21.96 | 21.82 | 22.00 | 23.17 | 22.55 | 24.02 | 20.41 | 23.43 | 21.57 | 20.37 | 20.68 | 20.91 | 19.61 | 22.32 | 22.79 | 21.84 | 23.15 | 21.71 | 21.35 | 21.47 | 21.34 | 21.21 | 20.25 | 22.14 | 20.56 | 21.22 | 22.25 | 23.13 | 21.22 | 21.51 | 20.74 | 21.30 | 21.61 | 21.72 | 21.68 |
|        37 | 22.06 | 23.04 | 21.27 | 21.27 | 20.55 | 22.17 | 22.80 | 22.50 | 23.86 | 23.25 | 24.85 | 21.04 | 23.83 | 21.61 | 20.64 | 20.31 | 21.25 | 19.98 | 22.80 | 23.07 | 22.46 | 23.32 | 22.84 | 21.59 | 22.04 | 21.76 | 20.95 | 20.87 | 22.75 | 20.50 | 21.15 | 22.79 | 23.35 | 21.32 | 22.28 | 20.80 | 22.17 | 22.40 | 21.41 | 22.00 |
|        38 | 22.68 | 23.49 | 21.44 | 22.09 | 21.68 | 22.06 | 22.64 | 22.81 | 23.87 | 23.57 | 24.60 | 21.96 | 24.34 | 22.02 | 21.56 | 20.85 | 22.14 | 20.65 | 23.39 | 22.49 | 22.89 | 23.17 | 23.32 | 21.65 | 22.65 | 21.80 | 21.31 | 21.95 | 22.50 | 20.76 | 21.58 | 22.40 | 23.78 | 21.45 | 22.88 | 20.60 | 22.73 | 22.77 | 21.28 | 21.27 |
|        39 | 22.72 | 23.36 | 21.98 | 22.58 | 21.67 | 22.23 | 22.19 | 23.05 | 23.59 | 23.44 | 24.37 | 22.10 | 24.23 | 21.70 | 22.03 | 20.95 | 22.44 | 21.21 | 23.22 | 22.03 | 22.70 | 22.18 | 23.03 | 21.98 | 22.71 | 21.99 | 21.68 | 22.22 | 22.41 | 21.21 | 22.09 | 22.13 | 23.99 | 21.65 | 22.96 | 20.75 | 22.53 | 22.66 | 21.04 | 21.28 |
|        40 | 22.34 | 22.69 | 21.95 | 22.35 | 21.22 | 21.97 | 21.87 | 22.69 | 23.03 | 22.78 | 23.52 | 21.70 | 23.63 | 21.31 | 21.79 | 20.77 | 22.17 | 20.94 | 22.54 | 21.36 | 22.44 | 21.83 | 22.37 | 21.76 | 22.16 | 21.62 | 21.69 | 22.04 | 22.06 | 21.33 | 21.97 | 21.38 | 23.54 | 21.19 | 22.46 | 20.92 | 21.72 | 22.12 | 20.48 | 21.17 |
|        41 | 21.15 | 21.21 | 21.07 | 21.15 | 20.20 | 20.94 | 20.83 | 21.46 | 21.87 | 21.42 | 22.15 | 20.53 | 22.01 | 20.69 | 20.68 | 20.05 | 21.03 | 19.93 | 21.19 | 20.20 | 21.18 | 21.15 | 20.77 | 20.84 | 20.90 | 20.63 | 20.88 | 21.10 | 20.86 | 20.52 | 21.03 | 20.69 | 22.22 | 20.23 | 21.20 | 20.19 | 20.24 | 20.63 | 19.83 | 20.51 |
|        42 | 18.75 | 18.98 | 19.06 | 18.84 | 17.88 | 19.21 | 18.92 | 19.44 | 19.48 | 19.86 | 20.20 | 18.84 | 19.70 | 19.21 | 18.30 | 18.45 | 18.94 | 18.07 | 19.60 | 18.79 | 18.69 | 19.38 | 17.74 | 18.77 | 18.70 | 18.73 | 19.12 | 18.52 | 18.83 | 18.91 | 19.08 | 19.05 | 20.07 | 18.01 | 18.94 | 18.42 | 17.65 | 18.07 | 18.28 | 18.86 |
|        43 | 17.10 | 17.21 | 17.56 | 17.19 | 16.17 | 17.86 | 17.61 | 18.00 | 17.74 | 18.60 | 18.89 | 17.73 | 17.98 | 17.71 | 16.55 | 17.40 | 17.66 | 16.73 | 18.56 | 17.69 | 16.67 | 17.98 | 15.48 | 17.27 | 17.18 | 17.33 | 17.87 | 16.52 | 17.74 | 17.88 | 17.64 | 17.83 | 18.30 | 16.31 | 17.20 | 17.30 | 15.91 | 16.27 | 17.32 | 17.77 |
|        44 | 16.10 | 16.22 | 16.52 | 16.11 | 15.26 | 17.07 | 16.94 | 17.01 | 16.64 | 17.70 | 18.14 | 16.94 | 16.88 | 16.38 | 15.54 | 16.61 | 16.90 | 15.82 | 17.63 | 17.02 | 15.62 | 17.16 | 14.21 | 16.40 | 16.16 | 16.57 | 16.97 | 15.55 | 17.08 | 17.20 | 16.61 | 17.14 | 17.05 | 15.24 | 16.13 | 16.57 | 14.80 | 15.24 | 16.76 | 17.06 |
|        45 | 15.37 | 16.07 | 15.63 | 15.29 | 14.63 | 16.43 | 16.38 | 16.33 | 15.95 | 17.13 | 17.70 | 16.32 | 15.98 | 15.52 | 14.87 | 15.77 | 16.24 | 15.07 | 16.71 | 16.55 | 14.74 | 16.45 | 13.29 | 15.83 | 15.20 | 16.17 | 16.25 | 15.18 | 16.47 | 16.76 | 15.87 | 16.67 | 15.99 | 14.29 | 15.38 | 15.94 | 13.97 | 14.81 | 16.22 | 16.43 |
|        46 | 14.73 | 16.15 | 14.96 | 14.71 | 13.93 | 15.93 | 15.91 | 15.65 | 15.48 | 16.80 | 17.30 | 15.74 | 15.22 | 14.85 | 14.27 | 14.98 | 15.61 | 14.47 | 15.91 | 16.01 | 13.87 | 15.94 | 12.43 | 15.32 | 14.55 | 15.79 | 15.65 | 15.07 | 15.79 | 16.42 | 15.24 | 16.32 | 14.87 | 13.59 | 14.92 | 15.40 | 13.26 | 14.61 | 15.42 | 15.90 |
|        47 | 14.08 | 16.03 | 14.54 | 14.23 | 13.35 | 15.42 | 15.38 | 15.03 | 15.30 | 16.56 | 16.77 | 15.32 | 14.59 | 14.28 | 13.71 | 14.45 | 14.95 | 14.01 | 15.40 | 15.53 | 13.01 | 15.45 | 11.55 | 14.83 | 13.97 | 15.45 | 15.12 | 15.00 | 15.34 | 16.08 | 14.80 | 15.98 | 14.10 | 13.04 | 15.06 | 15.07 | 12.73 | 14.44 | 14.50 | 15.48 |
|        48 | 13.62 | 15.77 | 14.09 | 13.82 | 12.91 | 14.88 | 14.85 | 14.48 | 14.69 | 16.02 | 16.26 | 14.87 | 14.01 | 13.68 | 13.26 | 13.92 | 14.31 | 13.61 | 15.04 | 14.93 | 12.14 | 14.88 | 10.62 | 14.28 | 13.34 | 15.41 | 14.67 | 14.73 | 14.77 | 15.58 | 14.31 | 15.44 | 13.80 | 12.67 | 15.02 | 14.83 | 12.27 | 14.05 | 13.68 | 15.06 |
|        51 | 12.54 | 14.40 | 12.84 | 13.32 | 11.73 | 13.50 | 13.47 | 13.54 | 12.97 | 14.60 | 14.64 | 13.66 | 12.54 | 12.39 | 12.51 | 12.68 | 12.68 | 12.57 | 14.72 | 13.27 | 10.97 | 12.83 |  9.50 | 12.81 | 10.98 | 14.66 | 13.52 | 13.41 | 12.59 | 14.46 | 12.83 | 13.49 | 12.27 | 12.33 | 13.66 | 13.45 | 10.83 | 13.81 | 12.22 | 14.21 |
|        54 | 12.09 | 13.31 | 12.54 | 12.63 | 11.18 | 13.25 | 13.06 | 12.82 | 13.05 | 13.43 | 14.22 | 13.93 | 11.75 | 11.99 | 12.98 | 12.08 | 12.69 | 12.32 | 14.48 | 13.00 | 12.05 | 12.67 |  9.77 | 12.55 | 10.70 | 13.91 | 12.52 | 12.39 | 12.10 | 14.09 | 13.01 | 13.33 | 11.05 | 12.26 | 12.99 | 13.27 | 11.01 | 13.58 | 12.26 | 14.08 |
|        57 | 19.40 | 20.56 | 19.91 | 20.71 | 19.57 | 20.52 | 20.20 | 20.54 | 20.56 | 20.78 | 20.56 | 19.76 | 20.94 | 19.12 | 20.21 | 19.65 | 19.73 | 19.34 | 20.28 | 19.91 | 19.88 | 19.76 | 19.80 | 19.50 | 19.62 | 20.25 | 20.06 | 19.57 | 20.29 | 20.19 | 20.06 | 19.95 | 19.46 | 20.12 | 20.15 | 20.18 | 19.69 | 20.04 | 19.38 | 20.76 |
|        60 | 23.30 | 23.32 | 23.35 | 23.69 | 22.61 | 23.79 | 24.05 | 23.80 | 24.01 | 23.75 | 23.90 | 22.34 | 24.19 | 22.66 | 23.13 | 22.52 | 23.60 | 22.70 | 22.87 | 23.30 | 23.14 | 23.50 | 23.77 | 22.80 | 22.45 | 23.13 | 23.79 | 22.69 | 23.09 | 23.33 | 23.67 | 23.06 | 23.53 | 23.27 | 23.00 | 22.89 | 22.98 | 23.07 | 22.45 | 23.58 |
|        63 | 24.07 | 23.92 | 24.28 | 24.49 | 23.15 | 24.44 | 24.85 | 24.42 | 24.00 | 24.46 | 24.36 | 22.80 | 25.20 | 23.18 | 23.96 | 22.81 | 24.38 | 23.52 | 23.93 | 23.89 | 23.82 | 23.94 | 24.14 | 23.68 | 22.63 | 23.78 | 24.30 | 23.10 | 23.51 | 23.88 | 24.10 | 23.95 | 24.36 | 23.10 | 23.11 | 23.30 | 23.65 | 23.68 | 23.13 | 24.14 |
|        66 | 20.29 | 20.64 | 19.22 | 20.83 | 19.33 | 20.68 | 20.42 | 19.75 | 20.21 | 19.42 | 20.05 | 18.93 | 20.38 | 19.09 | 21.21 | 19.08 | 19.76 | 19.44 | 21.06 | 19.53 | 19.13 | 19.91 | 18.57 | 19.59 | 18.52 | 20.18 | 20.19 | 18.95 | 19.61 | 20.62 | 18.72 | 20.14 | 19.76 | 19.15 | 18.82 | 20.35 | 20.29 | 18.87 | 19.33 | 21.06 |
|        69 | 16.24 | 16.40 | 16.53 | 16.52 | 14.71 | 17.94 | 18.72 | 17.45 | 16.65 | 17.12 | 17.30 | 15.28 | 17.15 | 15.97 | 17.16 | 16.29 | 17.24 | 15.94 | 16.80 | 14.79 | 16.39 | 17.19 | 15.47 | 16.09 | 13.40 | 17.03 | 17.83 | 14.74 | 14.95 | 17.24 | 16.04 | 18.02 | 16.85 | 16.70 | 15.42 | 17.36 | 16.16 | 13.24 | 15.23 | 17.72 |
|        72 | 14.20 | 13.89 | 14.61 | 13.27 | 12.81 | 15.86 | 16.71 | 15.59 | 14.57 | 15.67 | 15.89 | 14.71 | 15.62 | 14.35 | 14.15 | 15.26 | 15.24 | 14.50 | 15.10 | 13.28 | 13.99 | 15.60 | 12.34 | 13.79 | 11.07 | 15.47 | 16.04 | 13.38 | 13.98 | 15.16 | 14.69 | 17.30 | 15.59 | 13.58 | 14.37 | 14.72 | 13.69 | 11.48 | 13.16 | 15.74 |
|        78 | 12.45 | 12.02 | 14.00 | 12.56 | 10.85 | 13.92 | 14.84 | 12.97 | 13.91 | 13.50 | 14.05 | 12.48 | 14.87 | 12.89 | 13.62 | 14.77 | 13.26 | 11.38 | 13.78 | 12.34 | 12.84 | 13.59 | 10.58 | 12.15 | 11.21 | 12.54 | 13.87 | 11.82 | 11.64 | 12.64 | 12.98 | 14.17 | 13.54 | 13.68 | 13.83 | 13.50 | 11.05 | 10.52 | 10.45 | 14.19 |
|        84 | 23.86 | 23.43 | 24.60 | 24.07 | 23.29 | 24.22 | 24.47 | 25.09 | 23.32 | 25.68 | 23.96 | 23.17 | 24.96 | 23.09 | 22.64 | 21.81 | 25.61 | 23.92 | 23.31 | 23.87 | 25.15 | 23.84 | 22.56 | 23.41 | 22.71 | 24.37 | 25.46 | 24.19 | 24.02 | 23.09 | 24.97 | 25.02 | 22.36 | 24.46 | 22.84 | 23.61 | 24.73 | 24.16 | 24.45 | 24.69 |
|        90 | 20.79 | 20.22 | 20.26 | 19.96 | 19.55 | 21.48 | 21.22 | 21.92 | 19.82 | 21.25 | 21.84 | 21.11 | 21.80 | 21.45 | 20.62 | 19.33 | 22.50 | 20.44 | 19.79 | 19.80 | 20.42 | 20.72 | 18.72 | 18.95 | 19.07 | 21.45 | 22.57 | 20.24 | 19.92 | 20.25 | 21.02 | 21.81 | 17.87 | 21.25 | 20.07 | 20.65 | 21.98 | 19.82 | 19.98 | 21.17 |
|        96 | 15.39 | 14.64 | 14.55 | 14.34 | 13.54 | 17.27 | 17.02 | 17.46 | 15.96 | 18.58 | 16.58 | 17.59 | 17.56 | 16.54 | 15.25 | 16.04 | 17.55 | 16.16 | 14.47 | 13.63 | 15.93 | 16.45 | 12.61 | 13.07 | 13.69 | 17.03 | 18.81 | 15.41 | 14.43 | 15.06 | 15.82 | 18.36 | 12.24 | 15.52 | 15.19 | 15.90 | 15.10 | 14.21 | 17.04 | 16.88 |
|       102 | 14.56 | 13.73 | 13.26 | 12.39 | 12.33 | 16.95 | 16.27 | 15.83 | 15.36 | 17.86 | 14.02 | 15.50 | 15.93 | 14.12 | 15.01 | 15.99 | 16.50 | 14.95 | 13.74 | 12.17 | 14.57 | 15.60 | 12.02 | 12.28 | 12.59 | 13.54 | 16.64 | 14.27 | 13.79 | 13.23 | 13.35 | 15.17 | 11.04 | 14.14 | 16.19 | 14.02 | 12.82 | 12.22 | 15.49 | 16.64 |
|       108 | 21.51 | 25.45 | 26.18 | 25.69 | 23.99 | 21.31 | 21.14 | 24.81 | 17.47 | 21.71 | 26.43 | 24.17 | 20.02 | 26.66 | 23.22 | 16.47 | 27.36 | 26.24 | 25.82 | 25.58 | 27.84 | 21.65 | 25.47 | 25.15 | 25.76 | 27.18 | 27.64 | 21.86 | 26.62 | 23.63 | 27.70 | 27.15 | 22.75 | 27.90 | 19.24 | 24.29 | 28.06 | 26.47 | 19.42 | 17.40 |
|       114 | 20.11 | 23.12 | 22.20 | 20.93 | 21.09 | 17.54 | 17.92 | 21.24 | 16.55 | 19.39 | 22.37 | 21.61 | 18.41 | 25.34 | 18.00 | 15.68 | 22.04 | 23.35 | 21.76 | 22.87 | 22.39 | 20.04 | 20.82 | 23.59 | 23.10 | 24.93 | 23.00 | 19.59 | 20.83 | 21.16 | 22.31 | 23.30 | 20.14 | 23.40 | 16.72 | 21.12 | 24.49 | 22.28 | 17.66 | 15.94 |
|       120 | 17.71 | 18.47 | 16.61 | 16.22 | 14.32 | 14.32 | 15.24 | 17.98 | 14.55 | 15.86 | 17.98 | 17.89 | 15.43 | 19.39 | 14.60 | 15.25 | 19.48 | 19.08 | 15.58 | 18.59 | 16.53 | 16.71 | 14.74 | 17.50 | 16.69 | 19.89 | 19.71 | 14.01 | 17.81 | 16.26 | 16.90 | 18.60 | 15.84 | 20.06 | 12.97 | 16.53 | 16.62 | 15.50 | 14.72 | 14.67 |
