# variable: Mean Sea Level Pressure
# units: hPa
# 
| fcst_hour |       1 |       2 |       3 |       4 |       5 |       6 |       7 |       8 |       9 |      10 |      11 |      12 |      13 |      14 |      15 |      16 |      17 |      18 |      19 |      20 |      21 |      22 |      23 |      24 |      25 |      26 |      27 |      28 |      29 |      30 |      31 |      32 |      33 |      34 |      35 |      36 |      37 |      38 |      39 |      40 |
|         0 | 1016.31 | 1016.02 | 1016.55 | 1016.49 | 1016.11 | 1016.23 | 1016.71 | 1016.36 | 1016.58 | 1016.02 | 1017.05 | 1016.69 | 1016.68 | 1016.38 | 1016.55 | 1016.66 | 1017.00 | 1016.73 | 1016.52 | 1017.03 | 1016.30 | 1016.50 | 1015.87 | 1016.23 | 1016.79 | 1016.07 | 1016.53 | 1016.56 | 1016.20 | 1016.60 | 1016.51 | 1016.18 | 1016.32 | 1016.68 | 1016.52 | 1016.36 | 1016.60 | 1016.45 | 1015.70 | 1016.74 |
|         1 | 1016.50 | 1016.34 | 1016.77 | 1016.71 | 1016.15 | 1016.07 | 1016.62 | 1016.43 | 1016.51 | 1016.21 | 1017.20 | 1016.87 | 1016.51 | 1016.41 | 1016.43 | 1016.82 | 1017.51 | 1016.79 | 1016.81 | 1016.97 | 1016.42 | 1016.60 | 1016.05 | 1016.42 | 1016.98 | 1016.23 | 1016.62 | 1016.70 | 1016.54 | 1016.74 | 1016.62 | 1016.30 | 1016.65 | 1016.86 | 1017.01 | 1016.74 | 1017.02 | 1016.60 | 1015.90 | 1016.68 |
|         2 | 1016.51 | 1016.35 | 1016.81 | 1016.70 | 1016.05 | 1016.00 | 1016.82 | 1016.47 | 1016.67 | 1016.33 | 1017.01 | 1016.92 | 1016.57 | 1016.44 | 1016.31 | 1017.04 | 1017.42 | 1017.19 | 1016.95 | 1016.70 | 1016.53 | 1016.75 | 1016.19 | 1016.56 | 1017.08 | 1016.56 | 1016.70 | 1016.59 | 1016.82 | 1016.78 | 1016.75 | 1016.33 | 1016.84 | 1016.84 | 1017.40 | 1016.72 | 1016.94 | 1016.67 | 1016.07 | 1016.57 |
|         3 | 1016.65 | 1016.21 | 1016.89 | 1016.63 | 1016.32 | 1016.06 | 1016.97 | 1016.40 | 1016.88 | 1016.72 | 1016.81 | 1016.99 | 1016.64 | 1016.60 | 1016.60 | 1016.81 | 1017.35 | 1017.13 | 1017.09 | 1016.72 | 1016.61 | 1016.84 | 1016.44 | 1016.49 | 1017.17 | 1016.80 | 1016.56 | 1016.65 | 1017.10 | 1016.85 | 1016.67 | 1016.51 | 1016.82 | 1017.10 | 1017.44 | 1016.80 | 1016.79 | 1016.45 | 1015.96 | 1016.41 |
|         4 | 1016.98 | 1016.48 | 1017.25 | 1016.83 | 1016.73 | 1016.48 | 1017.08 | 1016.53 | 1017.29 | 1016.72 | 1017.03 | 1017.18 | 1017.13 | 1016.70 | 1016.96 | 1016.88 | 1017.30 | 1017.44 | 1017.35 | 1017.11 | 1016.84 | 1017.27 | 1016.92 | 1016.37 | 1017.31 | 1016.89 | 1016.76 | 1016.93 | 1017.35 | 1017.06 | 1016.82 | 1016.83 | 1017.27 | 1017.19 | 1017.39 | 1017.01 | 1017.00 | 1016.58 | 1016.38 | 1016.75 |
|         5 | 1016.58 | 1016.20 | 1017.25 | 1016.65 | 1016.56 | 1016.18 | 1016.78 | 1016.08 | 1016.78 | 1016.23 | 1016.81 | 1016.69 | 1016.95 | 1016.24 | 1016.70 | 1016.62 | 1016.96 | 1017.10 | 1017.23 | 1016.92 | 1016.44 | 1017.09 | 1016.67 | 1016.03 | 1016.91 | 1016.63 | 1016.34 | 1016.57 | 1016.71 | 1016.62 | 1016.59 | 1016.26 | 1017.12 | 1016.80 | 1016.92 | 1016.73 | 1016.64 | 1016.49 | 1016.25 | 1016.70 |
|         6 | 1016.95 | 1016.88 | 1017.61 | 1017.25 | 1016.78 | 1016.53 | 1017.06 | 1016.28 | 1017.01 | 1016.53 | 1017.51 | 1017.14 | 1017.38 | 1016.45 | 1017.12 | 1017.01 | 1017.36 | 1017.44 | 1017.67 | 1017.40 | 1017.00 | 1017.48 | 1016.99 | 1016.53 | 1016.78 | 1017.01 | 1016.70 | 1016.88 | 1017.15 | 1017.00 | 1017.02 | 1016.59 | 1017.64 | 1017.07 | 1017.44 | 1016.74 | 1016.78 | 1017.07 | 1016.61 | 1017.23 |
|         7 | 1016.57 | 1016.64 | 1017.19 | 1017.03 | 1016.66 | 1016.34 | 1016.89 | 1015.87 | 1016.77 | 1016.42 | 1017.39 | 1016.77 | 1016.98 | 1016.36 | 1016.73 | 1016.76 | 1017.29 | 1017.20 | 1017.60 | 1017.16 | 1016.77 | 1017.26 | 1016.46 | 1016.42 | 1016.41 | 1016.97 | 1016.33 | 1016.53 | 1017.00 | 1017.00 | 1016.68 | 1016.19 | 1017.30 | 1017.03 | 1017.13 | 1016.39 | 1016.35 | 1016.57 | 1016.44 | 1017.00 |
|         8 | 1016.95 | 1016.90 | 1017.48 | 1017.51 | 1017.07 | 1016.92 | 1017.37 | 1016.25 | 1017.29 | 1017.05 | 1017.79 | 1016.88 | 1017.59 | 1016.89 | 1017.09 | 1017.38 | 1017.59 | 1017.61 | 1017.88 | 1017.59 | 1017.09 | 1017.49 | 1017.19 | 1016.85 | 1017.15 | 1017.36 | 1016.87 | 1017.05 | 1017.53 | 1017.55 | 1016.83 | 1016.77 | 1017.47 | 1017.83 | 1017.34 | 1016.92 | 1016.88 | 1017.24 | 1016.93 | 1017.56 |
|         9 | 1016.99 | 1016.93 | 1017.70 | 1017.90 | 1016.82 | 1016.96 | 1017.40 | 1016.25 | 1017.42 | 1017.13 | 1017.86 | 1016.96 | 1018.07 | 1017.39 | 1017.01 | 1017.58 | 1017.90 | 1017.79 | 1017.79 | 1017.79 | 1017.40 | 1017.38 | 1017.16 | 1016.87 | 1017.45 | 1017.47 | 1016.77 | 1017.11 | 1017.57 | 1017.48 | 1016.95 | 1017.02 | 1017.88 | 1018.03 | 1017.42 | 1016.84 | 1016.94 | 1017.28 | 1017.14 | 1017.57 |
|        10 | 1017.13 | 1016.98 | 1017.91 | 1017.77 | 1016.89 | 1017.33 | 1017.31 | 1016.91 | 1017.46 | 1017.03 | 1017.45 | 1016.61 | 1018.31 | 1017.31 | 1017.03 | 1018.08 | 1017.64 | 1017.76 | 1017.46 | 1017.41 | 1017.30 | 1017.41 | 1017.42 | 1016.93 | 1017.25 | 1017.45 | 1016.52 | 1017.07 | 1017.80 | 1017.32 | 1017.29 | 1016.59 | 1017.73 | 1017.94 | 1017.24 | 1016.77 | 1016.84 | 1017.13 | 1017.00 | 1017.55 |
|        11 | 1016.60 | 1016.94 | 1017.61 | 1016.86 | 1017.16 | 1017.24 | 1017.13 | 1016.61 | 1017.13 | 1016.82 | 1017.20 | 1015.72 | 1017.51 | 1017.04 | 1016.65 | 1017.78 | 1017.12 | 1017.24 | 1017.03 | 1017.00 | 1017.27 | 1016.91 | 1016.85 | 1016.63 | 1016.75 | 1017.13 | 1016.26 | 1016.74 | 1017.54 | 1016.77 | 1017.36 | 1016.29 | 1017.29 | 1016.97 | 1016.69 | 1016.55 | 1016.20 | 1016.76 | 1016.72 | 1017.19 |
|        12 | 1016.93 | 1016.90 | 1017.45 | 1016.87 | 1016.68 | 1016.91 | 1017.14 | 1016.37 | 1016.91 | 1016.58 | 1016.89 | 1015.83 | 1016.98 | 1016.96 | 1016.55 | 1017.53 | 1016.82 | 1017.64 | 1017.00 | 1016.39 | 1017.19 | 1016.62 | 1016.93 | 1016.87 | 1017.25 | 1017.17 | 1016.25 | 1016.88 | 1017.42 | 1016.13 | 1017.21 | 1015.89 | 1017.06 | 1016.57 | 1017.11 | 1016.70 | 1015.72 | 1016.71 | 1016.90 | 1017.24 |
|        13 | 1016.12 | 1016.51 | 1017.10 | 1016.43 | 1015.68 | 1016.60 | 1016.41 | 1015.65 | 1016.49 | 1016.17 | 1016.80 | 1016.29 | 1016.67 | 1016.48 | 1016.19 | 1016.93 | 1016.98 | 1017.19 | 1016.89 | 1016.62 | 1016.52 | 1016.26 | 1016.67 | 1016.57 | 1015.85 | 1016.34 | 1015.76 | 1016.36 | 1016.83 | 1015.93 | 1016.55 | 1016.06 | 1016.92 | 1016.45 | 1016.31 | 1015.86 | 1015.93 | 1016.49 | 1016.58 | 1017.19 |
|        14 | 1015.87 | 1016.48 | 1016.49 | 1017.24 | 1015.41 | 1016.61 | 1016.23 | 1015.46 | 1016.31 | 1016.15 | 1016.43 | 1015.89 | 1016.30 | 1016.33 | 1015.78 | 1016.66 | 1016.88 | 1016.89 | 1016.80 | 1015.84 | 1016.50 | 1016.52 | 1016.88 | 1016.17 | 1016.05 | 1016.50 | 1015.30 | 1016.36 | 1016.47 | 1016.09 | 1016.01 | 1015.83 | 1016.73 | 1016.33 | 1015.89 | 1016.09 | 1015.81 | 1016.28 | 1016.60 | 1017.28 |
|        15 | 1015.72 | 1016.46 | 1016.32 | 1016.72 | 1015.68 | 1016.51 | 1016.67 | 1015.14 | 1016.07 | 1016.25 | 1016.52 | 1015.83 | 1016.25 | 1016.79 | 1016.01 | 1017.14 | 1016.85 | 1016.63 | 1016.65 | 1015.27 | 1016.73 | 1016.00 | 1016.82 | 1016.12 | 1016.41 | 1016.33 | 1016.08 | 1016.27 | 1016.33 | 1016.67 | 1016.06 | 1015.77 | 1016.90 | 1016.31 | 1015.77 | 1015.79 | 1015.91 | 1016.27 | 1016.74 | 1017.02 |
|        16 | 1015.73 | 1016.31 | 1016.15 | 1016.76 | 1015.88 | 1016.26 | 1016.90 | 1015.50 | 1016.18 | 1016.58 | 1016.30 | 1016.11 | 1016.25 | 1016.67 | 1016.15 | 1017.24 | 1016.59 | 1016.37 | 1016.67 | 1015.68 | 1016.77 | 1015.83 | 1016.94 | 1016.47 | 1016.25 | 1016.40 | 1016.01 | 1016.43 | 1017.18 | 1016.56 | 1015.84 | 1016.24 | 1017.01 | 1016.45 | 1016.37 | 1015.64 | 1015.39 | 1016.07 | 1016.62 | 1016.65 |
|        17 | 1016.12 | 1016.64 | 1016.51 | 1016.63 | 1015.68 | 1016.56 | 1016.79 | 1015.45 | 1016.01 | 1016.69 | 1016.50 | 1016.43 | 1016.39 | 1017.12 | 1016.55 | 1017.26 | 1016.77 | 1016.40 | 1016.79 | 1016.14 | 1016.94 | 1015.88 | 1017.02 | 1016.33 | 1016.57 | 1016.34 | 1015.99 | 1016.51 | 1017.20 | 1016.35 | 1016.36 | 1016.70 | 1016.95 | 1016.07 | 1016.49 | 1015.77 | 1015.57 | 1016.35 | 1016.79 | 1016.67 |
|        18 | 1016.74 | 1017.77 | 1017.10 | 1017.04 | 1016.16 | 1017.32 | 1017.48 | 1015.90 | 1017.10 | 1017.48 | 1017.20 | 1017.41 | 1017.09 | 1017.81 | 1017.10 | 1018.19 | 1017.82 | 1017.37 | 1017.76 | 1017.43 | 1017.71 | 1016.60 | 1017.67 | 1016.84 | 1017.15 | 1017.15 | 1016.81 | 1017.46 | 1017.78 | 1017.22 | 1017.14 | 1017.67 | 1017.68 | 1016.67 | 1017.61 | 1016.58 | 1016.21 | 1017.18 | 1017.82 | 1017.54 |
|        19 | 1016.76 | 1018.17 | 1017.42 | 1017.50 | 1016.30 | 1017.49 | 1017.57 | 1016.05 | 1017.11 | 1017.64 | 1017.11 | 1017.99 | 1017.31 | 1017.96 | 1017.27 | 1018.29 | 1018.07 | 1017.48 | 1017.96 | 1017.16 | 1017.92 | 1016.77 | 1017.88 | 1016.93 | 1017.52 | 1017.39 | 1017.24 | 1017.51 | 1017.94 | 1017.56 | 1017.25 | 1018.13 | 1017.74 | 1017.09 | 1018.02 | 1016.67 | 1016.34 | 1017.29 | 1017.95 | 1017.69 |
|        20 | 1016.89 | 1018.67 | 1017.92 | 1017.98 | 1016.72 | 1017.58 | 1017.85 | 1016.47 | 1017.18 | 1018.03 | 1017.07 | 1017.95 | 1017.46 | 1018.22 | 1017.43 | 1018.22 | 1018.14 | 1017.97 | 1018.13 | 1017.56 | 1018.06 | 1017.05 | 1018.12 | 1017.02 | 1017.71 | 1017.57 | 1017.40 | 1017.38 | 1018.02 | 1017.69 | 1017.77 | 1018.08 | 1018.03 | 1017.43 | 1018.01 | 1016.80 | 1016.63 | 1017.29 | 1017.97 | 1018.08 |
|        21 | 1017.49 | 1018.91 | 1018.04 | 1017.71 | 1016.88 | 1018.10 | 1018.25 | 1016.78 | 1017.33 | 1018.46 | 1017.36 | 1018.27 | 1017.69 | 1018.55 | 1017.66 | 1018.40 | 1018.47 | 1018.13 | 1018.37 | 1017.83 | 1018.17 | 1017.13 | 1018.55 | 1017.23 | 1018.07 | 1018.00 | 1017.86 | 1017.60 | 1018.05 | 1017.76 | 1018.04 | 1018.80 | 1018.25 | 1017.73 | 1018.21 | 1016.84 | 1017.38 | 1017.66 | 1018.31 | 1018.24 |
|        22 | 1017.53 | 1018.93 | 1018.33 | 1017.60 | 1017.33 | 1018.50 | 1018.57 | 1016.69 | 1017.61 | 1018.83 | 1017.65 | 1018.43 | 1017.88 | 1018.72 | 1017.74 | 1018.65 | 1018.82 | 1018.30 | 1018.50 | 1018.18 | 1018.54 | 1017.32 | 1018.90 | 1017.62 | 1018.50 | 1018.34 | 1018.11 | 1017.89 | 1018.42 | 1017.68 | 1018.09 | 1019.29 | 1018.59 | 1018.03 | 1018.43 | 1017.12 | 1017.91 | 1017.92 | 1018.77 | 1018.25 |
|        23 | 1017.68 | 1019.06 | 1018.52 | 1018.28 | 1017.37 | 1018.38 | 1018.74 | 1016.70 | 1017.80 | 1019.16 | 1017.84 | 1018.69 | 1017.89 | 1018.87 | 1018.07 | 1018.90 | 1018.80 | 1018.19 | 1018.72 | 1018.51 | 1018.91 | 1017.55 | 1018.98 | 1017.64 | 1018.66 | 1018.41 | 1018.41 | 1018.01 | 1018.60 | 1017.95 | 1018.16 | 1019.52 | 1018.80 | 1018.15 | 1018.67 | 1017.56 | 1017.82 | 1018.09 | 1019.10 | 1018.39 |
|        24 | 1017.56 | 1019.42 | 1018.78 | 1018.32 | 1017.50 | 1018.38 | 1018.74 | 1016.67 | 1017.93 | 1019.20 | 1018.00 | 1018.73 | 1018.10 | 1018.82 | 1018.39 | 1019.04 | 1018.68 | 1018.27 | 1018.71 | 1018.59 | 1019.20 | 1017.48 | 1019.13 | 1017.73 | 1018.83 | 1018.42 | 1018.45 | 1018.09 | 1018.54 | 1017.86 | 1018.01 | 1019.32 | 1018.92 | 1018.17 | 1018.69 | 1017.51 | 1017.54 | 1018.14 | 1019.42 | 1018.75 |
|        25 | 1017.36 | 1019.75 | 1019.00 | 1017.94 | 1017.61 | 1018.66 | 1018.94 | 1016.50 | 1017.79 | 1019.00 | 1017.87 | 1018.60 | 1018.32 | 1018.74 | 1018.46 | 1018.89 | 1018.44 | 1018.29 | 1018.67 | 1018.55 | 1019.11 | 1017.32 | 1018.95 | 1017.60 | 1018.80 | 1018.22 | 1018.59 | 1017.87 | 1018.27 | 1017.81 | 1017.98 | 1019.34 | 1018.58 | 1018.10 | 1018.68 | 1017.48 | 1017.50 | 1018.11 | 1019.50 | 1018.65 |
|        26 | 1016.87 | 1019.72 | 1018.54 | 1017.55 | 1017.24 | 1018.56 | 1018.61 | 1016.08 | 1017.35 | 1018.44 | 1017.27 | 1018.46 | 1018.19 | 1018.50 | 1017.95 | 1018.40 | 1018.04 | 1018.09 | 1018.31 | 1018.53 | 1018.96 | 1016.89 | 1018.63 | 1017.17 | 1018.52 | 1017.73 | 1018.56 | 1017.54 | 1017.95 | 1017.40 | 1017.70 | 1019.28 | 1018.30 | 1017.68 | 1018.51 | 1017.03 | 1017.49 | 1017.85 | 1019.17 | 1018.16 |
|        27 | 1016.81 | 1019.69 | 1018.20 | 1017.33 | 1016.78 | 1018.14 | 1018.46 | 1015.80 | 1017.06 | 1018.15 | 1017.02 | 1018.18 | 1017.96 | 1018.43 | 1017.51 | 1018.11 | 1017.83 | 1017.65 | 1018.07 | 1018.41 | 1019.00 | 1016.48 | 1018.64 | 1016.81 | 1018.13 | 1017.51 | 1018.42 | 1017.31 | 1018.02 | 1017.10 | 1017.53 | 1019.14 | 1018.14 | 1017.44 | 1018.45 | 1016.85 | 1017.56 | 1017.83 | 1018.90 | 1017.74 |
|        28 | 1017.11 | 1019.81 | 1018.36 | 1017.35 | 1016.98 | 1018.14 | 1018.61 | 1015.97 | 1017.05 | 1018.49 | 1017.29 | 1018.27 | 1017.74 | 1018.62 | 1017.48 | 1018.22 | 1018.02 | 1017.59 | 1018.25 | 1018.63 | 1019.08 | 1016.49 | 1019.15 | 1016.85 | 1018.19 | 1017.65 | 1018.64 | 1017.35 | 1018.40 | 1016.86 | 1017.53 | 1019.33 | 1018.33 | 1017.59 | 1018.75 | 1017.02 | 1017.78 | 1018.07 | 1019.12 | 1017.81 |
|        29 | 1016.97 | 1019.79 | 1018.49 | 1017.27 | 1017.19 | 1018.26 | 1018.72 | 1015.90 | 1017.10 | 1018.78 | 1017.52 | 1018.30 | 1017.53 | 1018.72 | 1017.40 | 1018.25 | 1018.21 | 1017.52 | 1018.27 | 1018.47 | 1019.06 | 1016.66 | 1019.44 | 1017.00 | 1018.28 | 1017.58 | 1018.61 | 1017.01 | 1018.32 | 1016.73 | 1017.49 | 1019.29 | 1018.35 | 1017.54 | 1018.76 | 1017.04 | 1017.95 | 1018.22 | 1019.23 | 1017.70 |
|        30 | 1017.12 | 1020.02 | 1018.93 | 1017.49 | 1017.66 | 1018.67 | 1019.44 | 1016.08 | 1017.07 | 1019.23 | 1018.06 | 1018.74 | 1017.94 | 1019.08 | 1017.67 | 1018.52 | 1018.72 | 1018.00 | 1018.62 | 1018.97 | 1019.46 | 1017.24 | 1019.82 | 1017.57 | 1018.82 | 1017.85 | 1019.19 | 1017.36 | 1018.48 | 1017.10 | 1017.86 | 1019.61 | 1018.76 | 1017.80 | 1019.10 | 1017.51 | 1018.29 | 1018.75 | 1019.60 | 1017.99 |
|        31 | 1016.99 | 1019.95 | 1018.92 | 1017.43 | 1017.42 | 1018.62 | 1019.32 | 1016.10 | 1016.82 | 1019.33 | 1017.95 | 1018.80 | 1018.00 | 1019.10 | 1017.55 | 1018.15 | 1018.53 | 1017.97 | 1018.44 | 1019.14 | 1019.65 | 1017.11 | 1019.56 | 1017.54 | 1018.67 | 1017.69 | 1019.40 | 1017.40 | 1018.39 | 1016.99 | 1017.77 | 1019.55 | 1018.60 | 1017.66 | 1019.02 | 1017.50 | 1018.23 | 1018.65 | 1019.63 | 1017.89 |
|        32 | 1017.36 | 1020.17 | 1019.40 | 1017.69 | 1017.59 | 1018.92 | 1019.64 | 1016.57 | 1017.27 | 1019.59 | 1017.96 | 1019.02 | 1018.43 | 1019.66 | 1017.72 | 1018.31 | 1019.05 | 1017.97 | 1018.53 | 1019.33 | 1019.78 | 1017.07 | 1019.90 | 1017.58 | 1018.80 | 1017.59 | 1019.64 | 1017.84 | 1018.45 | 1016.94 | 1018.00 | 1019.82 | 1018.61 | 1018.01 | 1019.44 | 1017.78 | 1018.43 | 1018.61 | 1019.88 | 1018.02 |
|        33 | 1016.73 | 1019.74 | 1019.10 | 1017.24 | 1017.18 | 1018.89 | 1019.22 | 1016.01 | 1016.90 | 1019.63 | 1017.74 | 1018.63 | 1018.33 | 1019.44 | 1017.65 | 1017.93 | 1018.60 | 1017.76 | 1018.26 | 1019.17 | 1019.58 | 1016.74 | 1019.49 | 1017.48 | 1018.18 | 1017.48 | 1019.49 | 1017.71 | 1018.37 | 1016.73 | 1017.77 | 1019.57 | 1018.31 | 1017.53 | 1019.20 | 1017.44 | 1018.37 | 1018.08 | 1019.73 | 1017.57 |
|        34 | 1016.47 | 1019.38 | 1018.74 | 1016.84 | 1016.92 | 1018.65 | 1019.01 | 1015.66 | 1016.44 | 1019.27 | 1017.68 | 1018.17 | 1018.25 | 1019.06 | 1017.31 | 1017.67 | 1018.21 | 1017.39 | 1018.22 | 1019.01 | 1019.33 | 1016.32 | 1019.09 | 1017.25 | 1018.19 | 1017.44 | 1019.09 | 1017.52 | 1018.10 | 1016.50 | 1017.66 | 1019.22 | 1017.93 | 1017.00 | 1018.82 | 1017.19 | 1018.37 | 1017.67 | 1019.19 | 1017.23 |
|        35 | 1016.03 | 1018.98 | 1018.41 | 1016.44 | 1016.75 | 1018.46 | 1018.99 | 1015.35 | 1016.05 | 1018.81 | 1017.68 | 1017.76 | 1017.95 | 1018.76 | 1016.85 | 1017.25 | 1017.78 | 1017.18 | 1017.78 | 1018.64 | 1019.05 | 1015.95 | 1018.59 | 1016.56 | 1017.91 | 1016.93 | 1018.79 | 1017.37 | 1017.79 | 1016.20 | 1017.46 | 1018.65 | 1017.38 | 1016.55 | 1018.33 | 1016.95 | 1018.26 | 1017.32 | 1018.75 | 1016.43 |
|        36 | 1015.70 | 1018.62 | 1018.13 | 1015.80 | 1016.58 | 1018.38 | 1018.85 | 1015.04 | 1015.63 | 1018.47 | 1017.38 | 1017.58 | 1017.72 | 1018.57 | 1016.72 | 1016.69 | 1017.42 | 1017.11 | 1017.26 | 1018.35 | 1018.95 | 1015.63 | 1018.13 | 1015.92 | 1017.59 | 1016.84 | 1018.36 | 1017.32 | 1017.70 | 1015.93 | 1017.34 | 1018.17 | 1016.94 | 1016.23 | 1017.89 | 1016.69 | 1018.07 | 1017.27 | 1018.46 | 1016.11 |
|        37 | 1015.59 | 1018.20 | 1017.45 | 1015.05 | 1016.40 | 1018.06 | 1018.35 | 1014.73 | 1015.41 | 1018.33 | 1017.02 | 1017.29 | 1017.24 | 1018.24 | 1016.48 | 1016.03 | 1017.08 | 1016.77 | 1016.97 | 1017.95 | 1018.38 | 1014.98 | 1017.47 | 1015.24 | 1017.16 | 1016.50 | 1017.85 | 1017.00 | 1017.24 | 1015.47 | 1017.00 | 1017.62 | 1016.78 | 1015.73 | 1017.35 | 1016.29 | 1017.81 | 1016.94 | 1018.12 | 1015.59 |
|        38 | 1015.60 | 1017.81 | 1017.09 | 1014.57 | 1016.27 | 1017.85 | 1018.12 | 1014.84 | 1015.36 | 1018.35 | 1017.15 | 1016.94 | 1017.06 | 1018.18 | 1016.38 | 1015.67 | 1016.95 | 1016.64 | 1016.90 | 1017.65 | 1018.21 | 1014.54 | 1017.12 | 1015.03 | 1016.93 | 1016.17 | 1017.61 | 1016.72 | 1017.15 | 1015.47 | 1016.89 | 1017.50 | 1016.79 | 1015.57 | 1017.30 | 1016.45 | 1017.91 | 1017.00 | 1018.07 | 1015.23 |
|        39 | 1015.66 | 1017.61 | 1017.16 | 1014.30 | 1016.44 | 1018.11 | 1018.39 | 1015.11 | 1015.44 | 1018.56 | 1017.45 | 1016.87 | 1017.15 | 1018.18 | 1015.83 | 1015.59 | 1016.82 | 1016.58 | 1016.90 | 1017.67 | 1018.10 | 1014.41 | 1017.17 | 1015.01 | 1016.95 | 1016.02 | 1017.60 | 1016.87 | 1017.25 | 1015.97 | 1016.80 | 1017.35 | 1016.48 | 1015.51 | 1017.43 | 1016.53 | 1018.11 | 1017.01 | 1018.24 | 1015.10 |
|        40 | 1016.02 | 1017.46 | 1017.38 | 1014.53 | 1016.86 | 1018.53 | 1019.18 | 1015.37 | 1015.62 | 1018.91 | 1018.00 | 1017.05 | 1017.45 | 1018.41 | 1016.25 | 1015.69 | 1016.94 | 1016.73 | 1017.13 | 1017.95 | 1018.37 | 1014.64 | 1017.63 | 1015.13 | 1017.13 | 1016.34 | 1017.92 | 1017.29 | 1017.50 | 1016.15 | 1016.89 | 1017.79 | 1016.50 | 1015.57 | 1017.64 | 1017.02 | 1018.49 | 1017.25 | 1018.58 | 1015.41 |
|        41 | 1016.56 | 1017.55 | 1017.67 | 1014.73 | 1017.44 | 1019.10 | 1019.50 | 1015.76 | 1015.96 | 1019.43 | 1018.77 | 1017.56 | 1018.07 | 1019.10 | 1016.79 | 1015.86 | 1017.42 | 1017.07 | 1017.58 | 1018.25 | 1018.78 | 1015.12 | 1018.31 | 1015.28 | 1017.34 | 1016.57 | 1018.42 | 1017.56 | 1018.03 | 1016.11 | 1017.50 | 1018.15 | 1016.85 | 1015.85 | 1017.99 | 1017.37 | 1019.05 | 1017.61 | 1018.92 | 1015.90 |
|        42 | 1017.24 | 1017.79 | 1018.13 | 1015.14 | 1017.64 | 1019.53 | 1019.94 | 1016.20 | 1016.40 | 1019.89 | 1019.28 | 1018.03 | 1018.78 | 1020.06 | 1017.23 | 1016.32 | 1017.95 | 1017.60 | 1018.22 | 1018.53 | 1019.10 | 1015.75 | 1018.82 | 1015.55 | 1017.68 | 1017.05 | 1019.11 | 1018.11 | 1018.63 | 1016.60 | 1018.12 | 1018.60 | 1017.42 | 1016.32 | 1018.43 | 1018.07 | 1019.72 | 1018.28 | 1019.45 | 1016.47 |
|        43 | 1018.18 | 1018.38 | 1018.28 | 1015.11 | 1018.04 | 1019.80 | 1020.20 | 1016.45 | 1016.68 | 1020.16 | 1019.66 | 1018.33 | 1019.09 | 1020.56 | 1017.46 | 1016.28 | 1018.23 | 1018.16 | 1018.60 | 1018.82 | 1019.71 | 1016.19 | 1019.05 | 1015.62 | 1018.13 | 1017.56 | 1019.73 | 1018.55 | 1018.88 | 1016.85 | 1018.54 | 1018.78 | 1017.73 | 1016.46 | 1018.91 | 1018.33 | 1020.19 | 1019.07 | 1019.74 | 1017.04 |
|        44 | 1018.48 | 1018.78 | 1018.61 | 1015.02 | 1017.99 | 1020.32 | 1020.57 | 1016.84 | 1017.32 | 1020.25 | 1020.21 | 1018.60 | 1019.54 | 1020.88 | 1017.77 | 1016.32 | 1018.55 | 1018.32 | 1018.78 | 1018.97 | 1019.76 | 1016.56 | 1019.14 | 1015.89 | 1018.78 | 1017.79 | 1020.02 | 1019.22 | 1019.33 | 1017.67 | 1019.08 | 1018.96 | 1017.98 | 1016.70 | 1019.30 | 1018.40 | 1020.67 | 1019.43 | 1020.05 | 1017.51 |
|        45 | 1019.09 | 1018.82 | 1018.84 | 1015.23 | 1018.62 | 1021.02 | 1021.03 | 1017.45 | 1018.50 | 1020.61 | 1020.91 | 1018.90 | 1020.30 | 1021.49 | 1018.35 | 1016.39 | 1018.81 | 1018.63 | 1019.26 | 1019.41 | 1020.43 | 1016.86 | 1019.81 | 1016.69 | 1019.16 | 1018.38 | 1020.45 | 1020.10 | 1019.93 | 1018.47 | 1019.88 | 1019.56 | 1018.47 | 1017.08 | 1019.66 | 1018.60 | 1021.12 | 1020.11 | 1020.50 | 1017.84 |
|        46 | 1020.00 | 1019.13 | 1019.41 | 1015.64 | 1018.84 | 1021.60 | 1021.33 | 1018.20 | 1019.51 | 1020.96 | 1021.67 | 1019.25 | 1021.10 | 1022.06 | 1019.28 | 1016.49 | 1019.02 | 1019.19 | 1019.87 | 1019.97 | 1020.89 | 1017.53 | 1020.50 | 1017.08 | 1019.58 | 1019.14 | 1020.99 | 1020.95 | 1020.27 | 1019.87 | 1020.56 | 1019.97 | 1018.86 | 1017.41 | 1019.91 | 1018.99 | 1021.45 | 1020.94 | 1020.78 | 1018.37 |
|        47 | 1020.91 | 1019.69 | 1019.83 | 1016.36 | 1019.68 | 1022.00 | 1021.84 | 1018.77 | 1020.85 | 1021.49 | 1022.31 | 1019.93 | 1021.98 | 1022.54 | 1020.12 | 1017.17 | 1019.29 | 1019.67 | 1020.88 | 1020.48 | 1021.38 | 1018.23 | 1021.21 | 1017.47 | 1020.02 | 1019.73 | 1021.56 | 1022.15 | 1020.53 | 1021.79 | 1021.24 | 1020.34 | 1019.31 | 1017.65 | 1020.41 | 1019.76 | 1021.80 | 1021.66 | 1021.52 | 1018.94 |
|        48 | 1021.58 | 1019.86 | 1020.37 | 1017.15 | 1020.64 | 1022.31 | 1022.17 | 1019.40 | 1021.82 | 1021.97 | 1023.24 | 1020.75 | 1022.93 | 1022.99 | 1021.34 | 1017.92 | 1019.69 | 1020.64 | 1021.73 | 1020.88 | 1021.67 | 1018.91 | 1021.48 | 1018.03 | 1020.57 | 1020.42 | 1022.16 | 1023.10 | 1020.85 | 1023.22 | 1021.88 | 1020.94 | 1019.96 | 1017.88 | 1020.83 | 1020.46 | 1022.13 | 1022.08 | 1021.99 | 1019.86 |
|        51 | 1022.65 | 1020.24 | 1020.68 | 1019.66 | 1021.46 | 1023.09 | 1022.33 | 1021.50 | 1022.89 | 1022.39 | 1024.34 | 1022.34 | 1024.40 | 1023.52 | 1023.31 | 1021.00 | 1020.45 | 1022.49 | 1024.23 | 1021.14 | 1021.96 | 1021.17 | 1021.67 | 1019.61 | 1021.01 | 1021.02 | 1023.87 | 1023.98 | 1022.02 | 1024.44 | 1023.96 | 1022.06 | 1020.46 | 1018.95 | 1021.16 | 1021.48 | 1022.30 | 1023.28 | 1022.77 | 1021.88 |
|        54 | 1024.07 | 1021.18 | 1022.10 | 1021.71 | 1023.28 | 1023.91 | 1022.94 | 1022.44 | 1023.76 | 1023.39 | 1024.81 | 1025.08 | 1024.96 | 1024.14 | 1024.20 | 1023.01 | 1021.64 | 1024.13 | 1025.24 | 1021.72 | 1022.84 | 1022.97 | 1022.50 | 1021.98 | 1022.16 | 1021.75 | 1025.02 | 1024.70 | 1023.28 | 1024.61 | 1025.26 | 1024.21 | 1021.34 | 1020.22 | 1021.60 | 1022.41 | 1022.93 | 1024.57 | 1023.54 | 1023.39 |
|        57 | 1024.29 | 1022.62 | 1022.91 | 1022.28 | 1022.95 | 1024.21 | 1023.63 | 1022.46 | 1023.76 | 1024.11 | 1024.86 | 1025.63 | 1024.35 | 1024.31 | 1024.05 | 1024.09 | 1022.11 | 1025.35 | 1026.50 | 1022.18 | 1023.68 | 1023.37 | 1023.17 | 1022.88 | 1022.70 | 1021.70 | 1025.33 | 1024.74 | 1024.10 | 1024.35 | 1025.83 | 1024.79 | 1022.10 | 1021.39 | 1021.63 | 1022.01 | 1023.23 | 1025.03 | 1024.64 | 1024.13 |
|        60 | 1022.92 | 1022.31 | 1022.32 | 1021.28 | 1021.57 | 1022.69 | 1022.51 | 1020.55 | 1022.47 | 1023.29 | 1023.19 | 1024.54 | 1022.78 | 1022.73 | 1022.38 | 1023.20 | 1020.82 | 1023.82 | 1024.91 | 1021.39 | 1023.10 | 1021.71 | 1022.06 | 1021.72 | 1021.36 | 1020.00 | 1023.79 | 1023.44 | 1023.12 | 1021.66 | 1024.13 | 1023.81 | 1021.52 | 1020.76 | 1020.90 | 1020.97 | 1022.32 | 1023.84 | 1023.50 | 1022.41 |
|        63 | 1021.49 | 1020.65 | 1021.27 | 1020.29 | 1020.51 | 1020.85 | 1021.77 | 1018.75 | 1021.53 | 1022.12 | 1021.38 | 1022.96 | 1020.93 | 1020.77 | 1020.63 | 1022.39 | 1019.81 | 1022.60 | 1023.36 | 1019.93 | 1022.10 | 1020.34 | 1020.43 | 1020.88 | 1019.48 | 1017.84 | 1022.79 | 1022.60 | 1021.92 | 1019.35 | 1022.87 | 1022.55 | 1020.13 | 1019.13 | 1019.64 | 1020.16 | 1021.06 | 1022.44 | 1021.86 | 1021.72 |
|        66 | 1020.97 | 1020.35 | 1020.96 | 1020.58 | 1020.55 | 1019.96 | 1021.56 | 1018.26 | 1021.77 | 1022.51 | 1020.55 | 1022.73 | 1020.17 | 1020.56 | 1020.39 | 1022.11 | 1019.94 | 1022.07 | 1023.30 | 1019.22 | 1022.50 | 1019.84 | 1019.54 | 1020.81 | 1018.65 | 1017.16 | 1022.81 | 1022.61 | 1022.10 | 1018.15 | 1022.97 | 1022.38 | 1019.61 | 1019.14 | 1019.04 | 1020.03 | 1021.44 | 1022.43 | 1021.74 | 1021.87 |
|        69 | 1020.83 | 1020.26 | 1020.61 | 1020.36 | 1020.77 | 1019.61 | 1021.45 | 1018.42 | 1022.12 | 1023.16 | 1020.44 | 1022.81 | 1020.20 | 1020.23 | 1020.43 | 1022.42 | 1020.03 | 1021.42 | 1022.47 | 1018.42 | 1023.46 | 1020.03 | 1018.87 | 1021.56 | 1018.11 | 1016.78 | 1023.60 | 1022.97 | 1022.24 | 1016.71 | 1023.95 | 1022.73 | 1019.04 | 1018.68 | 1018.97 | 1019.85 | 1021.58 | 1022.24 | 1021.44 | 1022.29 |
|        72 | 1020.38 | 1019.19 | 1019.33 | 1019.57 | 1020.08 | 1018.57 | 1020.92 | 1017.00 | 1021.71 | 1023.26 | 1019.31 | 1022.90 | 1019.22 | 1019.56 | 1020.30 | 1021.21 | 1019.07 | 1019.87 | 1021.22 | 1017.50 | 1023.15 | 1019.14 | 1017.39 | 1021.42 | 1016.96 | 1017.05 | 1023.53 | 1022.63 | 1021.74 | 1014.64 | 1024.41 | 1022.10 | 1018.18 | 1017.39 | 1017.97 | 1018.66 | 1020.53 | 1021.21 | 1020.19 | 1021.61 |
|        78 | 1020.43 | 1020.14 | 1017.34 | 1017.22 | 1018.48 | 1018.73 | 1020.99 | 1017.41 | 1021.30 | 1026.37 | 1018.20 | 1023.62 | 1020.33 | 1019.48 | 1021.51 | 1019.08 | 1019.08 | 1018.00 | 1019.39 | 1017.02 | 1025.68 | 1017.49 | 1016.63 | 1021.82 | 1017.79 | 1019.46 | 1024.79 | 1021.48 | 1023.13 | 1011.98 | 1025.76 | 1022.87 | 1017.63 | 1015.14 | 1017.62 | 1017.30 | 1018.55 | 1020.93 | 1022.17 | 1020.30 |
|        84 | 1021.59 | 1021.24 | 1017.12 | 1018.04 | 1019.72 | 1020.03 | 1022.27 | 1021.36 | 1020.34 | 1027.47 | 1017.82 | 1025.02 | 1023.19 | 1020.83 | 1023.45 | 1016.39 | 1019.35 | 1017.59 | 1019.49 | 1016.43 | 1027.22 | 1015.05 | 1016.29 | 1019.71 | 1017.42 | 1022.44 | 1025.26 | 1020.75 | 1023.30 | 1012.74 | 1025.92 | 1023.80 | 1018.05 | 1012.93 | 1018.44 | 1017.05 | 1020.79 | 1021.03 | 1024.16 | 1021.69 |
|        90 | 1023.99 | 1024.13 | 1020.04 | 1020.81 | 1023.57 | 1023.98 | 1022.78 | 1023.47 | 1021.77 | 1028.02 | 1020.60 | 1027.40 | 1025.43 | 1024.35 | 1024.83 | 1019.60 | 1022.23 | 1019.34 | 1023.49 | 1020.15 | 1028.10 | 1017.99 | 1017.61 | 1020.93 | 1021.50 | 1025.73 | 1026.62 | 1023.60 | 1026.10 | 1012.73 | 1027.38 | 1025.75 | 1021.84 | 1015.33 | 1019.76 | 1019.18 | 1022.93 | 1024.07 | 1024.31 | 1025.41 |
|        96 | 1027.69 | 1027.35 | 1021.88 | 1023.71 | 1026.10 | 1027.17 | 1024.37 | 1024.43 | 1025.18 | 1027.91 | 1022.39 | 1029.74 | 1026.48 | 1029.06 | 1026.67 | 1023.05 | 1026.19 | 1021.06 | 1027.26 | 1023.11 | 1027.59 | 1019.53 | 1021.11 | 1024.45 | 1026.81 | 1028.02 | 1026.57 | 1026.50 | 1029.27 | 1011.11 | 1026.78 | 1027.17 | 1026.00 | 1015.64 | 1020.19 | 1019.98 | 1024.90 | 1028.14 | 1024.16 | 1029.54 |
|       102 | 1029.96 | 1027.43 | 1021.14 | 1023.78 | 1026.42 | 1028.33 | 1026.27 | 1025.06 | 1027.47 | 1027.20 | 1022.67 | 1028.53 | 1026.11 | 1031.78 | 1026.15 | 1024.42 | 1027.85 | 1020.14 | 1029.24 | 1026.81 | 1027.01 | 1021.49 | 1022.52 | 1025.39 | 1029.22 | 1028.15 | 1024.90 | 1025.82 | 1029.46 | 1009.05 | 1025.45 | 1027.48 | 1028.21 | 1014.84 | 1021.77 | 1020.45 | 1025.01 | 1029.19 | 1023.52 | 1031.20 |
|       108 | 1028.94 | 1024.47 | 1016.71 | 1021.08 | 1025.25 | 1026.36 | 1023.65 | 1023.29 | 1025.07 | 1024.73 | 1023.82 | 1025.62 | 1023.71 | 1030.45 | 1022.17 | 1024.50 | 1026.19 | 1020.19 | 1028.47 | 1026.67 | 1024.43 | 1021.90 | 1020.71 | 1024.32 | 1027.84 | 1024.20 | 1023.14 | 1024.43 | 1026.15 | 1008.48 | 1022.92 | 1024.79 | 1027.51 | 1015.22 | 1024.07 | 1021.39 | 1025.88 | 1026.59 | 1022.59 | 1029.49 |
|       114 | 1028.31 | 1022.26 | 1011.19 | 1016.91 | 1022.04 | 1024.23 | 1020.10 | 1021.68 | 1021.72 | 1023.20 | 1024.04 | 1022.58 | 1021.16 | 1028.12 | 1019.31 | 1024.48 | 1024.19 | 1019.92 | 1026.83 | 1024.66 | 1022.53 | 1021.20 | 1018.59 | 1023.96 | 1024.39 | 1021.54 | 1021.50 | 1024.15 | 1023.72 | 1011.69 | 1020.20 | 1022.61 | 1024.54 | 1015.34 | 1024.86 | 1021.94 | 1026.33 | 1023.94 | 1020.68 | 1027.70 |
|       120 | 1027.74 | 1022.48 | 1009.56 | 1014.68 | 1018.72 | 1022.49 | 1018.26 | 1019.68 | 1019.21 | 1021.64 | 1023.60 | 1019.60 | 1018.07 | 1026.70 | 1018.88 | 1023.81 | 1022.16 | 1018.96 | 1025.63 | 1021.44 | 1021.82 | 1018.53 | 1017.34 | 1023.39 | 1021.79 | 1019.62 | 1020.16 | 1023.48 | 1022.54 | 1014.20 | 1019.40 | 1020.42 | 1022.95 | 1016.97 | 1025.28 | 1021.70 | 1025.97 | 1021.94 | 1019.05 | 1026.83 |
